##FastQC	0.8.0
>>Basic Statistics	pass
#Measure	Value	
Filename	1_140716_AH9BY4ADXX_P1260_1002_1.fastq.gz	
File type	Conventional base calls	
Total Sequences	1160378	
Sequence length	101	
%GC	37	
>>END_MODULE
>>Per base sequence quality	pass
#Base	Mean	Median	Lower Quartile	Upper Quartile	10th Percentile	90th Percentile
1	32.76361754531713	33.0	33.0	33.0	33.0	33.0
2	32.78583789075629	33.0	33.0	33.0	33.0	33.0
3	32.78650577656591	33.0	33.0	33.0	33.0	33.0
4	36.737916437574654	37.0	37.0	37.0	37.0	37.0
5	36.67257048996103	37.0	37.0	37.0	37.0	37.0
6	36.65434280898121	37.0	37.0	37.0	37.0	37.0
7	36.607346916263495	37.0	37.0	37.0	37.0	37.0
8	36.60234078894981	37.0	37.0	37.0	37.0	37.0
9	36.583047076039016	37.0	37.0	37.0	37.0	37.0
10	36.58109167874606	37.0	37.0	37.0	37.0	37.0
11	36.593022273776306	37.0	37.0	37.0	37.0	37.0
12	36.57726361582174	37.0	37.0	37.0	37.0	37.0
13	36.57373890232321	37.0	37.0	37.0	37.0	37.0
14	38.75025810554836	40.0	37.0	40.0	37.0	40.0
15	38.76761020977647	40.0	37.0	40.0	37.0	40.0
16	38.77962526004457	40.0	37.0	40.0	37.0	40.0
17	38.7688417050306	40.0	37.0	40.0	37.0	40.0
18	38.780892088612504	40.0	37.0	40.0	37.0	40.0
19	38.818035157509016	40.0	37.0	40.0	37.0	40.0
20	38.81481206986	40.0	37.0	40.0	37.0	40.0
21	38.79359398402934	40.0	37.0	40.0	37.0	40.0
22	38.805954611342166	40.0	37.0	40.0	37.0	40.0
23	38.79869576982673	40.0	37.0	40.0	37.0	40.0
24	38.78600593944387	40.0	37.0	40.0	37.0	40.0
25	38.76553330035557	40.0	37.0	40.0	37.0	40.0
26	38.7248982659099	40.0	37.0	40.0	37.0	40.0
27	38.710478826727154	40.0	37.0	40.0	37.0	40.0
28	38.723166933533726	40.0	37.0	40.0	37.0	40.0
29	38.71541601098952	40.0	37.0	40.0	37.0	40.0
30	38.6982173050506	40.0	37.0	40.0	37.0	40.0
31	38.69185903214297	40.0	37.0	40.0	37.0	40.0
32	38.67169836036188	40.0	37.0	40.0	37.0	40.0
33	38.65123520094314	40.0	37.0	40.0	37.0	40.0
34	38.64632731747758	40.0	37.0	40.0	37.0	40.0
35	38.634026153546515	40.0	37.0	40.0	37.0	40.0
36	38.6224764688748	40.0	37.0	40.0	37.0	40.0
37	38.60934367938724	40.0	37.0	40.0	37.0	40.0
38	38.59589461365176	40.0	37.0	40.0	37.0	40.0
39	38.57709470534601	40.0	37.0	40.0	37.0	40.0
40	38.57683530711544	40.0	37.0	40.0	37.0	40.0
41	38.55697970833642	40.0	37.0	40.0	37.0	40.0
42	38.53193700673401	40.0	37.0	40.0	37.0	40.0
43	38.538362499116666	40.0	37.0	40.0	37.0	40.0
44	38.51267690356074	40.0	37.0	40.0	37.0	40.0
45	38.487175730667076	40.0	37.0	40.0	37.0	40.0
46	38.49442423072482	40.0	37.0	40.0	37.0	40.0
47	38.46808539975766	40.0	37.0	40.0	37.0	40.0
48	38.44734215919295	40.0	37.0	40.0	37.0	40.0
49	38.43178688323977	40.0	37.0	40.0	37.0	40.0
50	38.39985763259903	40.0	37.0	40.0	37.0	40.0
51	38.35273936596523	40.0	37.0	40.0	37.0	40.0
52	38.32079460313794	40.0	37.0	40.0	37.0	40.0
53	38.29802443686454	40.0	37.0	40.0	37.0	40.0
54	38.24487020608802	40.0	37.0	40.0	37.0	40.0
55	38.184389914321024	40.0	37.0	40.0	37.0	40.0
56	38.144997578375325	40.0	37.0	40.0	37.0	40.0
57	38.09821627090483	40.0	37.0	40.0	37.0	40.0
58	38.044898300381426	40.0	37.0	40.0	37.0	40.0
59	37.9842697810541	40.0	37.0	40.0	33.0	40.0
60	37.93365006920159	40.0	37.0	40.0	33.0	40.0
61	37.83224345859711	40.0	37.0	40.0	33.0	40.0
62	37.757890101329046	40.0	37.0	40.0	33.0	40.0
63	37.68047136364185	40.0	37.0	40.0	33.0	40.0
64	37.58971990161827	40.0	37.0	40.0	33.0	40.0
65	37.478645751643	37.0	37.0	40.0	33.0	40.0
66	37.427856267526614	37.0	37.0	40.0	33.0	40.0
67	37.34027446228729	37.0	37.0	40.0	33.0	40.0
68	37.24961176444228	37.0	37.0	40.0	33.0	40.0
69	37.13110210638258	37.0	37.0	40.0	33.0	40.0
70	37.0082455889374	37.0	37.0	40.0	33.0	40.0
71	36.87100496562327	37.0	37.0	40.0	33.0	40.0
72	36.73562321933025	37.0	37.0	40.0	33.0	40.0
73	36.619831641068686	37.0	37.0	40.0	33.0	40.0
74	36.57724638005891	37.0	37.0	37.0	33.0	40.0
75	36.495224831908224	37.0	37.0	37.0	33.0	40.0
76	36.34413010243214	37.0	37.0	37.0	33.0	40.0
77	36.23492086199497	37.0	37.0	37.0	33.0	40.0
78	36.11974632404268	37.0	37.0	37.0	33.0	40.0
79	36.03491448476272	37.0	37.0	37.0	33.0	37.0
80	35.939966114490275	37.0	37.0	37.0	33.0	37.0
81	35.85065383866292	37.0	37.0	37.0	33.0	37.0
82	35.75308994138117	37.0	37.0	37.0	33.0	37.0
83	35.68415292258212	37.0	37.0	37.0	33.0	37.0
84	35.60816475320973	37.0	37.0	37.0	33.0	37.0
85	35.54397015455309	37.0	37.0	37.0	33.0	37.0
86	35.484484366301324	37.0	37.0	37.0	33.0	37.0
87	35.43131289976198	37.0	37.0	37.0	33.0	37.0
88	35.38862508596337	37.0	37.0	37.0	33.0	37.0
89	35.346350068684515	37.0	33.0	37.0	33.0	37.0
90	35.311366640870474	37.0	33.0	37.0	33.0	37.0
91	35.27560415657656	37.0	33.0	37.0	33.0	37.0
92	35.23930477827053	37.0	33.0	37.0	33.0	37.0
93	35.18646596195378	37.0	33.0	37.0	33.0	37.0
94	35.16548745322645	37.0	33.0	37.0	33.0	37.0
95	35.13310145487074	37.0	33.0	37.0	33.0	37.0
96	35.104185877360656	37.0	33.0	37.0	33.0	37.0
97	35.08782913843592	37.0	33.0	37.0	33.0	37.0
98	35.04650984420594	37.0	33.0	37.0	33.0	37.0
99	35.00718903667598	37.0	33.0	37.0	33.0	37.0
100	34.9690549114168	37.0	33.0	37.0	33.0	37.0
101	34.56917142517352	37.0	33.0	37.0	33.0	37.0
>>END_MODULE
>>Per sequence quality scores	pass
#Quality	Count
7	6.0
8	17.0
9	34.0
10	53.0
11	104.0
12	160.0
13	157.0
14	201.0
15	222.0
16	249.0
17	274.0
18	303.0
19	409.0
20	430.0
21	566.0
22	694.0
23	1020.0
24	1274.0
25	1805.0
26	2620.0
27	3755.0
28	5177.0
29	6926.0
30	9794.0
31	13376.0
32	18632.0
33	26083.0
34	38073.0
35	55580.0
36	93112.0
37	270948.0
38	604243.0
39	4081.0
>>END_MODULE
>>Per base sequence content	fail
#Base	G	A	T	C
1	385324	329237	183039	262431
2	141435	278443	519957	220543
3	144345	384665	395438	235930
4	117348	244941	532297	265792
5	116141	467134	462094	114845
6	262691	532479	244466	120742
7	233729	408920	360908	156821
8	211777	476058	292085	180458
9	251656	208181	324020	376521
10	150516	345875	440589	223398
11	304722	338736	342554	174366
12	195991	337633	422971	203783
13	258108	307861	364860	229549
14	204346	292087	371132	292813
15	224744	403493	310226	221915
16	211292	397596	344681	206809
17	201996	379661	372943	205772
18	206369	380955	369221	203703
19	214350	374701	367755	203572
20	213685	369391	366121	211181
21	210684	366037	369405	214252
22	214041	364159	368482	213696
23	211398	367991	366494	214495
24	211336	372129	365752	211161
25	213277	367106	367253	212742
26	211725	368248	365167	215238
27	212661	371818	364445	211450
28	215002	367490	366560	211319
29	213834	367280	364883	214368
30	215451	367896	364772	212247
31	216940	363518	365261	214625
32	214343	364339	364234	217414
33	215364	367516	361669	215774
34	216266	366361	363154	214533
35	214868	366103	363412	215902
36	213452	368093	363072	215648
37	214784	365929	366917	212621
38	213654	366285	366756	213546
39	215018	367915	364526	212800
40	216089	365016	366836	212307
41	215688	363502	364991	216048
42	216811	365252	363819	214352
43	218466	360708	364047	217003
44	216453	363244	361538	218986
45	216725	366728	360304	216464
46	216236	364283	364115	215582
47	213318	365373	364814	216737
48	214516	367173	364427	214125
49	215225	364380	366923	213703
50	213896	364884	365377	216096
51	214378	364829	365838	215216
52	217465	360478	365585	216729
53	215982	361266	363574	219430
54	216732	364674	361144	217728
55	219699	362404	360168	218001
56	216552	364143	360379	219217
57	214478	365308	362495	217989
58	216202	362135	364263	217691
59	212628	363308	365507	218845
60	214975	366537	363741	215024
61	216622	361790	365928	215920
62	216067	360704	364352	219168
63	215229	362792	362525	219748
64	218779	359862	362300	219372
65	216798	362738	358685	222096
66	217017	365137	359421	218746
67	216476	362549	362518	218773
68	214505	362788	362151	220869
69	214688	364641	363221	217769
70	215162	362931	364705	217531
71	213079	362410	365233	219598
72	216105	363913	362599	217686
73	219043	358981	364013	218278
74	216261	360249	361134	222679
75	218070	361551	358922	221758
76	219920	361478	359096	219824
77	216581	362603	358580	222544
78	215469	363957	360580	220301
79	216216	362211	363295	218581
80	214087	361460	363315	221446
81	216125	363720	360713	219749
82	217104	362552	362477	218169
83	216555	359339	362272	222144
84	216462	362348	360369	221133
85	219562	357583	361502	221648
86	216354	361347	358846	223786
87	218469	362899	357872	221066
88	217994	360965	360795	220536
89	213440	362171	362047	222635
90	214413	363598	360498	221777
91	216903	360455	363111	219830
92	216764	361179	360995	221361
93	217065	360938	360572	221735
94	218226	358046	361976	222068
95	216533	358285	360912	224610
96	218795	361807	358379	221356
97	220000	359262	357872	223200
98	216970	359883	358679	224808
99	216583	362160	359117	222479
100	217114	359774	361295	222144
101	215247	360110	361492	223521
>>END_MODULE
>>Per base GC content	fail
#Base	%GC
1	55.83945601453755
2	31.194834786595404
3	32.7716485490073
4	33.018550851532865
5	19.908913355639562
6	33.04380124407736
7	33.65713586434765
8	33.80234716618206
9	54.13554893319245
10	32.22346511223067
11	41.287235711121724
12	34.45204924602155
13	42.02570196953062
14	42.84457306153684
15	38.49254294721203
16	36.03144837285781
17	35.141144391626135
18	35.34347829084816
19	36.01602236512585
20	36.61444805054905
21	36.6204805675392
22	36.861867425959474
23	36.702953692676004
24	36.41029043983943
25	36.71381222325829
26	36.79516502381121
27	36.54950903760339
28	36.74005986016542
29	36.90235400068082
30	36.85888762683498
31	37.19284970663872
32	37.20984547499418
33	37.15672274013357
34	37.127794717636775
35	37.126223298586126
36	36.982930623607544
37	36.83728779376187
38	36.81993654766553
39	36.872629300871615
40	36.92279581606691
41	37.2112746707762
42	37.1617277204426
43	37.53318324737292
44	37.53069458318717
45	37.33676601268206
46	37.21875926551608
47	37.065974167458165
48	36.94413488232186
49	36.96918975617787
50	37.06019290620235
51	37.02563474942276
52	37.42222628262532
53	37.52736474490025
54	37.4444745138665
55	37.72391301350028
56	37.55687150895767
57	37.272962327734064
58	37.39518793130344
59	37.18671571196116
60	37.06002963085539
61	37.27974764276972
62	37.51084857160833
63	37.488515841674605
64	37.76144885043949
65	37.82535289925081
66	37.5553833809782
67	37.511246936179454
68	37.52211687708403
69	37.27052646729046
70	37.290544319757586
71	37.289454633204635
72	37.38601037832359
73	37.68985146274934
74	37.82912171869385
75	37.90637084687508
76	37.898576080005654
77	37.84555480096664
78	37.55643980429318
79	37.47271186922726
80	37.53598182551529
81	37.56540294939184
82	37.513767967305064
83	37.80877524109936
84	37.71356324850557
85	38.02567450519049
86	37.93221428676078
87	37.88095554103831
88	37.794861629420225
89	37.583179421060024
90	37.593317509648486
91	37.639694595961906
92	37.75966367289811
93	37.817479811429706
94	37.946042285032696
95	38.01842563386594
96	37.933031524462294
97	38.195898767079136
98	38.073150972990675
99	37.839114258850216
100	37.85639737763579
101	37.812766617544405
>>END_MODULE
>>Per sequence GC content	pass
#GC Content	Count
0	0.0
1	0.0
2	0.0
3	0.0
4	0.0
5	0.0
6	3.5
7	4.5
8	6.0
9	12.0
10	20.0
11	26.5
12	36.5
13	65.0
14	110.0
15	180.5
16	258.0
17	379.0
18	567.0
19	889.5
20	1426.0
21	2175.0
22	3269.5
23	4796.5
24	7172.5
25	10521.5
26	14867.0
27	20306.0
28	26843.0
29	34104.0
30	41855.5
31	49614.0
32	56881.0
33	63343.5
34	68789.0
35	72443.0
36	73835.0
37	73432.5
38	70834.0
39	66909.0
40	61453.5
41	55202.5
42	49398.5
43	42947.5
44	36194.5
45	29887.5
46	24691.0
47	20560.0
48	17008.5
49	13852.5
50	10929.5
51	8393.5
52	6405.0
53	4701.5
54	3302.5
55	2492.5
56	1922.5
57	1409.0
58	1018.0
59	735.5
60	489.0
61	376.0
62	307.5
63	239.0
64	184.5
65	121.0
66	66.5
67	38.0
68	23.0
69	16.5
70	12.0
71	7.5
72	6.0
73	4.0
74	2.0
75	2.5
76	1.5
77	0.5
78	0.0
79	0.0
80	0.0
81	0.0
82	0.0
83	0.0
84	0.0
85	0.0
86	0.0
87	0.0
88	0.0
89	0.0
90	0.0
91	0.0
92	0.0
93	0.0
94	0.0
95	0.0
96	0.0
97	0.0
98	0.0
99	0.0
100	0.0
>>END_MODULE
>>Per base N content	pass
#Base	N-Count
1	0.029904048508330908
2	0.0
3	0.0
4	0.0
5	0.014133325519787517
6	0.0
7	0.0
8	0.0
9	0.0
10	0.0
11	0.0
12	0.0
13	0.0
14	0.0
15	0.0
16	0.0
17	5.17072884870275E-4
18	0.01120324583885596
19	0.0
20	0.0
21	0.0
22	0.0
23	0.0
24	0.0
25	0.0
26	0.0
27	3.4471525658018336E-4
28	6.03251699015321E-4
29	0.001120324583885596
30	0.00103414576974055
31	0.0029300796809315585
32	0.0041365830789622
33	0.004739834777977521
34	0.005515444105282934
35	0.008014629715489262
36	0.00973820599839018
37	0.010944709396420822
38	0.01180649753787128
39	0.010255278883260454
40	0.01120324583885596
41	0.01284064330761183
42	0.012409749236886602
43	0.01327153737833706
44	0.013530073820772195
45	0.013530073820772195
46	0.013960967891497424
47	0.011720318723726234
48	0.01180649753787128
49	0.012668285679321737
50	0.01077235176813073
51	0.010082921254970364
52	0.010427636511550546
53	0.010858530582275776
54	0.008617881414504584
55	0.009134954299374859
56	0.0074975568306189875
57	0.00930731192766495
58	0.0074975568306189875
59	0.007756093273054125
60	0.008704060228649628
61	0.010169100069115408
62	0.0074975568306189875
63	0.00723902038818385
64	0.00560162291942798
65	0.0052569076628477965
66	0.0049121924062676126
67	0.005343086476992841
68	0.00560162291942798
69	0.005084550034557704
70	0.004222761893107246
71	0.004998371220412658
72	0.006463411060878438
73	0.005429265291137888
74	0.004739834777977521
75	0.00663576868916853
76	0.005170728848702751
77	0.0060325169901532085
78	0.006118695804298254
79	0.006463411060878438
80	0.0060325169901532085
81	0.006118695804298254
82	0.006549589875023483
83	0.005860159361863117
84	0.005687801733573025
85	0.007152841574038805
86	0.0038780466365270624
87	0.006204874618443301
88	0.007583735644764034
89	0.007325199202328896
90	0.007928450901344218
91	0.006808126317458621
92	0.006808126317458621
93	0.005860159361863117
94	0.005343086476992841
95	0.0032747949375117416
96	0.0035333313799468793
97	0.003791867822382017
98	0.0032747949375117416
99	0.003360973751656788
100	0.004395119521397338
101	6.894305131603667E-4
>>END_MODULE
>>Sequence Length Distribution	pass
#Length	Count
101	1160378.0
>>END_MODULE
>>Sequence Duplication Levels	warn
#Total Duplicate Percentage	23.687583686344773
#Duplication Level	Relative count
1	100.0
2	17.32875429285045
3	3.901966906025601
4	1.1757727130814861
5	0.5644708086169217
6	0.35591632844208554
7	0.2653762098033094
8	0.19731501717140182
9	0.15048392132375898
10++	0.9428660630658757
>>END_MODULE
>>Overrepresented sequences	pass
>>END_MODULE
>>Kmer Content	warn
#Sequence	Count	Obs/Exp Overall	Obs/Exp Max	Max Obs/Exp Position
TCCAA	206775	1.7143924	5.213456	2
ATACC	129975	1.077636	5.6512284	6
GTATT	200400	1.0017453	6.27202	1
AATAC	196770	0.97649413	5.3953695	5
TATTA	293710	0.868694	5.44873	2
TATAC	171610	0.8498118	6.0850244	5
ATACT	167430	0.8291125	5.5478315	6
GTATA	148140	0.7421003	6.749551	1
>>END_MODULE
