##FastQC	0.8.0
>>Basic Statistics	pass
#Measure	Value	
Filename	8_140619_BC47HDACXX_P1260_1018_1.fastq.gz	
File type	Conventional base calls	
Total Sequences	3662396	
Sequence length	101	
%GC	39	
>>END_MODULE
>>Per base sequence quality	pass
#Base	Mean	Median	Lower Quartile	Upper Quartile	10th Percentile	90th Percentile
1	32.737237316772955	33.0	33.0	33.0	33.0	33.0
2	32.79117359236959	33.0	33.0	33.0	33.0	33.0
3	32.79083255879485	33.0	33.0	33.0	33.0	33.0
4	36.74422017717363	37.0	37.0	37.0	37.0	37.0
5	36.65893475200388	37.0	37.0	37.0	37.0	37.0
6	36.63948136684291	37.0	37.0	37.0	37.0	37.0
7	36.60907777312994	37.0	37.0	37.0	37.0	37.0
8	36.6040594736342	37.0	37.0	37.0	37.0	37.0
9	36.57028677401352	37.0	37.0	37.0	37.0	37.0
10	36.57670579587789	37.0	37.0	37.0	37.0	37.0
11	36.59906028730918	37.0	37.0	37.0	37.0	37.0
12	36.56069005099394	37.0	37.0	37.0	37.0	37.0
13	36.570484731853135	37.0	37.0	37.0	37.0	37.0
14	38.727441543732574	40.0	37.0	40.0	37.0	40.0
15	38.74569707917986	40.0	37.0	40.0	37.0	40.0
16	38.73279432371595	40.0	37.0	40.0	37.0	40.0
17	38.724989323928924	40.0	37.0	40.0	37.0	40.0
18	38.72633024937773	40.0	37.0	40.0	37.0	40.0
19	38.760884404635654	40.0	37.0	40.0	37.0	40.0
20	38.73558976145671	40.0	37.0	40.0	37.0	40.0
21	38.7131194988199	40.0	37.0	40.0	37.0	40.0
22	38.675381362364966	40.0	37.0	40.0	37.0	40.0
23	38.65195762555442	40.0	37.0	40.0	37.0	40.0
24	38.646161966100884	40.0	37.0	40.0	37.0	40.0
25	38.604798334205256	40.0	37.0	40.0	37.0	40.0
26	38.55817475772691	40.0	37.0	40.0	37.0	40.0
27	38.53385898193423	40.0	37.0	40.0	37.0	40.0
28	38.526094665896316	40.0	37.0	40.0	37.0	40.0
29	38.501554719915596	40.0	37.0	40.0	37.0	40.0
30	38.490503211558774	40.0	37.0	40.0	37.0	40.0
31	38.45985360403408	40.0	37.0	40.0	37.0	40.0
32	38.441865379931606	40.0	37.0	40.0	37.0	40.0
33	38.40894348945335	40.0	37.0	40.0	37.0	40.0
34	38.39287832337082	40.0	37.0	40.0	37.0	40.0
35	38.35690924738887	40.0	37.0	40.0	37.0	40.0
36	38.30778648731595	40.0	37.0	40.0	37.0	40.0
37	38.40051731161786	40.0	37.0	40.0	37.0	40.0
38	38.41845502234057	40.0	37.0	40.0	37.0	40.0
39	38.40238002662738	40.0	37.0	40.0	37.0	40.0
40	38.367182030561416	40.0	37.0	40.0	37.0	40.0
41	38.355679724420845	40.0	37.0	40.0	37.0	40.0
42	38.348996394709914	40.0	37.0	40.0	37.0	40.0
43	38.29962789387057	40.0	37.0	40.0	37.0	40.0
44	38.26579485123946	40.0	37.0	40.0	37.0	40.0
45	38.24434441278333	40.0	37.0	40.0	37.0	40.0
46	38.200621942575296	40.0	37.0	40.0	37.0	40.0
47	38.17057740342661	40.0	37.0	40.0	37.0	40.0
48	38.12894973672972	40.0	37.0	40.0	37.0	40.0
49	38.086585666869446	40.0	37.0	40.0	37.0	40.0
50	38.11662665642929	40.0	37.0	40.0	37.0	40.0
51	38.10605570779348	40.0	37.0	40.0	37.0	40.0
52	38.06012457418586	40.0	37.0	40.0	37.0	40.0
53	38.012162802711664	40.0	37.0	40.0	37.0	40.0
54	37.94953686056888	40.0	37.0	40.0	33.0	40.0
55	37.87914523716168	40.0	37.0	40.0	33.0	40.0
56	37.80092813557027	40.0	37.0	40.0	33.0	40.0
57	37.7145297777739	40.0	37.0	40.0	33.0	40.0
58	37.62271583957606	40.0	37.0	40.0	33.0	40.0
59	37.544138045148586	40.0	37.0	40.0	33.0	40.0
60	37.44404510052982	40.0	37.0	40.0	33.0	40.0
61	37.3669354706591	37.0	37.0	40.0	33.0	40.0
62	37.232739714656745	37.0	37.0	40.0	33.0	40.0
63	37.11468803482747	37.0	37.0	40.0	33.0	40.0
64	37.00061790150492	37.0	37.0	40.0	33.0	40.0
65	36.87434837740103	37.0	37.0	40.0	33.0	40.0
66	36.76291121986809	37.0	37.0	40.0	33.0	40.0
67	36.62800445391487	37.0	37.0	40.0	33.0	40.0
68	36.50101463632005	37.0	37.0	40.0	33.0	40.0
69	36.34305383688711	37.0	37.0	40.0	33.0	40.0
70	36.21308727947497	37.0	37.0	37.0	33.0	40.0
71	36.08315157618127	37.0	37.0	37.0	33.0	40.0
72	35.93264873596411	37.0	37.0	37.0	33.0	40.0
73	35.80339564591049	37.0	37.0	37.0	33.0	40.0
74	35.63136973718844	37.0	37.0	37.0	33.0	40.0
75	35.50403178684118	37.0	37.0	37.0	33.0	40.0
76	33.85564095198881	33.0	33.0	37.0	27.0	37.0
77	34.503960795064216	37.0	33.0	37.0	33.0	37.0
78	34.95467529999487	37.0	33.0	37.0	33.0	37.0
79	35.101150995140884	37.0	33.0	37.0	33.0	37.0
80	35.09112449882536	37.0	33.0	37.0	33.0	37.0
81	35.037194503270534	37.0	33.0	37.0	33.0	37.0
82	34.95858148599987	37.0	33.0	37.0	33.0	37.0
83	34.88800664919905	37.0	33.0	37.0	33.0	37.0
84	34.83486384323268	37.0	33.0	37.0	33.0	37.0
85	34.76362605245309	37.0	33.0	37.0	33.0	37.0
86	34.700397772387255	37.0	33.0	37.0	33.0	37.0
87	34.623160630363294	37.0	33.0	37.0	33.0	37.0
88	34.539116469109295	37.0	33.0	37.0	33.0	37.0
89	34.488421514221834	37.0	33.0	37.0	33.0	37.0
90	34.431918066751926	37.0	33.0	37.0	33.0	37.0
91	34.352673222666255	37.0	33.0	37.0	33.0	37.0
92	34.29597290953791	37.0	33.0	37.0	33.0	37.0
93	34.262240620621036	37.0	33.0	37.0	33.0	37.0
94	34.20661310246079	37.0	33.0	37.0	33.0	37.0
95	34.143207342952536	37.0	33.0	37.0	33.0	37.0
96	34.07133799840323	37.0	33.0	37.0	33.0	37.0
97	33.97379202030583	37.0	33.0	37.0	33.0	37.0
98	33.884392621660794	37.0	33.0	37.0	33.0	37.0
99	33.8112705452933	37.0	33.0	37.0	27.0	37.0
100	33.72716331057592	37.0	33.0	37.0	27.0	37.0
101	32.74394167097168	33.0	33.0	37.0	27.0	37.0
>>END_MODULE
>>Per sequence quality scores	pass
#Quality	Count
3	2.0
4	1.0
5	5.0
6	4.0
7	30.0
8	67.0
9	206.0
10	405.0
11	561.0
12	767.0
13	972.0
14	1170.0
15	1475.0
16	1748.0
17	1991.0
18	2343.0
19	2678.0
20	3084.0
21	3677.0
22	4368.0
23	5323.0
24	6969.0
25	9234.0
26	12232.0
27	16676.0
28	22389.0
29	29422.0
30	39623.0
31	53287.0
32	71566.0
33	99852.0
34	142693.0
35	216845.0
36	404752.0
37	1231347.0
38	1273588.0
39	1044.0
>>END_MODULE
>>Per base sequence content	fail
#Base	G	A	T	C
1	1279029	950680	578474	852782
2	461069	833600	1628693	739034
3	525703	1132662	1219750	783937
4	402689	741903	1621843	895663
5	389825	1448584	1443326	380661
6	893837	1608481	752780	407295
7	781338	1256512	1071889	552657
8	721967	1475836	883451	581141
9	831708	668744	947523	1214421
10	501411	1084457	1333781	742747
11	1048492	1006987	1036847	570070
12	667505	1001867	1297722	695302
13	863374	909520	1118441	771061
14	673399	870361	1130304	988332
15	744935	1206169	952800	758492
16	710314	1207532	1046315	698235
17	672186	1173274	1133357	683579
18	686699	1168410	1134578	672709
19	709424	1149481	1126484	677007
20	705973	1131663	1126580	698180
21	713333	1120616	1123621	704826
22	714521	1109622	1124348	713905
23	704677	1118691	1125372	713643
24	710184	1127164	1113424	711611
25	710405	1113665	1125189	713121
26	706640	1118649	1121317	715785
27	714570	1126619	1115427	705748
28	713381	1118855	1120140	709966
29	712117	1123414	1115549	711276
30	719436	1125943	1109997	706974
31	720210	1113625	1114282	714235
32	708027	1116157	1113421	724740
33	717684	1116752	1109825	718000
34	719896	1107137	1117595	717667
35	714620	1115432	1114583	717748
36	721573	1116873	1115341	708608
37	716995	1114741	1115483	715177
38	714305	1115572	1115960	716559
39	717443	1120656	1113036	711243
40	720043	1113213	1115738	713402
41	714721	1115431	1119751	712493
42	716411	1120586	1113107	712292
43	723361	1107786	1112129	719120
44	716485	1104246	1112108	729557
45	719298	1116334	1108688	718076
46	719661	1108401	1114863	719471
47	712029	1112545	1116849	720971
48	713280	1118079	1112670	718367
49	716950	1108585	1122496	714365
50	710119	1108076	1120614	723586
51	717823	1114621	1114574	715378
52	719684	1106529	1115180	721003
53	713315	1112658	1113328	723095
54	721905	1112933	1109528	718030
55	718853	1107530	1115712	720301
56	717129	1102853	1114178	728236
57	716374	1112407	1112688	720927
58	716821	1103682	1114848	727045
59	714902	1104114	1117706	725674
60	715817	1112831	1113354	720394
61	718890	1104043	1114374	725089
62	718303	1104561	1113197	726335
63	716035	1113109	1111017	722235
64	717868	1102512	1113743	728273
65	713416	1107025	1113806	728149
66	716957	1111902	1108923	724386
67	719927	1101796	1110708	729827
68	710495	1107858	1109442	734383
69	726027	1110359	1101516	724206
70	721467	1099890	1113058	727952
71	715063	1106869	1114317	726070
72	718909	1113773	1106697	722877
73	721386	1104807	1107308	728853
74	715851	1106491	1108333	731500
75	718494	1113033	1106722	724082
76	721616	1107810	1106825	726105
77	714389	1108962	1110247	728796
78	721009	1112493	1102561	726162
79	717209	1109215	1108225	727732
80	715651	1103906	1107942	734732
81	722543	1114600	1103192	722001
82	719012	1103258	1109705	730254
83	715317	1105038	1108134	733903
84	717193	1116633	1101635	726813
85	721402	1099622	1109947	731041
86	718836	1106981	1105420	731045
87	720256	1113971	1102124	725694
88	722334	1100636	1108374	730115
89	713330	1106252	1106013	735580
90	716970	1106204	1105171	732815
91	722062	1101347	1107779	729478
92	716035	1102659	1107634	734788
93	723430	1109706	1099196	729272
94	720682	1101419	1109063	729968
95	715715	1101701	1105267	738195
96	721854	1107612	1101517	730390
97	719484	1099429	1103239	739056
98	719070	1101960	1101812	738670
99	719363	1107843	1100859	733163
100	724518	1100319	1106096	730579
101	717413	1104434	1100904	739215
>>END_MODULE
>>Per base GC content	fail
#Base	%GC
1	58.230848970148585
2	32.768247890179
3	35.76246323099726
4	35.453775404153575
5	21.037757795716246
6	35.52682631274142
7	36.424105967787206
8	35.58076067709791
9	55.86858985210774
10	33.97114894184026
11	44.19407404333119
12	37.210804074709564
13	44.627478841720006
14	45.37278328176418
15	41.05036702748692
16	38.45976786781113
17	37.01852557724506
18	37.11799597858888
19	37.85584628205142
20	38.33973715567623
21	38.7221643972962
22	39.00250000273045
23	38.72669789041725
24	38.821581467585446
25	38.86887761510275
26	38.83869854420241
27	38.78145372770156
28	38.86439333082492
29	38.86550078692514
30	38.94794326047483
31	39.167316522278576
32	39.1215737457831
33	39.202121312489744
34	39.2530639940256
35	39.11027328381548
36	39.050430114720015
37	39.10478277062339
38	39.06906844590263
39	39.00979090634555
40	39.13954143680803
41	38.96940691285158
42	39.01006335743049
43	39.386265166300966
44	39.483496596217336
45	39.246820933618324
46	39.294822296660435
47	39.12741228824643
48	39.0904478925818
49	39.081382788753594
50	39.14665130331382
51	39.1328791315849
52	39.33728084019314
53	39.220499367081004
54	39.316747833931665
55	39.2954229963117
56	39.465011429676096
57	39.244827702957295
58	39.424081939801155
59	39.3342500374072
60	39.21506576569
61	39.4271673516463
62	39.44516103665469
63	39.27128579214263
64	39.48619974464804
65	39.3612542171846
66	39.357642795196725
67	39.586342633424515
68	39.45406258243045
69	39.60104398887198
70	39.57601736800272
71	39.35028598000338
72	39.36879344316727
73	39.598547819244125
74	39.52162307918109
75	39.38955818029555
76	39.5297726381597
77	39.40550907411928
78	39.51616844950816
79	39.45359589840598
80	39.603809808829645
81	39.44324059835034
82	39.57333088673592
83	39.57031360924773
84	39.42921802137142
85	39.66243147209785
86	39.58955099579989
87	39.48476875625504
88	39.668585664894785
89	39.57499982928977
90	39.599061499634
91	39.6523474143776
92	39.62788941951034
93	39.673924323875546
94	39.622990921933436
95	39.7147897307695
96	39.66391842622972
97	39.83767106375819
98	39.81251461145013
99	39.67319161767582
100	39.740331316680106
101	39.77721256833078
>>END_MODULE
>>Per sequence GC content	pass
#GC Content	Count
0	8.0
1	15.5
2	20.0
3	34.5
4	43.5
5	44.0
6	46.5
7	45.5
8	54.5
9	75.5
10	87.0
11	87.5
12	106.0
13	149.0
14	209.0
15	281.5
16	356.0
17	516.5
18	796.5
19	1196.5
20	1860.5
21	2760.0
22	4024.5
23	6024.0
24	9277.5
25	14259.5
26	21515.5
27	30825.0
28	42924.5
29	58975.5
30	79447.0
31	102979.5
32	128315.0
33	153954.5
34	178500.5
35	199955.0
36	216451.0
37	229286.0
38	237347.5
39	237164.0
40	229506.5
41	217618.5
42	201822.5
43	183827.5
44	162174.0
45	137953.0
46	116509.5
47	97483.5
48	80592.5
49	66745.5
50	55219.0
51	42943.5
52	31841.0
53	22954.0
54	16073.5
55	11803.0
56	8201.0
57	5631.5
58	3806.0
59	2914.0
60	2057.5
61	1326.5
62	1178.5
63	793.0
64	450.5
65	327.0
66	213.0
67	135.0
68	90.0
69	65.5
70	40.0
71	21.5
72	15.0
73	12.5
74	6.5
75	5.5
76	6.0
77	3.0
78	3.0
79	2.0
80	1.0
81	1.5
82	0.5
83	0.5
84	0.5
85	0.0
86	0.0
87	0.0
88	0.0
89	0.0
90	0.0
91	0.0
92	0.0
93	0.0
94	0.0
95	0.0
96	0.0
97	0.0
98	0.0
99	0.0
100	0.0
>>END_MODULE
>>Per base N content	pass
#Base	N-Count
1	0.03907278186192864
2	0.0
3	0.009392758183440568
4	0.00813674982170142
5	0.0
6	8.191358880907471E-5
7	0.0
8	2.7304529603024905E-5
9	0.0
10	0.0
11	0.0
12	0.0
13	0.0
14	0.0
15	0.0
16	0.0
17	0.0
18	0.0
19	0.0
20	0.0
21	0.0
22	0.0
23	3.5495888483932377E-4
24	3.5495888483932377E-4
25	4.368724736483985E-4
26	1.3652264801512453E-4
27	8.73744947296797E-4
28	0.0014744445985633448
29	0.0010921811841209962
30	0.0012560083617391457
31	0.001201399302533096
32	0.0013925310097542701
33	0.003686111496408362
34	0.0027577574899055155
35	3.5495888483932377E-4
36	2.7304529603024905E-5
37	0.0
38	0.0
39	4.914815328544483E-4
40	0.0
41	0.0
42	0.0
43	0.0
44	0.0
45	0.0
46	0.0
47	5.460905920604981E-5
48	0.0
49	0.0
50	2.7304529603024905E-5
51	0.0
52	0.0
53	0.0
54	0.0
55	0.0
56	0.0
57	0.0
58	0.0
59	0.0
60	0.0
61	0.0
62	0.0
63	0.0
64	0.0
65	0.0
66	0.006225432749489678
67	0.003768025085217437
68	0.005952387453459429
69	0.007863704525671172
70	7.918313584877224E-4
71	0.0021024487794329178
72	0.0038226341444234867
73	0.001146790243327046
74	0.006034301042268504
75	0.0017747944241966187
76	0.0010921811841209962
77	5.460905920604981E-5
78	0.004669074562117259
79	4.0956794404537356E-4
80	0.004505247384499109
81	0.0016382717761814942
82	0.004559856443705159
83	1.0921811841209962E-4
84	0.003331152611569038
85	0.010484939367561563
86	0.003112716374744839
87	0.009583889890661742
88	0.025584344238034337
89	0.03333883064529341
90	0.033748398589338785
91	0.04723683621323309
92	0.03494979789187188
93	0.021625187445595724
94	0.03451292541822348
95	0.0414482759373918
96	0.02793253378389448
97	0.03243778116839359
98	0.024137204169074018
99	0.03189169057633309
100	0.024137204169074018
101	0.01174094772930071
>>END_MODULE
>>Sequence Length Distribution	pass
#Length	Count
101	3662396.0
>>END_MODULE
>>Sequence Duplication Levels	warn
#Total Duplicate Percentage	42.16261879619852
#Duplication Level	Relative count
1	100.0
2	31.984712383456266
3	12.85165980995967
4	5.801828996161867
5	2.8668338242573252
6	1.5636537728117368
7	0.9372185301492246
8	0.6597044718712725
9	0.48280954583444907
10++	5.1405016350608985
>>END_MODULE
>>Overrepresented sequences	pass
>>END_MODULE
>>Kmer Content	warn
#Sequence	Count	Obs/Exp Overall	Obs/Exp Max	Max Obs/Exp Position
TACTG	372715	0.979403	5.074299	7
GTATT	536510	0.9133417	5.9111967	1
TATAC	483045	0.82016516	6.23064	5
ATACT	457985	0.77761567	5.1629963	6
TATTA	668120	0.73491836	5.028053	2
GTATA	421070	0.72093374	7.1236305	1
>>END_MODULE
