##FastQC	0.8.0
>>Basic Statistics	pass
#Measure	Value	
Filename	8_140619_BC47HDACXX_P1260_1016_2.fastq.gz	
File type	Conventional base calls	
Total Sequences	3919163	
Sequence length	101	
%GC	37	
>>END_MODULE
>>Per base sequence quality	pass
#Base	Mean	Median	Lower Quartile	Upper Quartile	10th Percentile	90th Percentile
1	32.06877641986312	33.0	33.0	33.0	33.0	33.0
2	32.069280864307	33.0	33.0	33.0	33.0	33.0
3	32.0524522710589	33.0	33.0	33.0	33.0	33.0
4	35.91497266125446	37.0	37.0	37.0	33.0	37.0
5	35.94090600467498	37.0	37.0	37.0	33.0	37.0
6	35.994033675047454	37.0	37.0	37.0	37.0	37.0
7	35.95603244876521	37.0	37.0	37.0	33.0	37.0
8	35.97453308270159	37.0	37.0	37.0	33.0	37.0
9	35.99296227281182	37.0	37.0	37.0	33.0	37.0
10	35.957698620853485	37.0	37.0	37.0	33.0	37.0
11	35.99576720845752	37.0	37.0	37.0	33.0	37.0
12	35.955937530539046	37.0	37.0	37.0	33.0	37.0
13	35.960751058325464	37.0	37.0	37.0	33.0	37.0
14	37.97648681619009	40.0	37.0	40.0	33.0	40.0
15	37.996990173667186	40.0	37.0	40.0	33.0	40.0
16	37.98535580173624	40.0	37.0	40.0	33.0	40.0
17	37.94297430344183	40.0	37.0	40.0	33.0	40.0
18	37.9380977519945	40.0	37.0	40.0	33.0	40.0
19	37.97418020123174	40.0	37.0	40.0	33.0	40.0
20	37.94560394655696	40.0	37.0	40.0	33.0	40.0
21	37.90293565233189	40.0	37.0	40.0	33.0	40.0
22	37.84426904418112	40.0	37.0	40.0	33.0	40.0
23	37.81504877444495	40.0	37.0	40.0	33.0	40.0
24	37.76476048584863	40.0	37.0	40.0	33.0	40.0
25	37.71131004247591	40.0	37.0	40.0	33.0	40.0
26	37.66020142566155	40.0	37.0	40.0	33.0	40.0
27	37.63405221982347	40.0	37.0	40.0	33.0	40.0
28	37.597247167316084	40.0	37.0	40.0	33.0	40.0
29	37.54502581290954	40.0	37.0	40.0	33.0	40.0
30	37.539421044748586	40.0	37.0	40.0	33.0	40.0
31	37.502631046476	40.0	37.0	40.0	33.0	40.0
32	37.50598814083517	40.0	37.0	40.0	33.0	40.0
33	37.49633659023623	40.0	37.0	40.0	33.0	40.0
34	37.48341291239992	40.0	37.0	40.0	33.0	40.0
35	37.47626623337687	40.0	37.0	40.0	33.0	40.0
36	37.4494148367904	40.0	37.0	40.0	33.0	40.0
37	37.431496214880575	40.0	37.0	40.0	33.0	40.0
38	37.39192271411013	40.0	37.0	40.0	33.0	40.0
39	37.36070865131152	40.0	37.0	40.0	33.0	40.0
40	37.34199649261845	40.0	37.0	40.0	33.0	40.0
41	37.25012866267619	40.0	37.0	40.0	33.0	40.0
42	37.2389903150239	40.0	37.0	40.0	33.0	40.0
43	37.20771526981654	40.0	37.0	40.0	33.0	40.0
44	37.19037661868108	40.0	37.0	40.0	33.0	40.0
45	37.14638788945497	40.0	37.0	40.0	33.0	40.0
46	37.08887816097468	40.0	37.0	40.0	33.0	40.0
47	37.007312275605784	40.0	37.0	40.0	33.0	40.0
48	36.94475146861715	40.0	37.0	40.0	33.0	40.0
49	36.869243764548706	40.0	37.0	40.0	33.0	40.0
50	36.75586879137204	40.0	37.0	40.0	33.0	40.0
51	35.24548455882034	37.0	37.0	37.0	33.0	40.0
52	35.74542089726812	37.0	37.0	40.0	33.0	40.0
53	36.251532023546865	37.0	37.0	40.0	33.0	40.0
54	36.44638561856192	37.0	37.0	40.0	33.0	40.0
55	36.50381880008563	37.0	37.0	40.0	33.0	40.0
56	36.47648719892487	37.0	37.0	40.0	33.0	40.0
57	36.68391031452379	40.0	37.0	40.0	33.0	40.0
58	36.73146179426576	40.0	37.0	40.0	33.0	40.0
59	36.712562605842116	40.0	37.0	40.0	33.0	40.0
60	36.66450974353452	40.0	37.0	40.0	33.0	40.0
61	36.59891793222175	40.0	37.0	40.0	33.0	40.0
62	36.506771981670575	37.0	37.0	40.0	33.0	40.0
63	36.41051035642049	37.0	37.0	40.0	33.0	40.0
64	36.30764783194779	37.0	37.0	40.0	33.0	40.0
65	36.22022100126991	37.0	37.0	40.0	33.0	40.0
66	36.27586961807916	37.0	37.0	40.0	33.0	40.0
67	36.214998712735344	37.0	37.0	40.0	33.0	40.0
68	36.11165394243618	37.0	37.0	40.0	33.0	40.0
69	35.98334797506509	37.0	37.0	40.0	33.0	40.0
70	35.85648313172991	37.0	37.0	40.0	33.0	40.0
71	35.70917974067422	37.0	37.0	40.0	33.0	40.0
72	35.574726797533046	37.0	37.0	40.0	33.0	40.0
73	35.40320139784949	37.0	37.0	37.0	33.0	40.0
74	35.250420306580764	37.0	37.0	37.0	33.0	40.0
75	35.07294975993599	37.0	37.0	37.0	33.0	40.0
76	34.873422207752014	37.0	37.0	37.0	33.0	40.0
77	34.70211649783385	37.0	33.0	37.0	27.0	40.0
78	34.533681809100564	37.0	33.0	37.0	27.0	40.0
79	34.39440462159905	37.0	33.0	37.0	27.0	37.0
80	34.314316857961764	37.0	33.0	37.0	27.0	37.0
81	34.205816650136775	37.0	33.0	37.0	27.0	37.0
82	34.10742906074588	37.0	33.0	37.0	27.0	37.0
83	34.01327579383659	37.0	33.0	37.0	27.0	37.0
84	33.92970182664003	37.0	33.0	37.0	27.0	37.0
85	33.85072399387318	37.0	33.0	37.0	27.0	37.0
86	33.748069421965866	37.0	33.0	37.0	27.0	37.0
87	33.68639018076053	37.0	33.0	37.0	27.0	37.0
88	33.627255360392	37.0	33.0	37.0	27.0	37.0
89	33.5657554942216	37.0	33.0	37.0	27.0	37.0
90	33.48563838758429	37.0	33.0	37.0	27.0	37.0
91	33.42850909747821	37.0	33.0	37.0	27.0	37.0
92	33.35453258769793	37.0	33.0	37.0	27.0	37.0
93	33.279497433508126	37.0	33.0	37.0	27.0	37.0
94	33.23374582787192	37.0	33.0	37.0	27.0	37.0
95	33.16234384739803	37.0	33.0	37.0	27.0	37.0
96	33.07978234128052	37.0	33.0	37.0	27.0	37.0
97	33.00655522620519	37.0	33.0	37.0	27.0	37.0
98	32.9268861744204	37.0	33.0	37.0	27.0	37.0
99	32.848593692071496	37.0	33.0	37.0	27.0	37.0
100	32.74275706317905	37.0	33.0	37.0	27.0	37.0
101	31.983327817699852	33.0	33.0	37.0	27.0	37.0
>>END_MODULE
>>Per sequence quality scores	pass
#Quality	Count
2	22838.0
3	5210.0
4	4229.0
5	5166.0
6	4065.0
7	3522.0
8	3833.0
9	4794.0
10	5406.0
11	5513.0
12	5084.0
13	4677.0
14	4722.0
15	5200.0
16	5886.0
17	6232.0
18	6552.0
19	6942.0
20	7133.0
21	7754.0
22	8982.0
23	10320.0
24	12122.0
25	15100.0
26	18859.0
27	22996.0
28	28266.0
29	35275.0
30	44673.0
31	58449.0
32	78798.0
33	110755.0
34	158962.0
35	243601.0
36	443188.0
37	1157645.0
38	1342313.0
39	4101.0
>>END_MODULE
>>Per base sequence content	fail
#Base	G	A	T	C
1	1368510	1087138	604042	844282
2	481668	900251	1795756	727091
3	514355	1292415	1305307	792488
4	402405	795912	1831409	876522
5	385829	1583174	1568170	371742
6	880638	1804169	828448	400531
7	804081	1366619	1218528	526703
8	727249	1625481	975810	589101
9	841593	724548	1089016	1263235
10	509451	1184505	1465654	758866
11	1058669	1137052	1140174	582726
12	682377	1128618	1415526	692065
13	878872	1021082	1235100	783817
14	689290	963119	1256448	1010092
15	765909	1337524	1048615	766885
16	728965	1336487	1151636	701948
17	689578	1280616	1254482	694288
18	701200	1285544	1246500	685685
19	728935	1257650	1240208	692084
20	727217	1245683	1230890	714509
21	721286	1234393	1236224	724858
22	730112	1222201	1238485	724036
23	722419	1230540	1229612	731205
24	721812	1240047	1227012	722260
25	731454	1224840	1230611	722224
26	724136	1230207	1225656	726991
27	725478	1241460	1217289	721209
28	733175	1230906	1220910	719720
29	727198	1229423	1219358	729432
30	730382	1235995	1220711	719472
31	737258	1226216	1219442	725599
32	729851	1227827	1219599	732206
33	729618	1232479	1218651	731757
34	738433	1224439	1224521	727539
35	731695	1228624	1221008	735696
36	731998	1232838	1222798	730115
37	737837	1226622	1228757	725115
38	731642	1226684	1227448	732809
39	733278	1235855	1218802	730711
40	739120	1225091	1229787	724844
41	736423	1224420	1222792	735361
42	735649	1231654	1221628	730023
43	742882	1219384	1223444	733214
44	737171	1219849	1219270	742413
45	735309	1234971	1215307	732981
46	739073	1218768	1225900	734250
47	730431	1224216	1225257	736478
48	734980	1226853	1220780	732272
49	738503	1219893	1224574	730346
50	728994	1222873	1219691	739920
51	727696	1226679	1223784	732257
52	738932	1214144	1224330	731333
53	732773	1218741	1214847	740147
54	732689	1224967	1215181	732489
55	739343	1217755	1215423	732431
56	736038	1215118	1214476	739874
57	732111	1226361	1214118	733367
58	741329	1211951	1218040	736431
59	728731	1214467	1221434	743736
60	731704	1225507	1216460	735550
61	737469	1212150	1226858	733437
62	734910	1214463	1218123	744058
63	732454	1221820	1218111	741228
64	741861	1217269	1219531	737379
65	736168	1219547	1216561	744599
66	735840	1224603	1214956	741770
67	742238	1218073	1218884	738186
68	737210	1215567	1216474	748182
69	740028	1221581	1216672	739092
70	742838	1215169	1220784	738780
71	729691	1216568	1221995	747674
72	731839	1222397	1218804	741459
73	746862	1212069	1215689	737898
74	735468	1211537	1215215	747383
75	737605	1216267	1212257	739976
76	742617	1209774	1210827	739993
77	737703	1208804	1208719	745456
78	733415	1217929	1206977	741204
79	740544	1206457	1216823	736711
80	737712	1209759	1210625	746173
81	735268	1218587	1208713	743767
82	742718	1208524	1216326	739770
83	737238	1210186	1213071	749123
84	737119	1222541	1211486	740736
85	745388	1206602	1216923	743785
86	739048	1214772	1212202	747480
87	742394	1219040	1209719	742944
88	749139	1209830	1213053	743369
89	736961	1213481	1214807	751099
90	740126	1219692	1210822	745713
91	746646	1208262	1218903	743570
92	742706	1211010	1211824	751935
93	740998	1215830	1214185	746781
94	746251	1210051	1219269	742355
95	739367	1211498	1214594	752580
96	746763	1218578	1211138	741626
97	753272	1205375	1212065	746594
98	748206	1210409	1208108	751162
99	745243	1218557	1208036	745877
100	749512	1207872	1213929	744958
101	746840	1205253	1211779	749688
>>END_MODULE
>>Per base GC content	fail
#Base	%GC
1	56.68052947101055
2	30.955990704692677
3	33.469618254530275
4	32.74054796316055
5	19.38059538260617
6	32.73477395033863
7	33.98384700854024
8	33.600577490382605
9	53.716626616224204
10	32.367609244002004
11	41.88705669673081
12	35.07494795316474
13	42.42775534076013
14	43.36320783965293
15	39.112533947378026
16	36.51186159045234
17	35.31203654843474
18	35.3893882741943
19	36.26087269388654
20	36.79469075739243
21	36.921936263152126
22	37.144563473189415
23	37.14121605324372
24	36.92210769723643
25	37.18674927330359
26	37.14181505455606
27	37.04290634899663
28	37.20877166069397
29	37.29773895756426
30	37.11331708715596
31	37.4274372747706
32	37.3977070625451
33	37.35138996627481
34	37.4456567827998
35	37.46189389237694
36	37.32023159217193
37	37.336100497890556
38	37.371953075895036
39	37.359562461115395
40	37.35705598745752
41	37.55512891567126
42	37.39957141625035
43	37.6658490953129
44	37.75698234849643
45	37.47006559539096
46	37.60404247993423
47	37.45571805814652
48	37.47880205931975
49	37.53463814320131
50	37.55393741189392
51	37.334979194029486
52	37.614816440800986
53	37.70426170892265
54	37.51743132327493
55	37.68993831422255
56	37.79054493835114
57	37.51905102897958
58	37.81612492710001
59	37.67472766126424
60	37.53315558265956
61	37.619906729406324
62	37.81024114712464
63	37.65528170516605
64	37.77387360701117
65	37.80480612733365
66	37.721374798993864
67	37.791167108841336
68	37.917483209029996
69	37.75795667147346
70	37.819812327587684
71	37.72707261216243
72	37.63694919835208
73	37.94896279071432
74	37.928429050213026
75	37.8274777559743
76	37.984367229955026
77	38.02306878643273
78	37.815349305364116
79	37.873137915696184
80	38.006730581320085
81	37.86247211260683
82	37.941125134298595
83	38.01806212269332
84	37.778619089226105
85	38.06000360876306
86	37.98459793811272
87	37.94842079795161
88	38.11900267431784
89	37.99611270499966
90	37.93935327075981
91	38.04113003049741
92	38.15317264309281
93	37.97491649637526
94	37.994745178954375
95	38.07892162380211
96	37.9874709840599
97	38.288201125977906
98	38.26983180976471
99	38.06098098559032
100	38.160535877113716
101	38.23955682294382
>>END_MODULE
>>Per sequence GC content	pass
#GC Content	Count
0	103.0
1	59.0
2	78.0
3	91.0
4	112.5
5	129.5
6	153.0
7	195.5
8	214.5
9	251.5
10	303.0
11	341.5
12	407.5
13	492.5
14	655.0
15	798.0
16	904.5
17	1198.5
18	1569.0
19	2195.0
20	3233.5
21	4872.0
22	7398.0
23	11458.5
24	18338.5
25	28535.5
26	42745.0
27	60699.5
28	82347.0
29	107904.5
30	135992.5
31	164326.5
32	190905.5
33	215248.0
34	234226.5
35	247170.0
36	253386.5
37	253487.0
38	247038.0
39	233114.5
40	214231.5
41	192627.5
42	171728.5
43	149466.5
44	125524.0
45	104540.5
46	87466.5
47	72030.5
48	58260.0
49	46067.0
50	35893.5
51	27966.0
52	21361.5
53	15852.5
54	11576.5
55	8515.0
56	6189.5
57	4697.0
58	3581.0
59	2468.5
60	1649.5
61	1237.5
62	958.5
63	708.0
64	514.0
65	377.0
66	250.0
67	155.5
68	104.0
69	67.5
70	49.0
71	46.0
72	37.5
73	25.5
74	17.5
75	20.5
76	17.5
77	13.0
78	14.5
79	13.0
80	9.0
81	8.0
82	8.0
83	5.0
84	2.5
85	3.0
86	5.0
87	5.5
88	7.0
89	7.5
90	5.0
91	4.0
92	3.5
93	3.0
94	2.5
95	2.0
96	1.5
97	1.0
98	1.5
99	1.5
100	0.5
>>END_MODULE
>>Per base N content	pass
#Base	N-Count
1	0.3876082724806292
2	0.3673488446385108
3	0.3724774907295257
4	0.3295346480868491
5	0.2614844036851746
6	0.13719766184769555
7	0.08246658789134312
8	0.038834822639425816
9	0.019672567841653943
10	0.017529253057349235
11	0.0138294834892042
12	0.014722531315997829
13	0.007450570440678277
14	0.00546034956953819
15	0.0058686000046438485
16	0.0032404878286511683
17	0.005077614786626634
18	0.005970662613420263
19	0.007297476527513655
20	0.02204552349570559
21	0.06128859657023706
22	0.11045725834827487
23	0.13745281836963658
24	0.20494171842304082
25	0.2560240541156364
26	0.3106020341588242
27	0.3502533576684614
28	0.3687522055091865
29	0.3508912489733139
30	0.3215737646022888
31	0.2716906645628161
32	0.2469915132389237
33	0.16988321230834236
34	0.10795672443325272
35	0.05460349569538189
36	0.036079132202462616
37	0.021229022625494268
38	0.014799078272580141
39	0.013191592184351607
40	0.008190524354307284
41	0.004261113916415316
42	0.0053327713085676715
43	0.006098240874390782
44	0.011737200009287697
45	0.015181813055491697
46	0.029904344371489526
47	0.07095902875180236
48	0.10915596008637558
49	0.14919001837892426
50	0.19608778711168684
51	0.223185409741825
52	0.26597515847133685
53	0.3229005785163822
54	0.35306007940981277
55	0.36260293333040755
56	0.3484672620148741
57	0.33695970287533333
58	0.2911846228391113
59	0.27544146543534936
60	0.2536766141137789
61	0.23599426714326502
62	0.19414859754493496
63	0.1416118696772755
64	0.07968538180218582
65	0.05837981222010924
66	0.050878210475042755
67	0.04546889220989278
68	0.044142078295799386
69	0.0456730174274456
70	0.04062091829301307
71	0.08254313484792544
72	0.11900500183329961
73	0.16955150882981904
74	0.2439296349756313
75	0.33318338635060596
76	0.40702568380034204
77	0.47155476819923026
78	0.5010763777878082
79	0.47530556907176347
80	0.3800301237789804
81	0.3273147863459621
82	0.3017225871952761
83	0.2435469001927197
84	0.18577946362526898
85	0.16495869143488034
86	0.144444107070821
87	0.1292622940153293
88	0.09624504007615912
89	0.07182656092640188
90	0.07169898266543137
91	0.04546889220989278
92	0.04307042090364703
93	0.03493092785372795
94	0.03156286176410626
95	0.02867959306617255
96	0.026995560021361702
97	0.047382566124450555
98	0.03260900350406452
99	0.03699769568145035
100	0.07379126614534788
101	0.14296419924356296
>>END_MODULE
>>Sequence Length Distribution	pass
#Length	Count
101	3919163.0
>>END_MODULE
>>Sequence Duplication Levels	warn
#Total Duplicate Percentage	44.62701218989163
#Duplication Level	Relative count
1	100.0
2	35.27771562333259
3	15.655174787862098
4	7.735933492831202
5	4.025886848310642
6	2.228954026747448
7	1.3881478166577739
8	0.8803938105647258
9	0.6144684073736209
10++	4.313327251759927
>>END_MODULE
>>Overrepresented sequences	pass
>>END_MODULE
>>Kmer Content	warn
#Sequence	Count	Obs/Exp Overall	Obs/Exp Max	Max Obs/Exp Position
TATTG	837515	1.2465371	5.0488114	2
GTCTT	458005	1.1317395	5.3124976	1
ATACC	446330	1.1102276	5.620068	6
GTATT	694190	1.0332156	7.334958	1
AATAC	669485	1.0030744	5.629691	5
ATATA	1060425	0.95424265	5.4635696	1
TAATA	981955	0.88363	5.0001016	4
TATTA	977105	0.8767389	6.0736694	2
ATACT	580755	0.86763173	5.7619543	6
TATAC	576710	0.8615886	6.6533175	5
GTATA	526425	0.7857764	8.209424	1
TATAA	834075	0.7505575	5.1646695	2
GTCTA	297405	0.7370117	5.076822	1
>>END_MODULE
