##FastQC	0.8.0
>>Basic Statistics	pass
#Measure	Value	
Filename	1_140716_AH9BY4ADXX_P1260_1003_2.fastq.gz	
File type	Conventional base calls	
Total Sequences	2193546	
Sequence length	101	
%GC	37	
>>END_MODULE
>>Per base sequence quality	pass
#Base	Mean	Median	Lower Quartile	Upper Quartile	10th Percentile	90th Percentile
1	31.78231685134481	33.0	33.0	33.0	27.0	33.0
2	31.81072382343475	33.0	33.0	33.0	27.0	33.0
3	31.78754081291206	33.0	33.0	33.0	27.0	33.0
4	35.62999772970341	37.0	37.0	37.0	33.0	37.0
5	35.63493402919291	37.0	37.0	37.0	33.0	37.0
6	35.69283115102213	37.0	37.0	37.0	33.0	37.0
7	35.61063410569005	37.0	37.0	37.0	33.0	37.0
8	35.63672428114113	37.0	37.0	37.0	33.0	37.0
9	35.59293810113852	37.0	37.0	37.0	33.0	37.0
10	35.58448466546861	37.0	37.0	37.0	33.0	37.0
11	35.59852859251641	37.0	37.0	37.0	33.0	37.0
12	35.571258136369146	37.0	37.0	37.0	33.0	37.0
13	35.55310989603136	37.0	37.0	37.0	33.0	37.0
14	37.49189349117821	40.0	37.0	40.0	33.0	40.0
15	37.53333278627392	40.0	37.0	40.0	33.0	40.0
16	37.50821728835411	40.0	37.0	40.0	33.0	40.0
17	37.469108010499895	40.0	37.0	40.0	33.0	40.0
18	37.37923344210698	40.0	37.0	40.0	33.0	40.0
19	37.48307398158051	40.0	37.0	40.0	33.0	40.0
20	37.47637751841083	40.0	37.0	40.0	33.0	40.0
21	37.4676432589059	40.0	37.0	40.0	33.0	40.0
22	37.43055035089303	40.0	37.0	40.0	33.0	40.0
23	37.3998840234032	40.0	37.0	40.0	33.0	40.0
24	37.36839756266794	40.0	37.0	40.0	33.0	40.0
25	37.341319944965825	40.0	37.0	40.0	33.0	40.0
26	37.32859671053171	40.0	37.0	40.0	33.0	40.0
27	37.32792701862646	40.0	37.0	40.0	33.0	40.0
28	37.278968391818545	40.0	37.0	40.0	33.0	40.0
29	37.24639419460545	40.0	37.0	40.0	33.0	40.0
30	37.19118586981992	40.0	37.0	40.0	33.0	40.0
31	37.207383843329474	40.0	37.0	40.0	33.0	40.0
32	37.18872410243505	40.0	37.0	40.0	33.0	40.0
33	37.16683534332081	40.0	37.0	40.0	33.0	40.0
34	37.13408244003089	40.0	37.0	40.0	33.0	40.0
35	37.09128917287351	40.0	37.0	40.0	33.0	40.0
36	37.05537745732253	40.0	37.0	40.0	33.0	40.0
37	37.044798239927495	40.0	37.0	40.0	33.0	40.0
38	37.00808872939068	40.0	37.0	40.0	33.0	40.0
39	36.951428417730924	40.0	37.0	40.0	33.0	40.0
40	36.94195881919048	40.0	37.0	40.0	33.0	40.0
41	36.896813652414856	40.0	37.0	40.0	33.0	40.0
42	36.87846664715488	40.0	37.0	40.0	33.0	40.0
43	36.79735825006633	40.0	37.0	40.0	33.0	40.0
44	36.722652727592674	40.0	37.0	40.0	33.0	40.0
45	36.677885487698916	40.0	37.0	40.0	33.0	40.0
46	36.63006064153658	40.0	37.0	40.0	33.0	40.0
47	36.59924660800366	40.0	37.0	40.0	33.0	40.0
48	36.500758589060815	40.0	37.0	40.0	33.0	40.0
49	36.46830975963121	40.0	37.0	40.0	33.0	40.0
50	36.43673257820898	40.0	37.0	40.0	33.0	40.0
51	36.38851612867931	40.0	37.0	40.0	33.0	40.0
52	36.336061336302045	40.0	37.0	40.0	33.0	40.0
53	36.281064085275624	40.0	37.0	40.0	33.0	40.0
54	36.20153441049333	40.0	37.0	40.0	33.0	40.0
55	36.15712822981602	40.0	37.0	40.0	33.0	40.0
56	36.08541329883212	40.0	37.0	40.0	33.0	40.0
57	35.99756604146893	37.0	37.0	40.0	33.0	40.0
58	35.93712646099056	37.0	37.0	40.0	33.0	40.0
59	35.87665633636131	37.0	37.0	40.0	27.0	40.0
60	35.79432207029166	37.0	37.0	40.0	27.0	40.0
61	35.7020249404389	37.0	37.0	40.0	27.0	40.0
62	35.610049663877575	37.0	37.0	40.0	27.0	40.0
63	35.51443233923519	37.0	37.0	40.0	27.0	40.0
64	35.41539133439645	37.0	37.0	40.0	27.0	40.0
65	35.28285798428663	37.0	37.0	40.0	27.0	40.0
66	35.178659576776596	37.0	37.0	40.0	27.0	40.0
67	35.04130708906948	37.0	37.0	40.0	27.0	40.0
68	34.9055889413762	37.0	37.0	40.0	27.0	40.0
69	34.79770791221155	37.0	33.0	40.0	27.0	40.0
70	34.66030938033668	37.0	33.0	40.0	27.0	40.0
71	34.51313808782674	37.0	33.0	37.0	27.0	40.0
72	34.34140519505859	37.0	33.0	37.0	27.0	40.0
73	34.2217505354344	37.0	33.0	37.0	27.0	40.0
74	34.08491912182375	37.0	33.0	37.0	27.0	40.0
75	33.936898519566036	37.0	33.0	37.0	27.0	40.0
76	33.811084426768346	37.0	33.0	37.0	27.0	40.0
77	33.68277255184072	37.0	33.0	37.0	27.0	40.0
78	33.52810608940957	37.0	33.0	37.0	27.0	37.0
79	33.40162412823802	37.0	33.0	37.0	27.0	37.0
80	33.28664363546513	37.0	33.0	37.0	27.0	37.0
81	33.14920042707105	37.0	33.0	37.0	27.0	37.0
82	33.03793355598652	37.0	33.0	37.0	27.0	37.0
83	33.12425588521964	37.0	33.0	37.0	27.0	37.0
84	33.112706093238984	37.0	33.0	37.0	27.0	37.0
85	33.048265684877364	37.0	33.0	37.0	27.0	37.0
86	32.97194724888377	37.0	33.0	37.0	27.0	37.0
87	32.91330567036205	37.0	33.0	37.0	27.0	37.0
88	32.84770093720396	37.0	33.0	37.0	27.0	37.0
89	32.93180585225931	37.0	33.0	37.0	27.0	37.0
90	32.93648093087631	37.0	33.0	37.0	27.0	37.0
91	32.897661138631236	37.0	33.0	37.0	27.0	37.0
92	32.8570050502702	37.0	33.0	37.0	27.0	37.0
93	32.77257873780627	37.0	33.0	37.0	27.0	37.0
94	32.75598460210089	37.0	33.0	37.0	27.0	37.0
95	32.73093383954565	37.0	33.0	37.0	27.0	37.0
96	32.66036226274717	37.0	33.0	37.0	27.0	37.0
97	32.59511266232848	37.0	33.0	37.0	27.0	37.0
98	32.52543871885978	37.0	33.0	37.0	27.0	37.0
99	32.490780225260835	37.0	33.0	37.0	27.0	37.0
100	32.411889698232905	37.0	33.0	37.0	27.0	37.0
101	31.99694604079422	37.0	33.0	37.0	22.0	37.0
>>END_MODULE
>>Per sequence quality scores	pass
#Quality	Count
2	26255.0
3	5446.0
4	3475.0
5	2900.0
6	2683.0
7	2860.0
8	3316.0
9	3487.0
10	3595.0
11	3728.0
12	3849.0
13	4088.0
14	4247.0
15	4508.0
16	4664.0
17	4687.0
18	4813.0
19	4768.0
20	4919.0
21	5188.0
22	5805.0
23	6664.0
24	8105.0
25	9825.0
26	12211.0
27	14920.0
28	18563.0
29	22850.0
30	29037.0
31	37137.0
32	48975.0
33	66831.0
34	92971.0
35	135575.0
36	232881.0
37	576608.0
38	768649.0
39	2463.0
>>END_MODULE
>>Per base sequence content	fail
#Base	G	A	T	C
1	778176	605104	335508	474755
2	271603	502379	1009946	409618
3	292762	727812	727336	445634
4	226421	444094	1030047	492979
5	216870	886920	879136	210618
6	493898	1009987	465734	223926
7	452714	761883	683786	295163
8	408560	910645	544548	329790
9	470913	407781	607330	707489
10	287550	664261	815073	426661
11	595338	635977	637202	325029
12	384410	631458	791620	386055
13	494868	569791	690462	438424
14	386761	536061	703150	567562
15	432078	746720	584366	430357
16	411195	743624	642852	395864
17	388648	712865	701103	390902
18	397485	716626	694065	385356
19	411046	700613	694692	387187
20	409480	695522	687819	400692
21	406711	689648	691604	405567
22	412095	682615	691755	407044
23	407983	687551	686960	410966
24	407589	694996	685687	405181
25	413153	684970	689318	406019
26	409233	687364	686239	410628
27	411203	695037	680376	406888
28	416699	687706	683349	405688
29	411053	688888	682295	411199
30	412857	691921	683172	405466
31	418249	685413	681511	408209
32	410626	689358	683128	410255
33	411659	690929	680730	410024
34	416073	683629	684256	409348
35	411539	685747	682751	413221
36	412769	687597	682357	410455
37	415910	683451	687072	406775
38	412829	683197	685059	412110
39	413787	689138	679606	410617
40	417450	683361	684496	407649
41	411816	685528	682106	413496
42	413223	687275	684074	408370
43	418806	681062	682881	410056
44	414165	683052	682491	412930
45	414678	688204	680404	409386
46	417728	679044	684627	411162
47	413244	683941	683141	412093
48	417715	683699	680141	410747
49	416996	682629	682944	409637
50	411843	684453	681207	414702
51	411592	687278	683218	410125
52	417409	679025	684118	411685
53	414252	682551	680799	414729
54	413732	686323	681577	410850
55	418923	681273	681108	411037
56	416527	679885	681720	414310
57	416074	685256	679241	411768
58	420171	677092	681273	413846
59	412469	680087	682564	417252
60	414844	685469	680313	411704
61	417068	677926	684161	413120
62	415229	681094	678909	416898
63	412362	684739	679899	415021
64	417595	677684	683646	413262
65	413977	682620	679675	415959
66	414795	683272	679635	414700
67	419435	679275	680421	413176
68	417462	679725	678141	416921
69	418013	683161	677113	413896
70	420913	678545	678665	413953
71	412890	679098	681684	418408
72	414320	683423	678755	415505
73	422047	677419	680288	412273
74	415464	679880	678210	418653
75	415662	684718	679387	412326
76	420500	680486	677398	413591
77	418540	678017	675836	419371
78	416363	683212	677518	414823
79	420614	677186	680201	413762
80	417693	677479	676517	420189
81	416501	683631	675129	416615
82	421516	676688	678892	414773
83	416373	680155	676755	418598
84	416492	685946	676259	413255
85	419909	675518	681246	415297
86	415426	679590	677781	419127
87	420075	680484	677001	414373
88	421853	677038	676933	416213
89	416069	678876	677931	418839
90	416656	682430	674803	418139
91	420917	675002	680705	415321
92	420295	675723	675824	419937
93	418214	680468	676031	417118
94	420756	675626	678628	416797
95	415704	677084	678956	420097
96	419915	683707	675096	413207
97	423763	676363	675732	415631
98	420737	677897	674287	418755
99	420018	682288	673277	416305
100	422129	677291	677459	414983
101	421424	674113	676860	419435
>>END_MODULE
>>Per base GC content	fail
#Base	%GC
1	57.11905351296965
2	31.05569703119971
3	33.66223791271112
4	32.79628691690741
5	19.488462506336777
6	32.72437994205726
7	34.09442974982061
8	33.66015619479536
9	53.72213431149029
10	32.55966939360715
11	41.957953013066515
12	35.12422596684907
13	42.547200992001535
14	43.50618681999002
15	39.31738059494302
16	36.79262013143168
17	35.53880114045109
18	35.68860632076486
19	36.39020614185849
20	36.93490761167133
21	37.0306309920539
22	37.34377201096508
23	37.33594412480738
24	37.054361319800336
25	37.34611071093158
26	37.377454109116904
27	37.29607969714211
28	37.49299046886127
29	37.48695539188533
30	37.30815312735933
31	37.67961987469579
32	37.4256109442697
33	37.46260273135699
34	37.6336452825096
35	37.604331091007076
36	37.53566741960753
37	37.51057811206233
38	37.61357289251526
39	37.58998480722687
40	37.624968307617664
41	37.634852841793645
42	37.465331960444004
43	37.799165908505316
44	37.7214569846915
45	37.58263889902366
46	37.80464944874966
47	37.6450395658859
48	37.78959285718847
49	37.707815780086364
50	37.70381875782603
51	37.48344709204808
52	37.81954232138222
53	37.812766411641306
54	37.609521993795155
55	37.857249396877585
56	37.89550647177896
57	37.760674786153054
58	38.041591292028485
59	37.84581266317942
60	37.701805841273895
61	37.86878927141896
62	37.95974691281995
63	37.74521320735522
64	37.90082689113657
65	37.85805419228174
66	37.83498646689795
67	37.97875936171348
68	38.06059439415869
69	37.948884741830405
70	38.08563206750131
71	37.92279478851137
72	37.85692811551809
73	38.06157497147617
74	38.04918969787068
75	37.771572647693326
76	38.052030702904915
77	38.229982790117916
78	37.9205225017747
79	38.06871454623516
80	38.22667137495791
81	38.0092669475828
82	38.154150635827236
83	38.09381074976242
84	37.85425045803923
85	38.10298498610838
86	38.07399344137844
87	38.069046818493085
88	38.23229261184916
89	38.093821505077074
90	38.083227039070664
91	38.15050103903154
92	38.33561686648152
93	38.11114999285985
94	38.21289921968494
95	38.13237365301589
96	38.00869099079576
97	38.30245098195793
98	38.30365437227035
99	38.15537107735432
100	38.19182047044933
101	38.36329609203625
>>END_MODULE
>>Per sequence GC content	pass
#GC Content	Count
0	0.0
1	1.0
2	3.5
3	5.5
4	9.0
5	20.0
6	32.5
7	40.0
8	52.0
9	78.0
10	116.0
11	137.0
12	171.5
13	236.0
14	310.0
15	367.0
16	438.5
17	589.5
18	830.0
19	1246.5
20	1893.0
21	3005.0
22	4540.5
23	6856.5
24	10664.0
25	16226.0
26	23795.0
27	33201.0
28	44823.0
29	58616.0
30	73863.5
31	88922.0
32	102967.0
33	117390.0
34	127988.5
35	134888.0
36	139650.0
37	139977.0
38	136483.5
39	129612.5
40	120957.0
41	109977.5
42	97620.5
43	85570.5
44	73341.5
45	61566.0
46	51565.0
47	42549.5
48	34418.0
49	27615.5
50	21689.0
51	16821.5
52	12958.5
53	9707.5
54	7043.5
55	5219.0
56	3842.0
57	2888.0
58	2194.5
59	1532.5
60	1042.0
61	800.0
62	608.5
63	432.5
64	327.5
65	242.0
66	165.0
67	114.0
68	87.5
69	67.0
70	42.0
71	40.0
72	34.0
73	21.0
74	21.5
75	20.5
76	20.0
77	21.5
78	22.0
79	18.5
80	15.0
81	16.0
82	14.5
83	11.5
84	10.0
85	6.5
86	6.0
87	6.0
88	5.5
89	4.5
90	2.5
91	1.5
92	3.0
93	6.0
94	4.5
95	2.5
96	4.5
97	5.5
98	13.5
99	22.0
100	63.5
>>END_MODULE
>>Per base N content	pass
#Base	N-Count
1	1.3676485471469485E-4
2	0.0
3	9.117656980979656E-5
4	2.279414245244914E-4
5	9.117656980979656E-5
6	4.558828490489828E-5
7	0.0
8	1.3676485471469485E-4
9	0.0015044134018616432
10	4.558828490489828E-5
11	0.0
12	1.3676485471469485E-4
13	4.558828490489828E-5
14	5.470594188587794E-4
15	0.001139707122622457
16	5.01471133953881E-4
17	0.001276471977337152
18	6.38235988668576E-4
19	3.6470627923918626E-4
20	0.0015044134018616432
21	7.294125584783725E-4
22	0.0016867665414812363
23	0.003920592501821252
24	0.00423971049615554
25	0.003920592501821252
26	0.003738239362201659
27	0.0019147079660057275
28	0.004741181630109421
29	0.005060299624443709
30	0.005926477037636776
31	0.007476478724403318
32	0.008160302997976793
33	0.009300010120599249
34	0.010941188377175587
35	0.013129426052610704
36	0.016776488845002567
37	0.015408840297855619
38	0.016001488001619296
39	0.018144137392149515
40	0.026897088093889986
41	0.02735297094293897
42	0.02753532408255856
43	0.03378091911452963
44	0.04139416269364764
45	0.039844161006881096
46	0.044904460631324805
47	0.05137799708782036
48	0.05671182642169346
49	0.06108830177256369
50	0.06113389005746859
51	0.06076918377822941
52	0.05967506494051185
53	0.05538976615945141
54	0.04850593513881177
55	0.05493388331040243
56	0.050329466535007694
57	0.055025059880212224
58	0.0530647636293016
59	0.053520646478350586
60	0.05543535444435631
61	0.05794271011412571
62	0.06455301142533597
63	0.06952213447996988
64	0.06195447918575676
65	0.059948594649941234
66	0.05215299793120363
67	0.05648388499716897
68	0.05912800552165307
69	0.062136832325376354
70	0.06701477881020047
71	0.06683242567058087
72	0.07034272360825804
73	0.06924860477054048
74	0.061042713487658794
75	0.06623977796681721
76	0.0716191955855952
77	0.08123832370052873
78	0.0743089043949842
79	0.08128391198543362
80	0.07604125922137034
81	0.07613243579118013
82	0.07645155378551441
83	0.07590449436665563
84	0.07266772613840786
85	0.07184713701011969
86	0.07394419811574501
87	0.07353390355160092
88	0.06879272192149151
89	0.08347214966086876
90	0.06920301648563558
91	0.07298684413274215
92	0.08055449942695526
93	0.07818390861190055
94	0.07927802744961811
95	0.07772802576285157
96	0.07389860983084011
97	0.09377510204937577
98	0.08525009277215978
99	0.07558537637232135
100	0.0767706717798487
101	0.07813832032699565
>>END_MODULE
>>Sequence Length Distribution	pass
#Length	Count
101	2193546.0
>>END_MODULE
>>Sequence Duplication Levels	warn
#Total Duplicate Percentage	34.98902682384616
#Duplication Level	Relative count
1	100.0
2	25.76757343988101
3	9.059225828089797
4	3.834403913877203
5	1.904442483941292
6	1.076899520972928
7	0.6598470321465808
8	0.5009004542372387
9	0.3747639497495498
10++	2.6444919177852473
>>END_MODULE
>>Overrepresented sequences	pass
>>END_MODULE
>>Kmer Content	warn
#Sequence	Count	Obs/Exp Overall	Obs/Exp Max	Max Obs/Exp Position
TATTG	470755	1.2532274	5.161196	2
GTCTT	255210	1.1253343	5.4924083	1
ATACC	251500	1.123008	5.8469696	6
GTCCA	146530	1.0747299	5.182296	1
GTATT	388770	1.0349698	7.5686474	1
AATAC	376250	1.014314	5.9472685	5
ATATA	617360	1.0026871	5.76354	1
ATACA	355615	0.9586852	5.168275	6
TAATA	560625	0.9105408	5.3760815	4
TACTG	204950	0.9056321	5.0353093	7
TATTA	555720	0.9006644	6.1924376	2
ATACT	326175	0.8774586	6.1245003	6
TATAC	317930	0.8552783	7.2582364	5
GTATA	298965	0.79758185	8.245461	1
TATAA	476065	0.7732024	5.355812	2
GTCTA	167840	0.7416506	5.2452908	1
>>END_MODULE
