##FastQC	0.8.0
>>Basic Statistics	pass
#Measure	Value	
Filename	1_140716_AH9BY4ADXX_P1260_1012_1.fastq.gz	
File type	Conventional base calls	
Total Sequences	2073205	
Sequence length	101	
%GC	37	
>>END_MODULE
>>Per base sequence quality	pass
#Base	Mean	Median	Lower Quartile	Upper Quartile	10th Percentile	90th Percentile
1	32.76311170385949	33.0	33.0	33.0	33.0	33.0
2	32.77452398580941	33.0	33.0	33.0	33.0	33.0
3	32.785540262540366	33.0	33.0	33.0	33.0	33.0
4	36.736861525994776	37.0	37.0	37.0	37.0	37.0
5	36.67879297995133	37.0	37.0	37.0	37.0	37.0
6	36.65822482581317	37.0	37.0	37.0	37.0	37.0
7	36.602253515691885	37.0	37.0	37.0	37.0	37.0
8	36.59706300148803	37.0	37.0	37.0	37.0	37.0
9	36.57196562809756	37.0	37.0	37.0	37.0	37.0
10	36.56927607255433	37.0	37.0	37.0	37.0	37.0
11	36.588179171861924	37.0	37.0	37.0	37.0	37.0
12	36.57373583413121	37.0	37.0	37.0	37.0	37.0
13	36.5759102452483	37.0	37.0	37.0	37.0	37.0
14	38.732398870348085	40.0	37.0	40.0	37.0	40.0
15	38.75642399087403	40.0	37.0	40.0	37.0	40.0
16	38.76830221806334	40.0	37.0	40.0	37.0	40.0
17	38.74943095352365	40.0	37.0	40.0	37.0	40.0
18	38.760357031745535	40.0	37.0	40.0	37.0	40.0
19	38.79390750070543	40.0	37.0	40.0	37.0	40.0
20	38.788856384197416	40.0	37.0	40.0	37.0	40.0
21	38.77009943541521	40.0	37.0	40.0	37.0	40.0
22	38.77816665501	40.0	37.0	40.0	37.0	40.0
23	38.778028222004096	40.0	37.0	40.0	37.0	40.0
24	38.769050817454136	40.0	37.0	40.0	37.0	40.0
25	38.752543525604075	40.0	37.0	40.0	37.0	40.0
26	38.71187171553223	40.0	37.0	40.0	37.0	40.0
27	38.70068902978721	40.0	37.0	40.0	37.0	40.0
28	38.708659298043365	40.0	37.0	40.0	37.0	40.0
29	38.70292759278508	40.0	37.0	40.0	37.0	40.0
30	38.68494721940184	40.0	37.0	40.0	37.0	40.0
31	38.67106629590417	40.0	37.0	40.0	37.0	40.0
32	38.65441140649381	40.0	37.0	40.0	37.0	40.0
33	38.63100706394206	40.0	37.0	40.0	37.0	40.0
34	38.62937914967406	40.0	37.0	40.0	37.0	40.0
35	38.62418574140039	40.0	37.0	40.0	37.0	40.0
36	38.61527007700637	40.0	37.0	40.0	37.0	40.0
37	38.59764181544999	40.0	37.0	40.0	37.0	40.0
38	38.58470725278011	40.0	37.0	40.0	37.0	40.0
39	38.571895688077156	40.0	37.0	40.0	37.0	40.0
40	38.56811796228545	40.0	37.0	40.0	37.0	40.0
41	38.553890715100536	40.0	37.0	40.0	37.0	40.0
42	38.53025002351432	40.0	37.0	40.0	37.0	40.0
43	38.5365127905827	40.0	37.0	40.0	37.0	40.0
44	38.515568407369265	40.0	37.0	40.0	37.0	40.0
45	38.493805484744634	40.0	37.0	40.0	37.0	40.0
46	38.49607684720035	40.0	37.0	40.0	37.0	40.0
47	38.474142209767	40.0	37.0	40.0	37.0	40.0
48	38.45700256366351	40.0	37.0	40.0	37.0	40.0
49	38.44725051309446	40.0	37.0	40.0	37.0	40.0
50	38.41778936477579	40.0	37.0	40.0	37.0	40.0
51	38.37441497584658	40.0	37.0	40.0	37.0	40.0
52	38.346125443455904	40.0	37.0	40.0	37.0	40.0
53	38.32482219558606	40.0	37.0	40.0	37.0	40.0
54	38.285309942818	40.0	37.0	40.0	37.0	40.0
55	38.22309950053179	40.0	37.0	40.0	37.0	40.0
56	38.19351438955626	40.0	37.0	40.0	37.0	40.0
57	38.15159668243131	40.0	37.0	40.0	37.0	40.0
58	38.10176803548129	40.0	37.0	40.0	37.0	40.0
59	38.04131236418974	40.0	37.0	40.0	33.0	40.0
60	37.992244375254735	40.0	37.0	40.0	33.0	40.0
61	37.89467756444732	40.0	37.0	40.0	33.0	40.0
62	37.82873811321119	40.0	37.0	40.0	33.0	40.0
63	37.76086301161728	40.0	37.0	40.0	33.0	40.0
64	37.67869216985296	40.0	37.0	40.0	33.0	40.0
65	37.572216447481075	37.0	37.0	40.0	33.0	40.0
66	37.524224087825374	37.0	37.0	40.0	33.0	40.0
67	37.44008769031524	37.0	37.0	40.0	33.0	40.0
68	37.34891966785725	37.0	37.0	40.0	33.0	40.0
69	37.23136785797835	37.0	37.0	40.0	33.0	40.0
70	37.10477545635863	37.0	37.0	40.0	33.0	40.0
71	36.96877009268258	37.0	37.0	40.0	33.0	40.0
72	36.82734606563268	37.0	37.0	40.0	33.0	40.0
73	36.70797822694813	37.0	37.0	40.0	33.0	40.0
74	36.660021560820084	37.0	37.0	37.0	33.0	40.0
75	36.56613214805096	37.0	37.0	37.0	33.0	40.0
76	36.40794759804265	37.0	37.0	37.0	33.0	40.0
77	36.29398202300303	37.0	37.0	37.0	33.0	40.0
78	36.168275206745115	37.0	37.0	37.0	33.0	40.0
79	36.07346933853623	37.0	37.0	37.0	33.0	40.0
80	35.97285796628891	37.0	37.0	37.0	33.0	37.0
81	35.874521815257054	37.0	37.0	37.0	33.0	37.0
82	35.77635930841378	37.0	37.0	37.0	33.0	37.0
83	35.70539237557308	37.0	37.0	37.0	33.0	37.0
84	35.62468593313252	37.0	37.0	37.0	33.0	37.0
85	35.55981873476092	37.0	37.0	37.0	33.0	37.0
86	35.49980296208045	37.0	37.0	37.0	33.0	37.0
87	35.44408005961784	37.0	37.0	37.0	33.0	37.0
88	35.40483406127228	37.0	33.0	37.0	33.0	37.0
89	35.359696701483934	37.0	33.0	37.0	33.0	37.0
90	35.318385784329095	37.0	33.0	37.0	33.0	37.0
91	35.28091240374203	37.0	33.0	37.0	33.0	37.0
92	35.245180770835496	37.0	33.0	37.0	33.0	37.0
93	35.19091262079727	37.0	33.0	37.0	33.0	37.0
94	35.17662411580138	37.0	33.0	37.0	33.0	37.0
95	35.14477728926951	37.0	33.0	37.0	33.0	37.0
96	35.12678341022716	37.0	33.0	37.0	33.0	37.0
97	35.10773753680895	37.0	33.0	37.0	33.0	37.0
98	35.065153711282775	37.0	33.0	37.0	33.0	37.0
99	35.02794272635846	37.0	33.0	37.0	33.0	37.0
100	34.98809862025222	37.0	33.0	37.0	33.0	37.0
101	34.57719087113913	37.0	33.0	37.0	33.0	37.0
>>END_MODULE
>>Per sequence quality scores	pass
#Quality	Count
6	1.0
7	9.0
8	11.0
9	52.0
10	114.0
11	168.0
12	215.0
13	253.0
14	318.0
15	282.0
16	376.0
17	434.0
18	498.0
19	654.0
20	730.0
21	908.0
22	1201.0
23	1636.0
24	2103.0
25	2972.0
26	4154.0
27	6037.0
28	8367.0
29	11775.0
30	16609.0
31	22730.0
32	32440.0
33	46820.0
34	69575.0
35	103910.0
36	173300.0
37	479802.0
38	1079681.0
39	5070.0
>>END_MODULE
>>Per base sequence content	fail
#Base	G	A	T	C
1	690508	586702	326597	468818
2	243856	496275	933628	399446
3	257250	677306	710077	428572
4	207249	435217	956590	474149
5	200145	841510	832995	198285
6	465066	962876	434962	210301
7	423606	737188	634948	277463
8	385660	859784	517525	310236
9	442862	384807	575769	669767
10	263021	632254	778562	399368
11	553905	605017	609010	305273
12	355671	604998	750462	362074
13	456171	540031	663765	413238
14	358881	513644	666812	533868
15	395196	718236	557649	402124
16	379931	715123	609653	368498
17	357485	686918	665829	362968
18	365341	685878	664985	356759
19	377960	672322	661421	361502
20	378000	664578	657556	373071
21	375577	658719	662458	376451
22	380526	652813	660789	379077
23	374684	656014	659086	383421
24	377156	662521	655609	377919
25	381930	653757	656498	381020
26	378211	658615	654922	381457
27	380533	663392	651297	377976
28	382876	657778	653869	378670
29	379779	658393	652573	382434
30	381433	661790	651940	378016
31	384945	653403	653962	380839
32	379923	656778	650129	386291
33	380888	659416	651130	381683
34	384278	653686	655506	379630
35	380944	654990	652823	384297
36	382301	658567	652103	380047
37	385044	651511	655460	380974
38	381165	653193	654667	383946
39	382386	658273	651468	380878
40	385737	652923	654046	380282
41	382501	653171	653613	383661
42	383585	657284	650972	381114
43	386955	649310	652665	384008
44	382895	652124	652225	385687
45	382972	656614	648725	384623
46	383631	650518	654233	384542
47	381113	650786	653552	387506
48	383257	654616	650636	384448
49	384445	650104	655530	382874
50	380919	651774	653441	386838
51	381146	656052	653125	382677
52	385858	649808	653957	383369
53	381939	651381	650939	388719
54	384395	654101	651533	382988
55	386926	649975	652533	383570
56	383319	649992	651376	388345
57	383036	655412	651076	383492
58	387663	648249	650855	386291
59	381455	650240	651287	390064
60	381955	657508	649508	384056
61	385638	648578	653965	384806
62	381887	651290	649368	390493
63	381722	654018	649886	387420
64	387022	646167	652804	387097
65	382826	649832	650620	389813
66	382879	652507	649473	388257
67	385911	647385	653045	386739
68	382383	648419	649197	393082
69	385056	654469	647388	386182
70	385555	649301	650156	388092
71	380619	649224	650711	392523
72	382923	653571	647598	388962
73	387827	648069	649867	387328
74	381886	651009	648272	391917
75	383787	652846	647983	388442
76	387807	647021	648412	389855
77	383238	647008	650175	392652
78	383300	653112	646457	390209
79	385396	646106	651666	389903
80	383007	646960	648189	394916
81	383357	651867	646261	391590
82	386579	645751	649944	390802
83	382776	648797	647741	393746
84	381505	653305	647337	390919
85	386030	644572	649834	392613
86	384386	645974	648522	394230
87	385766	651085	645832	390372
88	389079	644935	648504	390520
89	382193	646576	647567	396712
90	384204	650181	647082	391576
91	387247	645987	648906	390915
92	383515	646149	648360	395031
93	382974	649045	647784	393280
94	385564	642622	652067	392838
95	382989	645514	649261	395357
96	384413	649527	647935	391244
97	388128	644138	646526	394335
98	383882	645310	647731	396211
99	383426	650068	645425	394213
100	387410	643425	649835	392441
101	384265	645427	646881	396619
>>END_MODULE
>>Per base GC content	fail
#Base	%GC
1	55.93515469513298
2	31.029348279596086
3	33.08027908479866
4	32.86688967082368
5	19.220573727589144
6	32.57598742044323
7	33.815710457962425
8	33.56619340586194
9	53.66709997322986
10	31.950000120586243
11	41.44201851722333
12	34.62006892709597
13	41.93550565428889
14	43.06129881029614
15	38.458329012326324
16	36.100096227821176
17	34.75077175381053
18	34.83419626881908
19	35.66757749474847
20	36.22753176844547
21	36.273692181911585
22	36.639068495397225
23	36.5668132191462
24	36.42066269375194
25	36.80050935628652
26	36.64220373769116
27	36.586423486806375
28	36.733000738474416
29	36.76542160614206
30	36.63209978491968
31	36.93820366987612
32	36.959444238903565
33	36.78378981987027
34	36.848584245815445
35	36.91370316450995
36	36.774789220354094
37	36.952342728301986
38	36.90890996545538
39	36.81920690012808
40	36.95240879349036
41	36.9600558818223
42	36.88931983569349
43	37.19180216677971
44	37.07706624098921
45	37.02939890995082
46	37.05746086204801
47	37.07838609290979
48	37.03429448850121
49	37.01574517126052
50	37.036534984553576
51	36.84626145682586
52	37.10708965591763
53	37.176371384549185
54	37.01768967644742
55	37.16809036547928
56	37.22393093787264
57	36.976463278623996
58	37.33392891081677
59	37.21668501326068
60	36.95132769616604
61	37.16588671323072
62	37.25836188241605
63	37.10202282052593
64	37.34131176166978
65	37.26990276837823
66	37.19695376428526
67	37.270631138209815
68	37.4064013900084
69	37.20225074104177
70	37.31829179819247
71	37.294417911153324
72	37.23419650428787
73	37.39126743592057
74	37.326176845704275
75	37.25071850377558
76	37.51212558999949
77	37.42704670795481
78	37.31210306606891
79	37.3985743855372
80	37.5251317850996
81	37.38152261736792
82	37.49891465628853
83	37.457767744300696
84	37.25998111010455
85	37.560279568886216
86	37.557835756100005
87	37.43933470168423
88	37.60659476574959
89	37.57293608252197
90	37.42228212342918
91	37.53696838723526
92	37.55549177421728
93	37.444424559942846
94	37.54789345957317
95	37.54464886516513
96	37.41497714313554
97	37.743129099182056
98	37.62868198582436
99	37.510346663888264
100	37.61742617737304
101	37.66578300514376
>>END_MODULE
>>Per sequence GC content	pass
#GC Content	Count
0	0.0
1	0.0
2	0.0
3	0.0
4	0.5
5	1.5
6	3.0
7	5.0
8	7.5
9	14.5
10	22.5
11	28.5
12	40.5
13	57.0
14	85.5
15	122.5
16	170.0
17	288.5
18	481.5
19	758.5
20	1216.5
21	1962.0
22	3168.0
23	5188.5
24	8530.0
25	13753.0
26	21205.0
27	31090.5
28	43755.5
29	58945.0
30	75363.0
31	92277.5
32	109469.0
33	124598.0
34	135493.0
35	142731.0
36	145255.5
37	143136.0
38	136935.5
39	127312.0
40	115184.0
41	100570.0
42	86381.5
43	73425.0
44	60710.5
45	49152.0
46	39508.5
47	31589.5
48	24667.0
49	18682.5
50	14312.5
51	10611.0
52	7648.0
53	5379.5
54	3521.0
55	2555.5
56	1834.5
57	1322.0
58	1042.5
59	657.5
60	312.0
61	177.5
62	130.0
63	115.0
64	82.0
65	54.0
66	40.0
67	23.5
68	13.5
69	8.5
70	7.5
71	6.0
72	4.0
73	3.0
74	1.0
75	1.0
76	0.5
77	0.0
78	0.0
79	0.0
80	0.0
81	0.0
82	0.0
83	0.0
84	0.0
85	0.0
86	0.0
87	0.0
88	0.0
89	0.0
90	0.0
91	0.0
92	0.0
93	0.0
94	0.0
95	0.0
96	0.0
97	0.0
98	0.0
99	0.0
100	0.0
>>END_MODULE
>>Per base N content	pass
#Base	N-Count
1	0.027976008161276864
2	0.0
3	0.0
4	0.0
5	0.013023314144042678
6	0.0
7	0.0
8	0.0
9	0.0
10	0.0
11	0.0
12	0.0
13	0.0
14	0.0
15	0.0
16	0.0
17	2.4117248414893847E-4
18	0.011672748232808623
19	0.0
20	0.0
21	0.0
22	0.0
23	0.0
24	0.0
25	0.0
26	0.0
27	3.3764147780851385E-4
28	5.788139619574524E-4
29	0.00125409691757448
30	0.00125409691757448
31	0.002701131822468111
32	0.004051697733702167
33	0.004244635721021317
34	0.005064622167127708
35	0.007283409021297942
36	0.0090198509071703
37	0.010418651315234144
38	0.01128687225817032
39	0.009646899365957539
40	0.01046688581206393
41	0.012492734678915013
42	0.012058624207446923
43	0.012878610653553314
44	0.013216252131361829
45	0.013071548640872465
46	0.013553893609170344
47	0.011962155213787348
48	0.011962155213787348
49	0.012155093201106498
50	0.011238637761340533
51	0.009888071850106477
52	0.01027394782474478
53	0.010949230780361807
54	0.009068085404000087
55	0.009695133862787328
56	0.00834456795155327
57	0.009116319900829874
58	0.007090471033978791
59	0.007669284995936243
60	0.00858574043570221
61	0.010515120308893717
62	0.008055160970574545
63	0.007669284995936243
64	0.0055469671354255855
65	0.005498732638595798
66	0.004292870217851105
67	0.0060293121037234615
68	0.005981077606893674
69	0.005305794651276646
70	0.004871684179808557
71	0.0061740155942128245
72	0.007283409021297942
73	0.005498732638595798
74	0.005836374116404312
75	0.007090471033978791
76	0.005305794651276646
77	0.006366953581531975
78	0.006125781097383038
79	0.006463422575191551
80	0.006415188078361764
81	0.0062704845878724
82	0.006222250091042612
83	0.006994002040319216
84	0.00670459505934049
85	0.007524581505446881
86	0.004485808205170256
87	0.007235174524468154
88	0.008055160970574545
89	0.007572816002276669
90	0.007813988486425607
91	0.007235174524468154
92	0.007235174524468154
93	0.005884608613234099
94	0.005498732638595798
95	0.004051697733702167
96	0.004148166727361742
97	0.0037622907527234406
98	0.003424649274914927
99	0.0035211182685745018
100	0.0045340427020000434
101	6.2704845878724E-4
>>END_MODULE
>>Sequence Length Distribution	pass
#Length	Count
101	2073205.0
>>END_MODULE
>>Sequence Duplication Levels	warn
#Total Duplicate Percentage	36.05689916657554
#Duplication Level	Relative count
1	100.0
2	29.120568641446585
3	10.11033785391387
4	3.9740958838924576
5	1.7576730906495361
6	0.8743754461099215
7	0.4959255293837735
8	0.3353259576492981
9	0.22082441113490364
10++	1.8141803473709255
>>END_MODULE
>>Overrepresented sequences	pass
>>END_MODULE
>>Kmer Content	warn
#Sequence	Count	Obs/Exp Overall	Obs/Exp Max	Max Obs/Exp Position
TCCAA	375995	1.7472496	5.0343833	2
ACACC	148345	1.1648151	5.23137	6
ATACC	238010	1.106033	5.768239	6
GTATT	352080	0.977107	6.2636175	1
AATAC	350480	0.96632355	5.6073756	5
ATACT	301885	0.8302391	5.396528	6
TATTA	498975	0.81213695	5.263309	2
TATAC	288910	0.7945556	6.01301	5
GTATA	256630	0.71401256	6.760245	1
>>END_MODULE
