##FastQC	0.8.0
>>Basic Statistics	pass
#Measure	Value	
Filename	8_140619_BC47HDACXX_P1260_1018_2.fastq.gz	
File type	Conventional base calls	
Total Sequences	3662396	
Sequence length	101	
%GC	39	
>>END_MODULE
>>Per base sequence quality	pass
#Base	Mean	Median	Lower Quartile	Upper Quartile	10th Percentile	90th Percentile
1	32.104541944672285	33.0	33.0	33.0	33.0	33.0
2	32.103140403167764	33.0	33.0	33.0	33.0	33.0
3	32.09212002197469	33.0	33.0	33.0	33.0	33.0
4	35.94771564844435	37.0	37.0	37.0	33.0	37.0
5	35.975558350325855	37.0	37.0	37.0	33.0	37.0
6	36.02992822185258	37.0	37.0	37.0	37.0	37.0
7	35.9898683812455	37.0	37.0	37.0	37.0	37.0
8	36.01419234839706	37.0	37.0	37.0	37.0	37.0
9	36.035849755187584	37.0	37.0	37.0	37.0	37.0
10	36.0025652605562	37.0	37.0	37.0	33.0	37.0
11	36.03674780116623	37.0	37.0	37.0	37.0	37.0
12	36.00075497024353	37.0	37.0	37.0	33.0	37.0
13	36.00435807596994	37.0	37.0	37.0	33.0	37.0
14	38.03799425294261	40.0	37.0	40.0	37.0	40.0
15	38.06033345383732	40.0	37.0	40.0	37.0	40.0
16	38.048294067599464	40.0	37.0	40.0	37.0	40.0
17	38.00800732635138	40.0	37.0	40.0	33.0	40.0
18	38.00328855754539	40.0	37.0	40.0	33.0	40.0
19	38.03799206858024	40.0	37.0	40.0	33.0	40.0
20	38.008446929277994	40.0	37.0	40.0	33.0	40.0
21	37.96804004809966	40.0	37.0	40.0	33.0	40.0
22	37.90817022517499	40.0	37.0	40.0	33.0	40.0
23	37.87517188201385	40.0	37.0	40.0	33.0	40.0
24	37.82582222129994	40.0	37.0	40.0	33.0	40.0
25	37.765909257218496	40.0	37.0	40.0	33.0	40.0
26	37.718125511277314	40.0	37.0	40.0	33.0	40.0
27	37.68770717311836	40.0	37.0	40.0	33.0	40.0
28	37.6534926862087	40.0	37.0	40.0	33.0	40.0
29	37.60023875080685	40.0	37.0	40.0	33.0	40.0
30	37.592592117291524	40.0	37.0	40.0	33.0	40.0
31	37.554041124990306	40.0	37.0	40.0	33.0	40.0
32	37.552802318482215	40.0	37.0	40.0	33.0	40.0
33	37.548004366540376	40.0	37.0	40.0	33.0	40.0
34	37.52632211262791	40.0	37.0	40.0	33.0	40.0
35	37.51626421610334	40.0	37.0	40.0	33.0	40.0
36	37.48836417470967	40.0	37.0	40.0	33.0	40.0
37	37.46770802501969	40.0	37.0	40.0	33.0	40.0
38	37.41932221420076	40.0	37.0	40.0	33.0	40.0
39	37.38878209783977	40.0	37.0	40.0	33.0	40.0
40	37.35860868131136	40.0	37.0	40.0	33.0	40.0
41	37.26860776387917	40.0	37.0	40.0	33.0	40.0
42	37.24868037208429	40.0	37.0	40.0	33.0	40.0
43	37.216136922386326	40.0	37.0	40.0	33.0	40.0
44	37.18355524634693	40.0	37.0	40.0	33.0	40.0
45	37.1376249318752	40.0	37.0	40.0	33.0	40.0
46	37.07488540288926	40.0	37.0	40.0	33.0	40.0
47	36.98240851071266	40.0	37.0	40.0	33.0	40.0
48	36.91197729573754	40.0	37.0	40.0	33.0	40.0
49	36.8322693668298	40.0	37.0	40.0	33.0	40.0
50	36.70810365673182	40.0	37.0	40.0	33.0	40.0
51	35.14972821071233	37.0	37.0	37.0	33.0	40.0
52	35.64637931015652	37.0	37.0	40.0	33.0	40.0
53	36.15441148362984	37.0	37.0	40.0	33.0	40.0
54	36.35098607578208	37.0	37.0	40.0	33.0	40.0
55	36.37566309050141	37.0	37.0	40.0	33.0	40.0
56	36.335783186744415	37.0	37.0	40.0	33.0	40.0
57	36.53670329478298	37.0	37.0	40.0	33.0	40.0
58	36.57032145076611	37.0	37.0	40.0	33.0	40.0
59	36.54217812601368	37.0	37.0	40.0	33.0	40.0
60	36.467264326413634	37.0	37.0	40.0	33.0	40.0
61	36.38670121963873	37.0	37.0	40.0	33.0	40.0
62	36.272879284490266	37.0	37.0	40.0	33.0	40.0
63	36.15821200110529	37.0	37.0	40.0	33.0	40.0
64	36.03931278867714	37.0	37.0	40.0	33.0	40.0
65	35.933184450834915	37.0	37.0	40.0	33.0	40.0
66	35.96954015895605	37.0	37.0	40.0	33.0	40.0
67	35.889351124236704	37.0	37.0	40.0	33.0	40.0
68	35.769187712087934	37.0	37.0	40.0	33.0	40.0
69	35.62998375926579	37.0	37.0	40.0	33.0	40.0
70	35.48842943253542	37.0	37.0	37.0	33.0	40.0
71	35.33044460511643	37.0	37.0	37.0	33.0	40.0
72	35.189281279249975	37.0	37.0	37.0	33.0	40.0
73	35.01511032668231	37.0	37.0	37.0	33.0	40.0
74	34.87018334445538	37.0	37.0	37.0	33.0	40.0
75	34.701887780567695	37.0	33.0	37.0	33.0	40.0
76	34.52294836495016	37.0	33.0	37.0	27.0	37.0
77	34.35776278698426	37.0	33.0	37.0	27.0	37.0
78	34.205360643687904	37.0	33.0	37.0	27.0	37.0
79	34.085966400138055	37.0	33.0	37.0	27.0	37.0
80	34.018988935112425	37.0	33.0	37.0	27.0	37.0
81	33.927396436649666	37.0	33.0	37.0	27.0	37.0
82	33.83750146079233	37.0	33.0	37.0	27.0	37.0
83	33.76398046524734	37.0	33.0	37.0	27.0	37.0
84	33.69922586197669	37.0	33.0	37.0	27.0	37.0
85	33.636816171708354	37.0	33.0	37.0	27.0	37.0
86	33.5472461197533	37.0	33.0	37.0	27.0	37.0
87	33.486263091156715	37.0	33.0	37.0	27.0	37.0
88	33.43938257905481	37.0	33.0	37.0	27.0	37.0
89	33.38986390330265	37.0	33.0	37.0	27.0	37.0
90	33.31120255701459	37.0	33.0	37.0	27.0	37.0
91	33.255514422798626	37.0	33.0	37.0	27.0	37.0
92	33.181068895881275	37.0	33.0	37.0	27.0	37.0
93	33.11450236402617	37.0	33.0	37.0	27.0	37.0
94	33.068989808857374	37.0	33.0	37.0	27.0	37.0
95	32.995541989451716	37.0	33.0	37.0	27.0	37.0
96	32.91418486695595	37.0	33.0	37.0	27.0	37.0
97	32.8404476195365	37.0	33.0	37.0	27.0	37.0
98	32.75760431149444	37.0	33.0	37.0	27.0	37.0
99	32.676434225026455	37.0	33.0	37.0	27.0	37.0
100	32.57102809199224	37.0	33.0	37.0	27.0	37.0
101	31.80562069202784	33.0	33.0	37.0	22.0	37.0
>>END_MODULE
>>Per sequence quality scores	pass
#Quality	Count
2	19998.0
3	4490.0
4	3759.0
5	4615.0
6	3703.0
7	3291.0
8	3605.0
9	4311.0
10	5254.0
11	5412.0
12	5283.0
13	4713.0
14	4824.0
15	5367.0
16	5889.0
17	6233.0
18	6615.0
19	6736.0
20	7223.0
21	7576.0
22	8743.0
23	10046.0
24	12055.0
25	14888.0
26	18466.0
27	22623.0
28	27628.0
29	34648.0
30	43741.0
31	56614.0
32	75830.0
33	106088.0
34	153162.0
35	231505.0
36	437617.0
37	1203699.0
38	1084990.0
39	1156.0
>>END_MODULE
>>Per base sequence content	fail
#Base	G	A	T	C
1	1331241	925360	556769	834547
2	472809	816119	1635352	724377
3	539723	1126097	1204810	777852
4	410877	723239	1626974	889004
5	394084	1444729	1433223	380565
6	892261	1599011	757976	408059
7	783454	1253288	1070742	551833
8	723021	1470467	886431	580961
9	833025	674315	946433	1207868
10	504392	1082764	1330908	743664
11	1046494	1006435	1038126	570801
12	671095	1000575	1294012	696140
13	865373	908430	1117607	770667
14	675151	872108	1129571	985337
15	747646	1203040	952353	759091
16	713503	1204273	1046791	697671
17	675409	1172207	1130648	683910
18	687240	1166952	1132979	674964
19	709421	1149664	1125037	677980
20	706399	1130832	1124697	699652
21	711656	1121612	1121957	704864
22	717144	1106744	1122603	711779
23	704002	1116763	1123713	712790
24	712373	1122242	1109957	710275
25	712338	1110168	1118879	711454
26	704647	1116863	1114517	714723
27	712988	1123905	1107759	704663
28	711493	1114811	1113762	708576
29	709202	1120671	1109717	709735
30	717602	1123580	1105093	704055
31	719103	1112939	1107251	712953
32	706648	1112744	1111203	722609
33	715644	1115525	1107554	717403
34	720930	1106801	1115183	715495
35	713802	1115798	1111792	718996
36	720463	1118304	1114336	707955
37	718335	1114565	1113218	715468
38	715737	1113846	1113610	718638
39	716960	1120468	1111540	712919
40	718808	1114219	1115143	713884
41	717527	1115082	1118397	711198
42	717884	1118263	1111931	714067
43	724317	1107503	1110826	719488
44	716497	1107410	1110789	727222
45	719711	1115746	1106552	719798
46	720228	1107718	1112933	720404
47	712677	1111630	1114637	720765
48	713418	1119411	1108477	716980
49	717759	1106828	1117977	714299
50	710591	1109561	1113676	721299
51	715609	1113836	1111101	713616
52	718268	1104987	1110953	718293
53	711873	1109393	1109222	719782
54	719795	1107654	1104746	717005
55	716490	1104062	1111612	716672
56	714475	1101127	1108544	725182
57	714678	1109320	1108363	717520
58	717016	1099870	1111194	723388
59	715497	1100862	1112068	723709
60	713630	1111154	1110658	717521
61	719320	1101334	1111367	721561
62	718055	1103197	1111531	722472
63	714833	1112476	1111017	718849
64	721334	1103844	1110133	724136
65	712934	1104695	1115191	727409
66	719537	1110695	1107750	722508
67	721280	1104167	1109274	725923
68	713033	1106287	1108662	732711
69	724641	1111943	1100750	723309
70	722314	1102462	1110821	725302
71	715487	1108390	1111344	724129
72	718723	1111575	1106628	721097
73	722392	1102224	1106651	724886
74	712669	1104944	1107928	727768
75	717402	1108198	1105062	719291
76	721655	1101488	1104158	719885
77	712707	1102961	1106481	722560
78	721278	1105663	1096342	720324
79	718215	1101034	1103655	721654
80	717059	1098362	1105394	727376
81	722089	1110447	1099552	718136
82	721493	1099984	1106170	723394
83	718491	1101339	1105221	728318
84	718538	1112418	1104181	720418
85	725064	1098017	1108021	725243
86	721733	1104985	1105909	724476
87	723362	1109577	1103195	721498
88	727695	1098983	1107346	724839
89	718743	1104841	1105590	730642
90	722994	1105598	1105548	725644
91	727760	1101062	1105905	725990
92	723205	1105635	1105736	726230
93	727932	1112319	1096470	724413
94	726448	1102622	1109403	722729
95	725937	1101362	1103153	730893
96	728997	1107546	1100519	724343
97	728238	1097148	1101375	733861
98	728471	1099459	1100669	732597
99	727828	1105506	1100434	727260
100	730742	1101680	1102850	724387
101	725945	1101906	1098175	731026
>>END_MODULE
>>Per base GC content	fail
#Base	%GC
1	59.370539406461276
2	32.811689342133285
3	36.11296424101859
4	35.61226094451266
5	21.20814729010916
6	35.554029235172216
7	36.490060850153185
8	35.61935927973602
9	55.73711349638045
10	34.08379868739568
11	44.16599123504584
12	37.33756037295095
13	44.67519388587405
14	45.34167884752389
15	41.14373329182743
16	38.53310462072645
17	37.11781581104557
18	37.19699028026001
19	37.88537293608971
20	38.400116889430244
21	38.70179113130855
22	39.06007484412031
23	38.73908064708411
24	38.92496731053311
25	38.97768283792414
26	38.87886050811477
27	38.847043897279356
28	38.920480551394185
29	38.88217684092264
30	38.945985705401974
31	39.2102832065529
32	39.12338320006219
33	39.19577716960521
34	39.26365258777791
35	39.14333671730975
36	39.01653565717888
37	39.157976898535225
38	39.17097757924929
39	39.04760032191054
40	39.122634455963784
41	39.01270928653893
42	39.10142826130588
43	39.42523676086129
44	39.42521378141181
45	39.311438314471516
46	39.34773684525343
47	39.16819615985861
48	39.100223437970676
49	39.16083265903043
50	39.17483578545971
51	39.11225063366102
52	39.3308858779231
53	39.22052341333655
54	39.37301326318097
55	39.277238001379075
56	39.44992064292385
57	39.23958068769913
58	39.447257924757935
59	39.40724003706324
60	39.17781264140918
61	39.43748901762709
62	39.40975390225853
63	39.20189763957153
64	39.49968396864335
65	39.351171743625876
66	39.39486243644976
67	39.53410929880097
68	39.49372427570408
69	39.554526349605794
70	39.542636931529664
71	39.34075723830735
72	39.36060544179192
73	39.58472197416246
74	39.42828268837922
75	39.36195890741607
76	39.52471850900941
77	39.37946760633017
78	39.56524400134263
79	39.507369617934465
80	39.593184677008416
81	39.45579778117727
82	39.57465829608597
83	39.60204950553859
84	39.36354397622249
85	39.665485614732745
86	39.54520832473135
87	39.50260715129351
88	39.69905405039763
89	39.60267401421274
90	39.582609246884516
91	39.71216567683326
92	39.59332999344953
93	39.669266407621244
94	39.58200066535526
95	39.78947627169797
96	39.69350563513187
97	39.94127227558595
98	39.90685011127511
99	39.745339287216595
100	39.761327489801644
101	39.840040557257595
>>END_MODULE
>>Per sequence GC content	pass
#GC Content	Count
0	120.0
1	57.5
2	69.0
3	98.0
4	129.5
5	145.0
6	150.0
7	166.5
8	200.5
9	239.5
10	286.5
11	335.5
12	391.0
13	459.0
14	537.0
15	656.5
16	787.5
17	940.0
18	1201.0
19	1565.5
20	2164.5
21	3089.0
22	4296.0
23	6246.0
24	9401.5
25	14174.5
26	21467.5
27	31153.0
28	43280.5
29	58893.0
30	79390.5
31	103337.5
32	128364.0
33	153031.5
34	177299.5
35	198827.5
36	215999.0
37	229460.0
38	236729.5
39	235941.5
40	228936.0
41	217287.0
42	201309.5
43	183316.0
44	161241.0
45	137149.5
46	116065.0
47	97221.5
48	80646.5
49	66698.5
50	54985.0
51	42891.5
52	31956.5
53	23229.0
54	16508.5
55	12202.0
56	8580.5
57	5925.5
58	3943.0
59	3127.5
60	2237.0
61	1403.5
62	1273.0
63	875.0
64	505.0
65	371.5
66	270.5
67	195.5
68	147.5
69	125.0
70	104.0
71	74.0
72	58.5
73	51.5
74	36.5
75	33.0
76	31.5
77	29.5
78	25.5
79	18.0
80	18.0
81	18.5
82	18.0
83	13.5
84	9.5
85	10.0
86	8.0
87	3.5
88	4.5
89	4.5
90	2.0
91	3.5
92	2.0
93	3.0
94	5.0
95	4.0
96	3.5
97	3.0
98	2.5
99	1.0
100	0.0
>>END_MODULE
>>Per base N content	pass
#Base	N-Count
1	0.3953422841221976
2	0.3751369322159592
3	0.37991522489648855
4	0.3359003231764124
5	0.26744786746162896
6	0.13895275114979372
7	0.08407064664771369
8	0.041393666878185756
9	0.020614919850283804
10	0.018239425774820635
11	0.014744445985633448
12	0.015672799992136294
13	0.008710144943364945
14	0.0062527372790927025
15	0.007263004874404625
16	0.004314115677277935
17	0.006061605571871529
18	0.007126482226389501
19	0.008027531703289322
20	0.022280496156068322
21	0.06299154979417845
22	0.11265848914208075
23	0.1400176278043117
24	0.20612189397323502
25	0.260949389416109
26	0.31798855175682805
27	0.3571705517371688
28	0.37554650016000457
29	0.35689750644113855
30	0.3294564541900985
31	0.2771409754707028
32	0.2509832361110049
33	0.17119940061096614
34	0.10886315952726029
35	0.05482749544287401
36	0.036533460608847323
37	0.022116668978450174
38	0.015427059225709073
39	0.013898005567939678
40	0.009338149124234517
41	0.005242469683780782
42	0.0068534369303592515
43	0.007153786755992526
44	0.013051565150245904
45	0.016082367936181667
46	0.03038994144816672
47	0.07336727104332791
48	0.11222161666843236
49	0.1510759622935368
50	0.198476625684388
51	0.22482549675130709
52	0.27017832042193146
53	0.33109472596628
54	0.36031057264151667
55	0.3702494214170177
56	0.35681559285232944
57	0.34171618798185666
58	0.2983838995018561
59	0.2801444737270355
60	0.2575636277453339
61	0.2406621239210615
62	0.19498164589520084
63	0.14255694905739302
64	0.08052105779932044
65	0.05916891564975497
66	0.05204243342336547
67	0.04783753586449963
68	0.04649961391395141
69	0.04786484039410266
70	0.04087488081572828
71	0.08316959717081386
72	0.11940270795402791
73	0.17046217831168448
74	0.2481162605026873
75	0.3397502618504389
76	0.41530189526200884
77	0.4829352150887015
78	0.513024806711235
79	0.4870581990587582
80	0.3878608430109688
81	0.33235073432801915
82	0.3100429336423478
83	0.2464779887265058
84	0.18679028701429337
85	0.1652197086279037
86	0.14452287518881082
87	0.13007877902881065
88	0.09646690308748698
89	0.07044568637580426
90	0.07131943132310105
91	0.04584430520347882
92	0.043414202068809596
93	0.03445831635901743
94	0.03260160834601174
95	0.02869706061277917
96	0.02705878883659768
97	0.04843823551576618
98	0.032765435523629885
99	0.03735259649693807
100	0.07473249752347916
101	0.14591540619856508
>>END_MODULE
>>Sequence Length Distribution	pass
#Length	Count
101	3662396.0
>>END_MODULE
>>Sequence Duplication Levels	warn
#Total Duplicate Percentage	40.07151000103638
#Duplication Level	Relative count
1	100.0
2	29.717407538419213
3	11.570176472900208
4	5.214793852926149
5	2.6011083598632236
6	1.4023503517666942
7	0.9008371654286051
8	0.5911252603859608
9	0.4409857328145266
10++	4.775380261761585
>>END_MODULE
>>Overrepresented sequences	pass
>>END_MODULE
>>Kmer Content	warn
#Sequence	Count	Obs/Exp Overall	Obs/Exp Max	Max Obs/Exp Position
GTCTT	420600	1.1007818	5.107879	1
GTCCA	248500	1.0123045	5.193428	1
TACTG	369820	0.97367036	5.099251	7
GTATT	537260	0.91420305	6.1886616	1
TATAC	478300	0.8181878	6.021096	5
ATACT	452995	0.7749007	5.078479	6
TATTA	664485	0.7346399	5.0414357	2
GTATA	421895	0.72219104	7.398173	1
GTGTA	264475	0.69678897	5.119157	1
>>END_MODULE
