##FastQC	0.8.0
>>Basic Statistics	pass
#Measure	Value	
Filename	8_140619_BC47HDACXX_P1260_1002_1.fastq.gz	
File type	Conventional base calls	
Total Sequences	1853630	
Sequence length	101	
%GC	37	
>>END_MODULE
>>Per base sequence quality	pass
#Base	Mean	Median	Lower Quartile	Upper Quartile	10th Percentile	90th Percentile
1	32.747369216078724	33.0	33.0	33.0	33.0	33.0
2	32.79797424512983	33.0	33.0	33.0	33.0	33.0
3	32.79230159201135	33.0	33.0	33.0	33.0	33.0
4	36.75179620528369	37.0	37.0	37.0	37.0	37.0
5	36.66731116781666	37.0	37.0	37.0	37.0	37.0
6	36.64897471447916	37.0	37.0	37.0	37.0	37.0
7	36.62135647351413	37.0	37.0	37.0	37.0	37.0
8	36.61605336555839	37.0	37.0	37.0	37.0	37.0
9	36.584369588321294	37.0	37.0	37.0	37.0	37.0
10	36.586632175784814	37.0	37.0	37.0	37.0	37.0
11	36.610882430690054	37.0	37.0	37.0	37.0	37.0
12	36.576704628215985	37.0	37.0	37.0	37.0	37.0
13	36.58491824150451	37.0	37.0	37.0	37.0	37.0
14	38.75345673084704	40.0	37.0	40.0	37.0	40.0
15	38.769332067348934	40.0	37.0	40.0	37.0	40.0
16	38.74914519078781	40.0	37.0	40.0	37.0	40.0
17	38.739836429060816	40.0	37.0	40.0	37.0	40.0
18	38.74471874106483	40.0	37.0	40.0	37.0	40.0
19	38.780455107006254	40.0	37.0	40.0	37.0	40.0
20	38.75838813571209	40.0	37.0	40.0	37.0	40.0
21	38.73924461731845	40.0	37.0	40.0	37.0	40.0
22	38.70611233093983	40.0	37.0	40.0	37.0	40.0
23	38.6856406078883	40.0	37.0	40.0	37.0	40.0
24	38.678986097549135	40.0	37.0	40.0	37.0	40.0
25	38.641315149193744	40.0	37.0	40.0	37.0	40.0
26	38.595277374664846	40.0	37.0	40.0	37.0	40.0
27	38.57330049686291	40.0	37.0	40.0	37.0	40.0
28	38.56642371994411	40.0	37.0	40.0	37.0	40.0
29	38.54330907462654	40.0	37.0	40.0	37.0	40.0
30	38.5290894083501	40.0	37.0	40.0	37.0	40.0
31	38.505401293677814	40.0	37.0	40.0	37.0	40.0
32	38.492700269201514	40.0	37.0	40.0	37.0	40.0
33	38.46073704029391	40.0	37.0	40.0	37.0	40.0
34	38.44610952563349	40.0	37.0	40.0	37.0	40.0
35	38.424358690785105	40.0	37.0	40.0	37.0	40.0
36	38.375959064106645	40.0	37.0	40.0	37.0	40.0
37	38.469237658000786	40.0	37.0	40.0	37.0	40.0
38	38.48535468243393	40.0	37.0	40.0	37.0	40.0
39	38.473558369253844	40.0	37.0	40.0	37.0	40.0
40	38.44414311378215	40.0	37.0	40.0	37.0	40.0
41	38.437959571219714	40.0	37.0	40.0	37.0	40.0
42	38.43130128450662	40.0	37.0	40.0	37.0	40.0
43	38.39354617696088	40.0	37.0	40.0	37.0	40.0
44	38.36498761888834	40.0	37.0	40.0	37.0	40.0
45	38.35414133349158	40.0	37.0	40.0	37.0	40.0
46	38.31443761700016	40.0	37.0	40.0	37.0	40.0
47	38.28654424022054	40.0	37.0	40.0	37.0	40.0
48	38.25527856152522	40.0	37.0	40.0	37.0	40.0
49	38.226698963655096	40.0	37.0	40.0	37.0	40.0
50	38.27016071168464	40.0	37.0	40.0	37.0	40.0
51	38.26739155063308	40.0	37.0	40.0	37.0	40.0
52	38.236473837820924	40.0	37.0	40.0	37.0	40.0
53	38.206512626575964	40.0	37.0	40.0	37.0	40.0
54	38.15338659818842	40.0	37.0	40.0	37.0	40.0
55	38.0979553632602	40.0	37.0	40.0	37.0	40.0
56	38.036574181470954	40.0	37.0	40.0	37.0	40.0
57	37.972325652908076	40.0	37.0	40.0	33.0	40.0
58	37.89634878589578	40.0	37.0	40.0	33.0	40.0
59	37.837272810647214	40.0	37.0	40.0	33.0	40.0
60	37.76171296321272	40.0	37.0	40.0	33.0	40.0
61	37.70319157544925	40.0	37.0	40.0	33.0	40.0
62	37.59106078343574	40.0	37.0	40.0	33.0	40.0
63	37.49071335703457	40.0	37.0	40.0	33.0	40.0
64	37.39767699055367	37.0	37.0	40.0	33.0	40.0
65	37.282297977482024	37.0	37.0	40.0	33.0	40.0
66	37.18672334824102	37.0	37.0	40.0	33.0	40.0
67	37.0649746713206	37.0	37.0	40.0	33.0	40.0
68	36.95132307957899	37.0	37.0	40.0	33.0	40.0
69	36.808952164132	37.0	37.0	40.0	33.0	40.0
70	36.69618262544305	37.0	37.0	40.0	33.0	40.0
71	36.57452404201486	37.0	37.0	40.0	33.0	40.0
72	36.43052766733383	37.0	37.0	40.0	33.0	40.0
73	36.30015105495703	37.0	37.0	37.0	33.0	40.0
74	36.12256761058032	37.0	37.0	37.0	33.0	40.0
75	35.98792909048731	37.0	37.0	37.0	33.0	40.0
76	34.36139952417688	37.0	33.0	37.0	27.0	37.0
77	34.988389808106255	37.0	33.0	37.0	33.0	37.0
78	35.4084892885851	37.0	33.0	37.0	33.0	37.0
79	35.529860328112946	37.0	33.0	37.0	33.0	37.0
80	35.50551728230553	37.0	37.0	37.0	33.0	37.0
81	35.43546608546474	37.0	33.0	37.0	33.0	37.0
82	35.34001553708129	37.0	33.0	37.0	33.0	37.0
83	35.25085750662214	37.0	33.0	37.0	33.0	37.0
84	35.17675372107702	37.0	33.0	37.0	33.0	37.0
85	35.0912210095866	37.0	33.0	37.0	33.0	37.0
86	35.01237301942675	37.0	33.0	37.0	33.0	37.0
87	34.922617242923344	37.0	33.0	37.0	33.0	37.0
88	34.829845222617244	37.0	33.0	37.0	33.0	37.0
89	34.77068832507027	37.0	33.0	37.0	33.0	37.0
90	34.712651392133274	37.0	33.0	37.0	33.0	37.0
91	34.623924947265635	37.0	33.0	37.0	33.0	37.0
92	34.56121663978248	37.0	33.0	37.0	33.0	37.0
93	34.51962419684619	37.0	33.0	37.0	33.0	37.0
94	34.465522785021825	37.0	33.0	37.0	33.0	37.0
95	34.39359365137595	37.0	33.0	37.0	33.0	37.0
96	34.318496679488355	37.0	33.0	37.0	33.0	37.0
97	34.22054779001203	37.0	33.0	37.0	33.0	37.0
98	34.13093983157372	37.0	33.0	37.0	33.0	37.0
99	34.05697631134585	37.0	33.0	37.0	33.0	37.0
100	33.98007854857766	37.0	33.0	37.0	33.0	37.0
101	32.985000242766894	33.0	33.0	37.0	27.0	37.0
>>END_MODULE
>>Per sequence quality scores	pass
#Quality	Count
2	1.0
3	1.0
4	1.0
5	1.0
6	4.0
7	8.0
8	25.0
9	69.0
10	109.0
11	193.0
12	260.0
13	300.0
14	352.0
15	443.0
16	562.0
17	710.0
18	826.0
19	932.0
20	1144.0
21	1345.0
22	1671.0
23	2185.0
24	2924.0
25	3852.0
26	5318.0
27	7196.0
28	9867.0
29	13212.0
30	18098.0
31	24271.0
32	33276.0
33	46917.0
34	67850.0
35	103999.0
36	191935.0
37	560048.0
38	751862.0
39	1863.0
>>END_MODULE
>>Per base sequence content	fail
#Base	G	A	T	C
1	621351	528029	294452	409068
2	230580	444264	833662	345124
3	235921	614784	631932	370797
4	192224	390947	853089	417236
5	186427	746006	739408	181789
6	418480	851609	390466	193072
7	373975	650699	578570	250386
8	339156	761786	466150	286538
9	401062	332977	518974	600617
10	241426	553700	702576	355928
11	487205	539566	548027	278832
12	312746	540399	674191	326294
13	414058	491246	583460	364866
14	327390	465765	593428	467047
15	359931	645671	495063	352965
16	338993	635242	550877	328516
17	323725	605183	598016	326706
18	330307	609285	589861	324177
19	342693	596609	589410	324918
20	341202	588854	586992	336582
21	337477	584634	590878	340641
22	340983	581455	589397	341795
23	336740	588875	585421	342588
24	338162	595150	583145	337168
25	341003	587037	586316	339267
26	338368	589382	584479	341400
27	340901	592512	581924	338279
28	344887	587262	584127	337333
29	341509	586858	583879	341365
30	342658	588192	584666	338095
31	346592	580516	583924	342571
32	342606	582945	581287	346764
33	343833	586413	578854	344460
34	346496	584897	579766	342419
35	343121	585981	579737	344784
36	340860	588480	581738	342551
37	343411	585636	586823	337760
38	340419	586082	586317	340810
39	343140	589024	581384	340069
40	346850	580373	587591	338816
41	345186	580812	583157	344475
42	347059	583122	580574	342875
43	349839	578592	580321	344877
44	345748	581341	576349	350192
45	345700	587715	575193	345022
46	346905	581370	582050	343305
47	339923	584163	584435	345105
48	341953	585389	584142	342146
49	344144	582116	587522	339848
50	340776	584008	583315	345529
51	343093	582907	583922	343708
52	348292	575899	583920	345519
53	345408	577432	579796	350994
54	347269	582402	576581	347378
55	350734	578746	576644	347506
56	345804	581339	577204	349283
57	342990	585155	578575	346910
58	343310	579499	583988	346833
59	338912	580377	585254	349087
60	343004	584895	581147	344584
61	345588	575694	587425	344923
62	344825	576906	580921	350978
63	344816	579635	578254	350925
64	349735	575545	578006	350344
65	346111	579686	573538	354294
66	346227	582004	574833	350458
67	346050	578838	579717	348973
68	342932	578442	579091	353065
69	344626	580728	579262	348861
70	344787	579494	582428	346911
71	340827	578173	583616	350975
72	344611	580131	580069	348739
73	350468	572665	580450	350024
74	346378	575167	577391	354570
75	348313	578452	573681	353155
76	352181	575984	573747	351700
77	346039	579950	573468	354171
78	343681	581729	576472	351648
79	344324	578303	580202	350789
80	342076	578544	578801	354119
81	343136	582256	577728	350481
82	348110	577078	579700	348654
83	346132	574289	577453	355753
84	345355	579507	574334	354376
85	349215	573724	574905	355572
86	347399	577751	571532	356896
87	348522	580099	571084	353730
88	348526	575328	576141	353140
89	341689	578257	576342	356699
90	341235	579257	577810	354660
91	346438	575339	579716	351200
92	346751	574337	576853	355000
93	345185	576313	577377	354310
94	349126	571381	578364	354092
95	345647	571936	575535	359695
96	348559	578459	572180	353884
97	351073	574179	570799	356922
98	347991	574277	571779	359114
99	344462	578215	574837	355506
100	346763	574624	576403	355369
101	344342	574328	576243	358468
>>END_MODULE
>>Per base GC content	fail
#Base	%GC
1	55.6111500890496
2	31.05819392219591
3	32.73480469226312
4	32.881646359096536
5	19.86459002066216
6	32.992182353839254
7	33.683151437989245
8	33.75506438717543
9	54.03877796539762
10	32.22617242923345
11	41.32631647092462
12	34.47505705022038
13	42.02154691065639
14	42.858445320802964
15	38.459455231087105
16	36.010947180340395
17	35.08958098433884
18	35.30823303464014
19	36.016411042117355
20	36.565226069927654
21	36.583244768373405
22	36.83464337543091
23	36.64864071677967
24	36.43293546429294
25	36.69947988344987
26	36.672279080657454
27	36.640814494479976
28	36.80495724826541
29	36.84020002039263
30	36.725774717564796
31	37.17964418486591
32	37.19083168878756
33	37.13356999503658
34	37.16676611396984
35	37.11137593782555
36	36.86881247541984
37	36.74794861973533
38	36.75111726840552
39	36.858153545203784
40	36.990445773967835
41	37.205968828730654
42	37.220696687041105
43	37.47869719345133
44	37.54470956987101
45	37.263207867805335
46	37.235586389948374
47	36.95610657166009
48	36.90590894622983
49	36.90013648894332
50	37.024958621686764
51	37.05167697976403
52	37.429853854329075
53	37.569633637781
54	37.474954548642394
55	37.66879042743158
56	37.498691756175724
57	37.218862448277164
58	37.23197186061943
59	37.11630692209341
60	37.09413421232932
61	37.25182479782912
62	37.537318666616315
63	37.533973878282076
64	37.76800116528109
65	37.785608662790665
66	37.58709095441004
67	37.496290957272905
68	37.54981036185009
69	37.415462938034835
70	37.31606262340717
71	37.3222571753963
72	37.40659814949691
73	37.79075068231831
74	37.817411974927516
75	37.84352727474791
76	37.97348096581162
77	37.77510913732421
78	37.51377102070104
79	37.50033717842619
80	37.560290039599906
81	37.41997333838296
82	37.59094749404114
83	37.865492895819926
84	37.75040840064481
85	38.02637939890451
86	37.99651269059085
87	37.88921650880662
88	37.863728222714485
89	37.689848876435725
90	37.5558160394007
91	37.65534818774616
92	37.87227979735998
93	37.74555697353475
94	37.95100064059563
95	38.06870957835464
96	37.90674130988267
97	38.20859775074974
98	38.15669550567922
99	37.77444388079999
100	37.888384105195506
101	37.92042758612503
>>END_MODULE
>>Per sequence GC content	pass
#GC Content	Count
0	0.0
1	0.0
2	0.0
3	0.0
4	0.0
5	1.0
6	3.5
7	5.0
8	6.5
9	11.5
10	19.5
11	32.0
12	54.5
13	103.0
14	172.5
15	276.5
16	396.0
17	577.0
18	920.0
19	1440.0
20	2212.5
21	3552.0
22	5380.0
23	7799.0
24	11527.5
25	16799.0
26	23910.5
27	32814.0
28	43009.5
29	54266.0
30	66380.5
31	79308.0
32	91298.0
33	101086.5
34	109668.0
35	115832.5
36	118036.5
37	117323.0
38	113164.5
39	106687.0
40	98303.0
41	88311.0
42	78814.0
43	68434.5
44	57798.5
45	48090.0
46	39963.0
47	33098.0
48	26961.0
49	21703.0
50	17225.5
51	13415.5
52	10175.5
53	7295.5
54	5083.0
55	3947.5
56	3004.5
57	2242.0
58	1621.5
59	1090.5
60	763.5
61	624.0
62	498.5
63	362.5
64	270.5
65	189.0
66	113.5
67	60.0
68	35.0
69	18.0
70	10.0
71	10.0
72	7.5
73	6.5
74	5.5
75	3.5
76	0.5
77	0.0
78	0.5
79	1.0
80	0.5
81	0.0
82	0.0
83	0.0
84	0.0
85	0.0
86	0.0
87	0.0
88	0.0
89	0.0
90	0.0
91	0.0
92	0.0
93	0.0
94	0.0
95	0.0
96	0.0
97	0.0
98	0.0
99	0.0
100	0.0
>>END_MODULE
>>Per base N content	pass
#Base	N-Count
1	0.03938218522574624
2	0.0
3	0.010573846992118167
4	0.007229058657876707
5	0.0
6	1.618445968181352E-4
7	0.0
8	0.0
9	0.0
10	0.0
11	0.0
12	0.0
13	0.0
14	0.0
15	0.0
16	1.0789639787875682E-4
17	0.0
18	0.0
19	0.0
20	0.0
21	0.0
22	0.0
23	3.236891936362704E-4
24	2.6974099469689205E-4
25	3.7763739257564886E-4
26	5.394819893937841E-5
27	7.552747851512977E-4
28	0.0011329121777269467
29	0.0010250157798481897
30	0.0010250157798481897
31	0.0014566013713632172
32	0.0015105495703025954
33	0.0037763739257564884
34	0.0028053063448476774
35	3.7763739257564886E-4
36	5.394819893937841E-5
37	0.0
38	1.0789639787875682E-4
39	7.013265862119193E-4
40	0.0
41	0.0
42	0.0
43	5.394819893937841E-5
44	0.0
45	0.0
46	0.0
47	2.1579279575751364E-4
48	0.0
49	0.0
50	1.0789639787875682E-4
51	0.0
52	0.0
53	0.0
54	0.0
55	0.0
56	0.0
57	0.0
58	0.0
59	0.0
60	0.0
61	0.0
62	0.0
63	0.0
64	0.0
65	5.394819893937841E-5
66	0.005826405485452869
67	0.0028053063448476774
68	0.005394819893937841
69	0.008254074437724896
70	5.394819893937841E-4
71	0.0021039797586357577
72	0.004315855915150273
73	0.0012408085756057034
74	0.0066895766684829236
75	0.0015644977692419737
76	9.710675809088114E-4
77	1.0789639787875682E-4
78	0.005394819893937841
79	6.473783872725409E-4
80	0.004855337904544057
81	0.0015644977692419737
82	0.0047474415066653
83	1.618445968181352E-4
84	0.0031289955384839474
85	0.01154491457302698
86	0.0028053063448476774
87	0.01051989879317879
88	0.026704358474992314
89	0.03468869191802032
90	0.03603739689150478
91	0.05054946240619757
92	0.03717030906923172
93	0.024006948528023393
94	0.0359834486925654
95	0.04407567853347216
96	0.02956361301877937
97	0.03544396670317162
98	0.02530170530256847
99	0.03290840135302083
100	0.025409601700447232
101	0.013433101535905222
>>END_MODULE
>>Sequence Length Distribution	pass
#Length	Count
101	1853630.0
>>END_MODULE
>>Sequence Duplication Levels	warn
#Total Duplicate Percentage	30.668173538191553
#Duplication Level	Relative count
1	100.0
2	24.085753784570095
3	6.906797438666236
4	2.2779638634597266
5	1.0337499054287345
6	0.5791200401669957
7	0.4092356578377226
8	0.2874966470187698
9	0.23040999222796146
10++	1.747676985824627
>>END_MODULE
>>Overrepresented sequences	pass
>>END_MODULE
>>Kmer Content	warn
#Sequence	Count	Obs/Exp Overall	Obs/Exp Max	Max Obs/Exp Position
GTCTT	217495	1.1357754	5.103443	1
ATACC	207005	1.0764878	5.346752	6
GTATT	322285	1.0067208	6.432334	1
AATAC	311700	0.969596	5.1557627	5
ATATA	502910	0.9330369	5.0235066	1
TATTA	471855	0.8728625	5.401289	2
TATAC	278880	0.86496824	6.0294833	5
ATACT	266180	0.8255782	5.2538385	6
GTATA	237900	0.74530613	6.7248774	1
>>END_MODULE
