##FastQC	0.8.0
>>Basic Statistics	pass
#Measure	Value	
Filename	1_140716_AH9BY4ADXX_P1260_1009_1.fastq.gz	
File type	Conventional base calls	
Total Sequences	1944249	
Sequence length	101	
%GC	37	
>>END_MODULE
>>Per base sequence quality	pass
#Base	Mean	Median	Lower Quartile	Upper Quartile	10th Percentile	90th Percentile
1	32.73488529504194	33.0	33.0	33.0	33.0	33.0
2	32.75418529211022	33.0	33.0	33.0	33.0	33.0
3	32.759139904405245	33.0	33.0	33.0	33.0	33.0
4	36.69871091614294	37.0	37.0	37.0	37.0	37.0
5	36.636668451417485	37.0	37.0	37.0	37.0	37.0
6	36.619342995675964	37.0	37.0	37.0	37.0	37.0
7	36.563819243317084	37.0	37.0	37.0	37.0	37.0
8	36.55801803164101	37.0	37.0	37.0	37.0	37.0
9	36.53523082691569	37.0	37.0	37.0	37.0	37.0
10	36.52871725792324	37.0	37.0	37.0	37.0	37.0
11	36.5481684701908	37.0	37.0	37.0	37.0	37.0
12	36.52815714448098	37.0	37.0	37.0	37.0	37.0
13	36.526575042599994	37.0	37.0	37.0	37.0	37.0
14	38.62886903889368	40.0	37.0	40.0	37.0	40.0
15	38.64957574878527	40.0	37.0	40.0	37.0	40.0
16	38.65664737387032	40.0	37.0	40.0	37.0	40.0
17	38.6433322069344	40.0	37.0	40.0	37.0	40.0
18	38.65671989544549	40.0	37.0	40.0	37.0	40.0
19	38.6958018237376	40.0	37.0	40.0	37.0	40.0
20	38.69139138042504	40.0	37.0	40.0	37.0	40.0
21	38.67159710510331	40.0	37.0	40.0	37.0	40.0
22	38.67744975052064	40.0	37.0	40.0	37.0	40.0
23	38.67539445822011	40.0	37.0	40.0	37.0	40.0
24	38.66237503529641	40.0	37.0	40.0	37.0	40.0
25	38.63945358850641	40.0	37.0	40.0	37.0	40.0
26	38.594046853052255	40.0	37.0	40.0	37.0	40.0
27	38.583381038128344	40.0	37.0	40.0	37.0	40.0
28	38.5933761570663	40.0	37.0	40.0	37.0	40.0
29	38.58657455912283	40.0	37.0	40.0	37.0	40.0
30	38.56466687137296	40.0	37.0	40.0	37.0	40.0
31	38.5582350820291	40.0	37.0	40.0	37.0	40.0
32	38.53954457479469	40.0	37.0	40.0	37.0	40.0
33	38.510881579468474	40.0	37.0	40.0	37.0	40.0
34	38.50857580484804	40.0	37.0	40.0	37.0	40.0
35	38.496820623284364	40.0	37.0	40.0	37.0	40.0
36	38.48924957657172	40.0	37.0	40.0	37.0	40.0
37	38.46651071956318	40.0	37.0	40.0	37.0	40.0
38	38.45162630918159	40.0	37.0	40.0	37.0	40.0
39	38.436748585186365	40.0	37.0	40.0	37.0	40.0
40	38.43261228371469	40.0	37.0	40.0	37.0	40.0
41	38.4153783800326	40.0	37.0	40.0	37.0	40.0
42	38.386508106729124	40.0	37.0	40.0	37.0	40.0
43	38.39395314077569	40.0	37.0	40.0	37.0	40.0
44	38.36981014263091	40.0	37.0	40.0	37.0	40.0
45	38.3413852855267	40.0	37.0	40.0	37.0	40.0
46	38.34736188626045	40.0	37.0	40.0	37.0	40.0
47	38.316754695514824	40.0	37.0	40.0	37.0	40.0
48	38.29575892799739	40.0	37.0	40.0	37.0	40.0
49	38.283301675865594	40.0	37.0	40.0	37.0	40.0
50	38.247575284852914	40.0	37.0	40.0	37.0	40.0
51	38.196876531761106	40.0	37.0	40.0	37.0	40.0
52	38.16941348561836	40.0	37.0	40.0	37.0	40.0
53	38.14445217665021	40.0	37.0	40.0	37.0	40.0
54	38.09630247977497	40.0	37.0	40.0	37.0	40.0
55	38.028760205097186	40.0	37.0	40.0	33.0	40.0
56	37.98922051650791	40.0	37.0	40.0	33.0	40.0
57	37.94159647246829	40.0	37.0	40.0	33.0	40.0
58	37.88639263798001	40.0	37.0	40.0	33.0	40.0
59	37.82092057138772	40.0	37.0	40.0	33.0	40.0
60	37.76835425915096	40.0	37.0	40.0	33.0	40.0
61	37.667795122949784	40.0	37.0	40.0	33.0	40.0
62	37.59153637214163	40.0	37.0	40.0	33.0	40.0
63	37.5183250705028	40.0	37.0	40.0	33.0	40.0
64	37.43463928745752	37.0	37.0	40.0	33.0	40.0
65	37.32273541094788	37.0	37.0	40.0	33.0	40.0
66	37.27298252435774	37.0	37.0	40.0	33.0	40.0
67	37.189897487410306	37.0	37.0	40.0	33.0	40.0
68	37.09819369844089	37.0	37.0	40.0	33.0	40.0
69	36.98049735399118	37.0	37.0	40.0	33.0	40.0
70	36.85411487931844	37.0	37.0	40.0	33.0	40.0
71	36.72044115748549	37.0	37.0	40.0	33.0	40.0
72	36.583720500820625	37.0	37.0	40.0	33.0	40.0
73	36.47245594571477	37.0	37.0	37.0	33.0	40.0
74	36.43105281267986	37.0	37.0	37.0	33.0	40.0
75	36.35358382593999	37.0	37.0	37.0	33.0	40.0
76	36.20187280538655	37.0	37.0	37.0	33.0	40.0
77	36.09382131609686	37.0	37.0	37.0	33.0	40.0
78	35.97546353373462	37.0	37.0	37.0	33.0	40.0
79	35.89071512959502	37.0	37.0	37.0	33.0	37.0
80	35.79193251481677	37.0	37.0	37.0	33.0	37.0
81	35.69890687869712	37.0	37.0	37.0	33.0	37.0
82	35.6043737196213	37.0	37.0	37.0	33.0	37.0
83	35.53429833318675	37.0	37.0	37.0	33.0	37.0
84	35.45498133212361	37.0	37.0	37.0	33.0	37.0
85	35.38694117883049	37.0	33.0	37.0	33.0	37.0
86	35.32784638181632	37.0	33.0	37.0	33.0	37.0
87	35.26830462559065	37.0	33.0	37.0	33.0	37.0
88	35.23032183634915	37.0	33.0	37.0	33.0	37.0
89	35.18327847924829	37.0	33.0	37.0	33.0	37.0
90	35.140860558498424	37.0	33.0	37.0	33.0	37.0
91	35.097804859357005	37.0	33.0	37.0	33.0	37.0
92	35.061983315923015	37.0	33.0	37.0	33.0	37.0
93	35.007824615057025	37.0	33.0	37.0	33.0	37.0
94	34.98431528060449	37.0	33.0	37.0	33.0	37.0
95	34.94998120096757	37.0	33.0	37.0	33.0	37.0
96	34.92317907839994	37.0	33.0	37.0	33.0	37.0
97	34.906878182784205	37.0	33.0	37.0	33.0	37.0
98	34.86198167004329	37.0	33.0	37.0	33.0	37.0
99	34.82338681928086	37.0	33.0	37.0	33.0	37.0
100	34.77655125449466	37.0	33.0	37.0	33.0	37.0
101	34.34930453866763	37.0	33.0	37.0	33.0	37.0
>>END_MODULE
>>Per sequence quality scores	pass
#Quality	Count
3	1.0
4	0.0
5	0.0
6	2.0
7	5.0
8	32.0
9	82.0
10	136.0
11	206.0
12	233.0
13	301.0
14	324.0
15	373.0
16	423.0
17	468.0
18	579.0
19	736.0
20	851.0
21	1102.0
22	1313.0
23	1795.0
24	2414.0
25	3304.0
26	4576.0
27	6440.0
28	9244.0
29	12602.0
30	17578.0
31	24394.0
32	34172.0
33	49260.0
34	71868.0
35	105350.0
36	177564.0
37	493054.0
38	918510.0
39	4957.0
>>END_MODULE
>>Per base sequence content	fail
#Base	G	A	T	C
1	635605	558689	310930	438503
2	225529	466009	874872	377839
3	242017	645185	656272	400775
4	193905	415914	893995	440435
5	190492	783443	780590	189494
6	433782	897419	411268	201780
7	396052	680542	602269	265386
8	359297	806088	483439	295425
9	413478	360696	539915	630160
10	250564	590080	722408	381197
11	522507	567064	564695	289983
12	336427	561507	701217	345098
13	430242	507597	616019	390391
14	339450	477716	624876	502207
15	376796	665043	520835	381575
16	358745	665053	570191	350260
17	339046	637338	622949	344912
18	345736	639046	618908	340375
19	357953	625285	617166	343845
20	357346	619184	613704	354015
21	356086	613323	617414	357426
22	358458	608696	617371	359724
23	354724	612508	613356	363661
24	355821	617687	611260	359481
25	361277	610025	613287	359660
26	358716	612345	610946	362241
27	359760	618081	607359	359042
28	364495	613922	608028	357791
29	359701	613173	608292	363057
30	360401	616362	609341	358118
31	362829	611052	608843	361468
32	360018	611991	608864	363294
33	360052	613393	607825	362890
34	362208	611956	610734	359241
35	360446	609686	610502	363460
36	360581	612845	609191	361435
37	365899	607685	610464	359972
38	360896	609666	609217	364219
39	362186	613168	607717	360956
40	363549	608897	610881	360685
41	361521	609242	608667	364550
42	362845	611407	608736	361002
43	365387	607660	608604	362317
44	361885	608000	608737	365338
45	362667	612037	607101	362157
46	364516	605709	610627	363101
47	360606	607699	609298	366388
48	362751	610081	607020	364138
49	364927	607692	609530	361843
50	359925	608348	608296	367449
51	361041	610804	609077	363105
52	364680	605137	609526	364682
53	359850	608703	608203	367261
54	362045	611276	607450	363284
55	366184	606673	608831	362360
56	362769	606188	607173	367958
57	363117	610150	605599	365192
58	366817	604227	607327	365728
59	361099	605978	608303	368720
60	362823	610714	605275	365269
61	365389	605065	608270	365315
62	361152	606936	606630	369378
63	360845	609107	607068	367083
64	365089	604962	608031	366060
65	361461	606833	606598	369254
66	363399	609533	605677	365566
67	364895	604629	608703	365909
68	362778	606432	605425	369503
69	366065	608993	604337	364762
70	364558	606124	607496	365989
71	361105	604521	607913	370601
72	362508	607969	606078	367558
73	366150	603440	608027	366525
74	362179	605050	606202	370716
75	362806	608734	605575	367003
76	367150	604682	604964	367351
77	363483	604343	605417	370887
78	363171	608031	605747	367188
79	365975	604527	607215	366413
80	362707	603811	605444	372176
81	362347	607858	604965	368965
82	365510	604040	606917	367668
83	361957	606432	603562	372171
84	361205	610461	605091	367374
85	365297	602490	607347	368971
86	362505	604940	605563	371158
87	362328	608819	604558	368409
88	367149	603056	606144	367751
89	362648	604227	605695	371533
90	362115	607118	603614	371258
91	367001	601237	606461	369420
92	363430	604661	603142	372881
93	363470	607439	603217	370022
94	365465	601414	607569	369703
95	361177	605435	605081	372491
96	364678	606301	604472	368727
97	365959	603512	604707	370001
98	363983	603577	602527	374108
99	363586	607328	602435	370841
100	367619	602208	604532	369814
101	363617	602958	604592	373073
>>END_MODULE
>>Per base GC content	fail
#Base	%GC
1	55.2602294458018
2	31.033473593145732
3	33.06119740835665
4	32.62647942727501
5	19.546413898218074
6	32.6893314590878
7	34.02023094778498
8	33.67480194152087
9	53.6782068551919
10	32.493831808580076
11	41.789400431734826
12	35.05338050836081
13	42.20822538676888
14	43.28956836290002
15	39.00585778879145
16	36.46677971802995
17	35.17859117549486
18	35.29259566938348
19	36.096096744809955
20	36.58795761242516
21	36.698591589863234
22	36.93878716152098
23	36.949228210995614
24	36.79065798670849
25	37.08048711867667
26	37.08153486592246
27	36.970809189391034
28	37.15011963568209
29	37.17464508958077
30	36.956633553164195
31	37.25439668510106
32	37.20421136661614
33	37.18531396592873
34	37.108920709887514
35	37.23616244893508
36	37.13974729071033
37	37.33865906729355
38	37.3001926956715
39	37.19814591052491
40	37.25460542424635
41	37.3497155320528
42	37.23511952221976
43	37.433949530033416
44	37.409360274902774
45	37.28591402506839
46	37.42976296237615
47	37.39698383377289
48	37.39160180865128
49	37.38544191539883
50	37.41601158013969
51	37.24979128376303
52	37.51813891282262
53	37.40250213861299
54	37.310106967138275
55	37.475617885978124
56	37.5871359732687
57	37.463336999204756
58	37.68043705593182
59	37.54019854945733
60	37.451731692249446
61	37.58690026280337
62	37.57684805688608
63	37.44287211119987
64	37.6077981958108
65	37.585397392994146
66	37.49482428279347
67	37.59016858902875
68	37.66610189194389
69	37.590945587213376
70	37.576350179794225
71	37.63648708426348
72	37.5526525464312
73	37.68629040471323
74	37.697509499024505
75	37.53933660405387
76	37.7801164212377
77	37.77370854829667
78	37.567259920468565
79	37.67176063329099
80	37.79994012770698
81	37.61631779686081
82	37.712298785835344
83	37.76141620741908
84	37.475818244758194
85	37.76894766486378
86	37.736643887404675
87	37.58714766726642
88	37.801553418034054
89	37.76451144821031
90	37.72291105675877
91	37.87941993262758
92	37.873859248994656
93	37.7281976475042
94	37.81434672512577
95	37.73655168440847
96	37.72314057663444
97	37.85453911393961
98	37.96383593209529
99	37.775474619250176
100	37.93042080102954
101	37.890898243015265
>>END_MODULE
>>Per sequence GC content	pass
#GC Content	Count
0	0.0
1	0.0
2	0.0
3	1.5
4	1.5
5	1.0
6	3.5
7	10.0
8	12.5
9	17.0
10	31.5
11	53.5
12	78.5
13	109.0
14	161.5
15	227.0
16	300.0
17	450.5
18	712.0
19	1150.5
20	1773.0
21	2757.5
22	4355.5
23	6791.0
24	10692.5
25	16135.0
26	23271.5
27	32405.5
28	43108.0
29	55350.0
30	68727.0
31	82280.5
32	95373.5
33	107114.0
34	116604.5
35	123347.0
36	126294.0
37	125312.5
38	120775.5
39	114447.0
40	105627.5
41	94594.5
42	83832.5
43	72303.5
44	60699.0
45	50408.0
46	41840.0
47	34439.0
48	27895.5
49	22103.5
50	17297.0
51	13620.5
52	10514.0
53	7789.0
54	5575.5
55	4132.5
56	3074.5
57	2306.5
58	1780.5
59	1232.5
60	835.0
61	613.5
62	460.5
63	345.5
64	246.0
65	182.5
66	120.0
67	63.5
68	35.5
69	17.5
70	6.0
71	6.0
72	3.5
73	1.0
74	2.5
75	3.5
76	2.0
77	1.0
78	0.5
79	0.0
80	0.0
81	1.0
82	1.0
83	0.0
84	0.0
85	0.0
86	0.0
87	0.0
88	0.0
89	0.0
90	0.0
91	0.0
92	0.0
93	0.0
94	0.0
95	0.0
96	0.0
97	0.0
98	0.0
99	0.0
100	0.0
>>END_MODULE
>>Per base N content	pass
#Base	N-Count
1	0.026848412934762988
2	0.0
3	0.0
4	0.0
5	0.0118297604884971
6	0.0
7	0.0
8	0.0
9	0.0
10	0.0
11	0.0
12	0.0
13	0.0
14	0.0
15	0.0
16	0.0
17	2.057349650173409E-4
18	0.009463808390797681
19	0.0
20	0.0
21	0.0
22	0.0
23	0.0
24	0.0
25	0.0
26	5.143374125433522E-5
27	3.6003618878034655E-4
28	6.686386363063579E-4
29	0.0013372772726127158
30	0.0013887110138670511
31	0.0029317232514971077
32	0.004217566782855489
33	0.004577602971635834
34	0.005657711537976874
35	0.00797222989442196
36	0.010132447027104039
37	0.011778326747242766
38	0.01290986905483814
39	0.011418290558462418
40	0.012189796677277449
41	0.013835676397416174
42	0.013321338984872822
43	0.014452881292468196
44	0.014864351222502879
45	0.014761483739994207
46	0.015224387411283225
47	0.013269905243618488
48	0.013321338984872822
49	0.013218471502364151
50	0.011881194229751436
51	0.011418290558462418
52	0.01152115804097109
53	0.011932627971005772
54	0.009978145803341033
55	0.01033818199212138
56	0.008280832341947972
57	0.009823844579578028
58	0.007715061188150282
59	0.007663627446895948
60	0.008640868530728317
61	0.010801085663410396
62	0.00786936241191329
63	0.007509326223132942
64	0.005503410314213869
65	0.0052976753491965275
66	0.0038060968528208063
67	0.00581201276173988
68	0.005709145279231209
69	0.004731904195398841
70	0.004217566782855489
71	0.005606277796722539
72	0.00699498881058959
73	0.005503410314213869
74	0.005246241607942193
75	0.006737820104317914
76	0.005246241607942193
77	0.006120615209265891
78	0.005760579020485545
79	0.006120615209265891
80	0.005709145279231209
81	0.005863446502994215
82	0.005863446502994215
83	0.006532085139300573
84	0.0060691814680115565
85	0.007406458740624272
86	0.0042690005241098235
87	0.006943555069335255
88	0.007663627446895948
89	0.007509326223132942
90	0.007406458740624272
91	0.006686386363063578
92	0.006943555069335255
93	0.005194807866687857
94	0.0050405066429248515
95	0.003343193181531789
96	0.0036517956290578004
97	0.0036003618878034656
98	0.0027774220277341022
99	0.0030345907340057782
100	0.003908964335329477
101	4.62903671289017E-4
>>END_MODULE
>>Sequence Length Distribution	pass
#Length	Count
101	1944249.0
>>END_MODULE
>>Sequence Duplication Levels	warn
#Total Duplicate Percentage	22.788045425061238
#Duplication Level	Relative count
1	100.0
2	17.314082228881674
3	3.9127054781638306
4	1.2532443920604868
5	0.59684275199679
6	0.3755344626534425
7	0.29027121236818676
8	0.21002344739382844
9	0.16613795092347625
10++	1.268290847993179
>>END_MODULE
>>Overrepresented sequences	pass
>>END_MODULE
>>Kmer Content	warn
#Sequence	Count	Obs/Exp Overall	Obs/Exp Max	Max Obs/Exp Position
ACACC	142905	1.181079	5.1929326	6
ATACC	226180	1.1195468	5.8970027	6
GTATT	341955	1.0223761	6.330241	1
AATAC	336000	0.99850357	5.6372695	5
ATATA	554635	0.98712945	5.3923163	1
ATACA	323370	0.9609705	5.159414	6
TATTA	502110	0.89145595	5.7890077	2
ATACT	291440	0.8639601	5.7387094	6
TATAC	287445	0.8521171	6.945361	5
GTATA	265835	0.7967456	7.1888328	1
>>END_MODULE
