##FastQC	0.8.0
>>Basic Statistics	pass
#Measure	Value	
Filename	1_140716_AH9BY4ADXX_P1260_1006_2.fastq.gz	
File type	Conventional base calls	
Total Sequences	1929277	
Sequence length	101	
%GC	36	
>>END_MODULE
>>Per base sequence quality	pass
#Base	Mean	Median	Lower Quartile	Upper Quartile	10th Percentile	90th Percentile
1	31.731997012352295	33.0	33.0	33.0	27.0	33.0
2	31.760272371463508	33.0	33.0	33.0	27.0	33.0
3	31.734462702867447	33.0	33.0	33.0	27.0	33.0
4	35.571748898680696	37.0	37.0	37.0	33.0	37.0
5	35.58296657245175	37.0	37.0	37.0	33.0	37.0
6	35.63553807980917	37.0	37.0	37.0	33.0	37.0
7	35.55288328218291	37.0	37.0	37.0	33.0	37.0
8	35.57691922932788	37.0	37.0	37.0	33.0	37.0
9	35.52766606350462	37.0	37.0	37.0	33.0	37.0
10	35.521002945663064	37.0	37.0	37.0	33.0	37.0
11	35.53333087990993	37.0	37.0	37.0	33.0	37.0
12	35.50322581982784	37.0	37.0	37.0	33.0	37.0
13	35.48370918224806	37.0	37.0	37.0	33.0	37.0
14	37.4134844296594	40.0	37.0	40.0	33.0	40.0
15	37.46049167641557	40.0	37.0	40.0	33.0	40.0
16	37.438516086596174	40.0	37.0	40.0	33.0	40.0
17	37.39837928923633	40.0	37.0	40.0	33.0	40.0
18	37.31047485664319	40.0	37.0	40.0	33.0	40.0
19	37.41580343309955	40.0	37.0	40.0	33.0	40.0
20	37.407224053362995	40.0	37.0	40.0	33.0	40.0
21	37.392300328050354	40.0	37.0	40.0	33.0	40.0
22	37.35914749411308	40.0	37.0	40.0	33.0	40.0
23	37.33040874897695	40.0	37.0	40.0	33.0	40.0
24	37.303214623923886	40.0	37.0	40.0	33.0	40.0
25	37.27605781855068	40.0	37.0	40.0	33.0	40.0
26	37.26433010915488	40.0	37.0	40.0	33.0	40.0
27	37.25714347913752	40.0	37.0	40.0	33.0	40.0
28	37.215553805907604	40.0	37.0	40.0	33.0	40.0
29	37.18164213847986	40.0	37.0	40.0	33.0	40.0
30	37.123150796904746	40.0	37.0	40.0	33.0	40.0
31	37.1381377583416	40.0	37.0	40.0	33.0	40.0
32	37.12362040287631	40.0	37.0	40.0	33.0	40.0
33	37.100656878198414	40.0	37.0	40.0	33.0	40.0
34	37.0630583373979	40.0	37.0	40.0	33.0	40.0
35	37.025849061591465	40.0	37.0	40.0	33.0	40.0
36	36.99133457766821	40.0	37.0	40.0	33.0	40.0
37	36.98374624276348	40.0	37.0	40.0	33.0	40.0
38	36.9499828173974	40.0	37.0	40.0	33.0	40.0
39	36.896302604550826	40.0	37.0	40.0	33.0	40.0
40	36.893470455512606	40.0	37.0	40.0	33.0	40.0
41	36.84027280685977	40.0	37.0	40.0	33.0	40.0
42	36.83116835996075	40.0	37.0	40.0	33.0	40.0
43	36.75821616076903	40.0	37.0	40.0	33.0	40.0
44	36.69065665531699	40.0	37.0	40.0	33.0	40.0
45	36.65345308112832	40.0	37.0	40.0	33.0	40.0
46	36.604892921026895	40.0	37.0	40.0	33.0	40.0
47	36.57086722124402	40.0	37.0	40.0	33.0	40.0
48	36.47282323896465	40.0	37.0	40.0	33.0	40.0
49	36.44917914845821	40.0	37.0	40.0	33.0	40.0
50	36.4218082732547	40.0	37.0	40.0	33.0	40.0
51	36.3716241887505	40.0	37.0	40.0	33.0	40.0
52	36.3224202641715	40.0	37.0	40.0	33.0	40.0
53	36.27944768947124	40.0	37.0	40.0	33.0	40.0
54	36.20624513742713	40.0	37.0	40.0	33.0	40.0
55	36.16490685370737	40.0	37.0	40.0	33.0	40.0
56	36.09891995809829	40.0	37.0	40.0	33.0	40.0
57	36.01680318585667	40.0	37.0	40.0	33.0	40.0
58	35.97275248707158	40.0	37.0	40.0	33.0	40.0
59	35.91630595295543	37.0	37.0	40.0	27.0	40.0
60	35.8339357178881	37.0	37.0	40.0	27.0	40.0
61	35.74597530577517	37.0	37.0	40.0	27.0	40.0
62	35.66193138673192	37.0	37.0	40.0	27.0	40.0
63	35.57732559917523	37.0	37.0	40.0	27.0	40.0
64	35.48557205626771	37.0	37.0	40.0	27.0	40.0
65	35.357481066741585	37.0	37.0	40.0	27.0	40.0
66	35.258819236428984	37.0	37.0	40.0	27.0	40.0
67	35.13235631793672	37.0	37.0	40.0	27.0	40.0
68	35.0023247050579	37.0	37.0	40.0	27.0	40.0
69	34.90086234376919	37.0	37.0	40.0	27.0	40.0
70	34.765987984099745	37.0	33.0	40.0	27.0	40.0
71	34.62940158411674	37.0	33.0	40.0	27.0	40.0
72	34.45279293745792	37.0	33.0	37.0	27.0	40.0
73	34.32831884690483	37.0	33.0	37.0	27.0	40.0
74	34.188238391895	37.0	33.0	37.0	27.0	40.0
75	34.035613341163554	37.0	33.0	37.0	27.0	40.0
76	33.90426309959638	37.0	33.0	37.0	27.0	40.0
77	33.76775652226197	37.0	33.0	37.0	27.0	40.0
78	33.60712380855626	37.0	33.0	37.0	27.0	37.0
79	33.47251535160581	37.0	33.0	37.0	27.0	37.0
80	33.348439337637885	37.0	33.0	37.0	27.0	37.0
81	33.210414574993635	37.0	33.0	37.0	27.0	37.0
82	33.0964003613789	37.0	33.0	37.0	27.0	37.0
83	33.162975041945764	37.0	33.0	37.0	27.0	37.0
84	33.14103158851736	37.0	33.0	37.0	27.0	37.0
85	33.06224352438763	37.0	33.0	37.0	27.0	37.0
86	32.9907042897417	37.0	33.0	37.0	27.0	37.0
87	32.91918008663349	37.0	33.0	37.0	27.0	37.0
88	32.852405331116266	37.0	33.0	37.0	27.0	37.0
89	32.92799582434249	37.0	33.0	37.0	27.0	37.0
90	32.92071745011214	37.0	33.0	37.0	27.0	37.0
91	32.87862240621746	37.0	33.0	37.0	27.0	37.0
92	32.8346815931564	37.0	33.0	37.0	27.0	37.0
93	32.748771690120186	37.0	33.0	37.0	27.0	37.0
94	32.73121278074636	37.0	33.0	37.0	27.0	37.0
95	32.69452701711574	37.0	33.0	37.0	27.0	37.0
96	32.628742269772566	37.0	33.0	37.0	27.0	37.0
97	32.56459492338322	37.0	33.0	37.0	27.0	37.0
98	32.49454899426055	37.0	33.0	37.0	27.0	37.0
99	32.45528454441742	37.0	33.0	37.0	27.0	37.0
100	32.37726827200034	37.0	33.0	37.0	27.0	37.0
101	31.97153856081838	37.0	33.0	37.0	22.0	37.0
>>END_MODULE
>>Per sequence quality scores	pass
#Quality	Count
2	25087.0
3	5143.0
4	3379.0
5	2600.0
6	2356.0
7	2510.0
8	2829.0
9	3123.0
10	3148.0
11	3251.0
12	3365.0
13	3549.0
14	3707.0
15	3974.0
16	4057.0
17	4248.0
18	4076.0
19	4226.0
20	4273.0
21	4716.0
22	5166.0
23	5931.0
24	7086.0
25	8600.0
26	10635.0
27	13064.0
28	16038.0
29	20176.0
30	25067.0
31	32230.0
32	42516.0
33	57792.0
34	80126.0
35	116459.0
36	197325.0
37	484826.0
38	710498.0
39	2125.0
>>END_MODULE
>>Per base sequence content	fail
#Base	G	A	T	C
1	678974	535565	296944	417787
2	235049	448468	890285	355474
3	251654	639532	650280	387808
4	194053	394675	913523	427020
5	185085	783561	780182	180442
6	428057	897743	411561	191914
7	390686	681205	602819	254565
8	354166	805650	485210	284247
9	410144	363655	540368	615080
10	243938	590610	726785	367944
11	514010	563467	570684	281114
12	333203	560366	702586	333115
13	425957	506824	617810	378686
14	334930	477597	625450	491292
15	368997	666439	520488	373326
16	354980	662608	570864	340820
17	333834	637342	622045	336034
18	341617	636578	619779	331293
19	352532	626504	616619	333619
20	351605	620272	612286	345087
21	349559	614677	616479	348547
22	354921	607683	616068	350576
23	350333	611059	614283	353537
24	351095	617494	612192	348423
25	354956	609196	613499	351556
26	352898	611431	610693	354190
27	354430	617667	606335	350815
28	357320	611880	607598	352414
29	352729	614594	607380	354479
30	355497	616235	607267	350184
31	357546	609520	610186	351913
32	352055	611914	608171	357012
33	353158	614152	609623	352197
34	358019	609116	610679	351286
35	354852	609430	609926	354856
36	355560	614979	607873	350597
37	359121	606916	610875	352113
38	355272	609341	608922	355490
39	355714	614332	606073	352868
40	358496	608886	609330	352083
41	355387	609125	609573	354733
42	356639	612266	606591	353320
43	360373	605853	608358	354090
44	354068	609681	607424	357343
45	355057	612867	605935	354666
46	358265	605205	611398	353570
47	354577	606216	608266	359264
48	358052	609814	605280	355075
49	358182	606551	610321	353074
50	354967	607159	608866	357127
51	353963	611039	609106	354033
52	358882	606230	609765	353269
53	355238	608210	607033	357755
54	356594	610920	607157	353718
55	359592	605548	608626	354488
56	356241	606481	606696	358921
57	356646	610973	605806	354813
58	360507	604955	607013	355811
59	355567	606154	606893	359669
60	355700	612030	604026	356473
61	360042	604467	607971	355685
62	356966	607065	603903	360132
63	354625	610720	605271	357371
64	361124	603960	607807	355220
65	355755	605981	607027	359385
66	359128	608634	604569	355991
67	359770	604923	609150	354404
68	357671	604674	604267	361563
69	358516	611074	603408	355127
70	360914	605703	605169	356253
71	355593	605013	607011	360406
72	357481	608182	603808	358493
73	362030	603311	606888	355752
74	356160	605233	606088	360656
75	357149	609889	604926	356070
76	361200	602920	605602	358195
77	358053	602686	605597	361389
78	358456	609883	602812	356719
79	360684	603541	606913	356593
80	357491	603913	604701	361737
81	357985	607161	604182	358529
82	361877	600372	606461	359122
83	355859	605397	604236	362366
84	356962	608406	604439	358075
85	360542	601820	606245	359314
86	358817	602569	605713	360787
87	361402	607535	601911	357022
88	364018	601507	605905	356533
89	357945	602803	604182	362775
90	358916	608302	602589	358176
91	363045	601746	605138	357952
92	359292	603430	603288	361748
93	359573	605805	603028	359377
94	361115	602083	605655	358938
95	357843	603761	604107	362091
96	359683	606630	604661	356886
97	362947	601127	603583	359838
98	359648	603558	602485	361955
99	360594	606460	602085	358699
100	365010	601378	604082	357359
101	361650	602053	601396	362692
>>END_MODULE
>>Per base GC content	fail
#Base	%GC
1	56.84849709993935
2	30.60852879525791
3	33.145214210112194
4	32.1921077961572
5	18.946389048707545
6	32.13492114913634
7	33.44525793367975
8	33.090858577298285
9	53.14114781570218
10	31.715611599578498
11	41.21361651397546
12	34.5373120403054
13	41.70697105703328
14	42.82565054432534
15	38.477283918621225
16	36.065417421701035
17	34.72158942182345
18	34.87904991895886
19	35.56524371343832
20	36.11206427368148
21	36.18513193127735
22	36.568497155368306
23	36.48484458939712
24	36.259410617021324
25	36.62188660936852
26	36.651648445064616
27	36.55545401910694
28	36.7888028894699
29	36.65843865431048
30	36.5792669746727
31	36.77544429843999
32	36.75537230866205
33	36.56337312674625
34	36.76870043025245
35	36.790277564663484
36	36.60724237160117
37	36.87012869195578
38	36.84566037246796
39	36.73337352714145
40	36.840566260281676
41	36.81633000106801
42	36.808021086511104
43	37.04425942383212
44	36.889037996054995
45	36.80133780998431
46	36.91251676227081
47	37.018746340732335
48	36.98367562639345
49	36.88842234540445
50	36.93205657949535
51	36.71909886258318
52	36.93449562429401
53	36.97643856872291
54	36.83447686125569
55	37.03246563990014
56	37.086943737589706
57	36.89684572132693
58	37.14791270589529
59	37.091858404601396
60	36.93404673407567
61	37.119592980891156
62	37.19260647716416
63	36.92950211801221
64	37.1526328100405
65	37.08947653395901
66	37.08504077638486
67	37.03747497078953
68	37.301282300621054
69	37.01227876823339
70	37.19670608322757
71	37.13643457572861
72	37.13627432877377
73	37.22972373690405
74	37.17661141298569
75	36.99203437283782
76	37.314625059066344
77	37.32077967552426
78	37.09664033363245
79	37.20835531513473
80	37.30741419680659
81	37.16634584411603
82	37.399472568149086
83	37.25507791548963
84	37.089251313099034
85	37.33845940782843
86	37.326065960331675
87	37.26516829454268
88	37.3736944121853
89	37.38746333074822
90	37.193896419211164
91	37.398418263367915
92	37.40303502825562
93	37.294135283898655
94	37.35119626557028
95	37.34481030728259
96	37.16914091272188
97	37.49867055426862
98	37.434414825128684
99	37.3108632571824
100	37.470595161707806
101	37.57367888946468
>>END_MODULE
>>Per sequence GC content	pass
#GC Content	Count
0	0.0
1	0.5
2	3.5
3	6.5
4	9.0
5	13.5
6	17.0
7	26.5
8	45.0
9	67.0
10	80.5
11	95.0
12	132.5
13	168.5
14	227.5
15	302.0
16	382.0
17	548.0
18	803.0
19	1157.0
20	1737.0
21	2692.5
22	4164.5
23	6627.0
24	10353.5
25	15705.5
26	22913.0
27	32293.5
28	44027.0
29	57292.0
30	72210.0
31	87296.5
32	101993.5
33	115221.5
34	124392.5
35	130176.0
36	131831.5
37	129952.5
38	124377.0
39	115610.0
40	104602.0
41	91112.0
42	78143.0
43	66343.5
44	55261.0
45	45031.5
46	35971.0
47	28652.5
48	22517.5
49	17322.5
50	13189.0
51	9857.5
52	7390.5
53	5357.0
54	3767.0
55	2755.5
56	1941.5
57	1418.0
58	1063.0
59	696.5
60	421.0
61	296.5
62	220.0
63	140.0
64	93.0
65	76.5
66	59.0
67	47.5
68	42.0
69	42.0
70	36.0
71	28.0
72	29.0
73	29.5
74	25.0
75	20.0
76	16.0
77	18.0
78	15.5
79	12.0
80	10.0
81	12.5
82	13.0
83	10.0
84	9.0
85	6.5
86	5.0
87	6.0
88	9.5
89	7.0
90	3.5
91	3.5
92	5.5
93	7.0
94	9.0
95	9.0
96	5.0
97	7.0
98	9.0
99	13.5
100	58.5
>>END_MODULE
>>Per base N content	pass
#Base	N-Count
1	3.6283022085475546E-4
2	5.1832888693536486E-5
3	1.5549866608060949E-4
4	3.1099733216121897E-4
5	3.6283022085475546E-4
6	1.0366577738707297E-4
7	1.0366577738707297E-4
8	2.0733155477414594E-4
9	0.0015549866608060947
10	0.0
11	1.0366577738707297E-4
12	3.6283022085475546E-4
13	0.0
14	4.146631095482919E-4
15	0.0013994879947254852
16	2.5916444346768243E-4
17	0.0011403235512578028
18	5.183288869353649E-4
19	1.5549866608060949E-4
20	0.0013994879947254852
21	7.774933304030473E-4
22	0.0015031537721125583
23	0.003369137765079872
24	0.0037838008746281637
25	0.003628302208547554
26	0.003369137765079872
27	0.0015549866608060947
28	0.003369137765079872
29	0.0049241244258859665
30	0.00487229153719243
31	0.005805283533676087
32	0.006479111086692061
33	0.007619434637949864
34	0.00917442129875596
35	0.011040405291723272
36	0.013891214169867779
37	0.013061887950771196
38	0.013061887950771196
39	0.015031537721125582
40	0.02498345235028459
41	0.02379129591033325
42	0.023894961687720324
43	0.03125523188220251
44	0.03944482829578127
45	0.03897833229753944
46	0.04348779361387712
47	0.049448575813633815
48	0.054735530460374535
49	0.059555989108873435
50	0.060022485107115255
51	0.05888216155585745
52	0.058622997112389774
53	0.053958037129971485
54	0.0460276051598604
55	0.05302504513348783
56	0.04861924959453723
57	0.05385437135258442
58	0.05136639269529466
59	0.05152189136137527
60	0.05432086735082624
61	0.05763817222721257
62	0.06276962820787269
63	0.06686442641466207
64	0.06043714821666355
65	0.05851933133500269
66	0.04950040870232735
67	0.05338787535434259
68	0.057119843340277206
69	0.05971148777495404
70	0.06416911620259817
71	0.06499844242169477
72	0.06805658285461341
73	0.0671754237468233
74	0.059089493110631594
75	0.06442828064606586
76	0.07049272862320963
77	0.08044464325236864
78	0.07292887439180584
79	0.08013364592020741
80	0.07438019527522487
81	0.07360270194482182
82	0.07489852416216022
83	0.07355086905612829
84	0.0723068797274834
85	0.07028539706843549
86	0.07209954817270925
87	0.07292887439180584
88	0.06810841574330695
89	0.08148130102623936
90	0.06707175796943622
91	0.07235871261617695
92	0.07873415792548194
93	0.07743833570814351
94	0.07702367259859522
95	0.07645351082296632
96	0.07344720327874121
97	0.09236620765188203
98	0.08453944145915802
99	0.07458752682999902
100	0.07505402282824084
101	0.07702367259859522
>>END_MODULE
>>Sequence Length Distribution	pass
#Length	Count
101	1929277.0
>>END_MODULE
>>Sequence Duplication Levels	warn
#Total Duplicate Percentage	31.79527189703286
#Duplication Level	Relative count
1	100.0
2	24.521734248459584
3	8.114025853720157
4	3.190309767428804
5	1.4190071160890985
6	0.7165213973921709
7	0.44282566283492636
8	0.3066795794910663
9	0.22878156273246592
10++	1.416901764284812
>>END_MODULE
>>Overrepresented sequences	pass
>>END_MODULE
>>Kmer Content	warn
#Sequence	Count	Obs/Exp Overall	Obs/Exp Max	Max Obs/Exp Position
ACACC	137320	1.1966764	5.4169483	6
GTCTT	226285	1.137289	5.7657394	1
ATACC	219135	1.113595	5.5932164	6
GTCCA	119310	1.0319046	5.168614	1
GTATT	338325	0.995043	7.1574407	1
AATAC	329190	0.9789372	5.535515	5
ATATA	539745	0.93598604	5.3780212	1
ATACA	313780	0.9331113	5.0544763	6
TATTA	499000	0.8623054	5.930737	2
ATACT	288600	0.85523283	5.641347	6
TATAC	272685	0.8080705	6.538898	5
GTATA	255285	0.7534479	8.063709	1
TATAA	424940	0.7368996	5.1291385	2
GTCTA	141625	0.714291	5.0378976	1
>>END_MODULE
