##FastQC	0.8.0
>>Basic Statistics	pass
#Measure	Value	
Filename	1_140716_AH9BY4ADXX_P1260_1012_2.fastq.gz	
File type	Conventional base calls	
Total Sequences	2073205	
Sequence length	101	
%GC	37	
>>END_MODULE
>>Per base sequence quality	pass
#Base	Mean	Median	Lower Quartile	Upper Quartile	10th Percentile	90th Percentile
1	31.846968341288004	33.0	33.0	33.0	27.0	33.0
2	31.90468863426434	33.0	33.0	33.0	33.0	33.0
3	31.869893232941266	33.0	33.0	33.0	33.0	33.0
4	35.61752118097342	37.0	37.0	37.0	33.0	37.0
5	35.77214650746067	37.0	37.0	37.0	33.0	37.0
6	35.76224589464139	37.0	37.0	37.0	33.0	37.0
7	35.715761827701556	37.0	37.0	37.0	33.0	37.0
8	35.680152228072	37.0	37.0	37.0	33.0	37.0
9	35.6808246169578	37.0	37.0	37.0	33.0	37.0
10	35.67128576286474	37.0	37.0	37.0	33.0	37.0
11	35.697112924192254	37.0	37.0	37.0	33.0	37.0
12	35.66822962514561	37.0	37.0	37.0	33.0	37.0
13	35.65514842960537	37.0	37.0	37.0	33.0	37.0
14	37.57483220424415	40.0	37.0	40.0	33.0	40.0
15	37.63175614567783	40.0	37.0	40.0	33.0	40.0
16	37.60364266920059	40.0	37.0	40.0	33.0	40.0
17	37.55848360388867	40.0	37.0	40.0	33.0	40.0
18	37.46145123130612	40.0	37.0	40.0	33.0	40.0
19	37.58874930361445	40.0	37.0	40.0	33.0	40.0
20	37.590267725574655	40.0	37.0	40.0	33.0	40.0
21	37.57494266124189	40.0	37.0	40.0	33.0	40.0
22	37.53217940338751	40.0	37.0	40.0	33.0	40.0
23	37.49407849199669	40.0	37.0	40.0	33.0	40.0
24	37.47726635812667	40.0	37.0	40.0	33.0	40.0
25	37.44438924274252	40.0	37.0	40.0	33.0	40.0
26	37.44384563996324	40.0	37.0	40.0	33.0	40.0
27	37.451119402085176	40.0	37.0	40.0	33.0	40.0
28	37.39022624390738	40.0	37.0	40.0	33.0	40.0
29	37.366414802202385	40.0	37.0	40.0	33.0	40.0
30	37.297502176581666	40.0	37.0	40.0	33.0	40.0
31	37.31942234366597	40.0	37.0	40.0	33.0	40.0
32	37.3095366835407	40.0	37.0	40.0	33.0	40.0
33	37.29325609382575	40.0	37.0	40.0	33.0	40.0
34	37.25595973384205	40.0	37.0	40.0	33.0	40.0
35	37.20766783796103	40.0	37.0	40.0	33.0	40.0
36	37.1662623811924	40.0	37.0	40.0	33.0	40.0
37	37.163073598606985	40.0	37.0	40.0	33.0	40.0
38	37.122029900564584	40.0	37.0	40.0	33.0	40.0
39	37.077417332101746	40.0	37.0	40.0	33.0	40.0
40	37.081634956504544	40.0	37.0	40.0	33.0	40.0
41	37.03063903473125	40.0	37.0	40.0	33.0	40.0
42	37.00891614673898	40.0	37.0	40.0	33.0	40.0
43	36.91144580492522	40.0	37.0	40.0	33.0	40.0
44	36.83746276899776	40.0	37.0	40.0	33.0	40.0
45	36.79749470023466	40.0	37.0	40.0	33.0	40.0
46	36.745482477613166	40.0	37.0	40.0	33.0	40.0
47	36.71825603353262	40.0	37.0	40.0	33.0	40.0
48	36.613594892931474	40.0	37.0	40.0	33.0	40.0
49	36.587801978096714	40.0	37.0	40.0	33.0	40.0
50	36.55875854052059	40.0	37.0	40.0	33.0	40.0
51	36.506364300684204	40.0	37.0	40.0	33.0	40.0
52	36.463478527207876	40.0	37.0	40.0	33.0	40.0
53	36.41464640496236	40.0	37.0	40.0	33.0	40.0
54	36.34116018435225	40.0	37.0	40.0	33.0	40.0
55	36.300560726025644	40.0	37.0	40.0	33.0	40.0
56	36.23524832324831	40.0	37.0	40.0	33.0	40.0
57	36.15237856362492	37.0	37.0	40.0	33.0	40.0
58	36.10836217354289	37.0	37.0	40.0	33.0	40.0
59	36.05961832042659	37.0	37.0	40.0	33.0	40.0
60	35.97452060939463	37.0	37.0	40.0	33.0	40.0
61	35.88903412831823	37.0	37.0	40.0	33.0	40.0
62	35.80045967475479	37.0	37.0	40.0	27.0	40.0
63	35.716365241256895	37.0	37.0	40.0	27.0	40.0
64	35.62474333218375	37.0	37.0	40.0	27.0	40.0
65	35.48953528474029	37.0	37.0	40.0	27.0	40.0
66	35.391720066274196	37.0	37.0	40.0	27.0	40.0
67	35.25981415248371	37.0	37.0	40.0	27.0	40.0
68	35.13116406722924	37.0	37.0	40.0	27.0	40.0
69	35.02752694499579	37.0	37.0	40.0	27.0	40.0
70	34.889659729742114	37.0	33.0	40.0	27.0	40.0
71	34.74904266582417	37.0	33.0	40.0	27.0	40.0
72	34.5686663885144	37.0	33.0	37.0	27.0	40.0
73	34.44320942695006	37.0	33.0	37.0	27.0	40.0
74	34.30065044218975	37.0	33.0	37.0	27.0	40.0
75	34.14691841858379	37.0	33.0	37.0	27.0	40.0
76	34.015182772567115	37.0	33.0	37.0	27.0	40.0
77	33.88112849428783	37.0	33.0	37.0	27.0	40.0
78	33.715220636647125	37.0	33.0	37.0	27.0	37.0
79	33.578272288558054	37.0	33.0	37.0	27.0	37.0
80	33.458408116901126	37.0	33.0	37.0	27.0	37.0
81	33.319357227095246	37.0	33.0	37.0	27.0	37.0
82	33.200782845883545	37.0	33.0	37.0	27.0	37.0
83	33.28220991170675	37.0	33.0	37.0	27.0	37.0
84	33.26461637898809	37.0	33.0	37.0	27.0	37.0
85	33.18874640954464	37.0	33.0	37.0	27.0	37.0
86	33.115223048371966	37.0	33.0	37.0	27.0	37.0
87	33.04919532800664	37.0	33.0	37.0	27.0	37.0
88	32.980723565686944	37.0	33.0	37.0	27.0	37.0
89	33.06998053738053	37.0	33.0	37.0	27.0	37.0
90	33.06465593127549	37.0	33.0	37.0	27.0	37.0
91	33.02210104644741	37.0	33.0	37.0	27.0	37.0
92	32.97871170482417	37.0	33.0	37.0	27.0	37.0
93	32.88687032879045	37.0	33.0	37.0	27.0	37.0
94	32.872517671913776	37.0	33.0	37.0	27.0	37.0
95	32.84066505724229	37.0	33.0	37.0	27.0	37.0
96	32.76614710074498	37.0	33.0	37.0	27.0	37.0
97	32.70441273294247	37.0	33.0	37.0	27.0	37.0
98	32.62561685892133	37.0	33.0	37.0	27.0	37.0
99	32.58704421415152	37.0	33.0	37.0	27.0	37.0
100	32.507612609462164	37.0	33.0	37.0	27.0	37.0
101	32.07404863484315	37.0	33.0	37.0	22.0	37.0
>>END_MODULE
>>Per sequence quality scores	pass
#Quality	Count
2	22011.0
3	4131.0
4	2789.0
5	2194.0
6	2147.0
7	2247.0
8	2541.0
9	2731.0
10	2941.0
11	3013.0
12	3163.0
13	3363.0
14	3500.0
15	3805.0
16	3993.0
17	3972.0
18	4099.0
19	4047.0
20	4133.0
21	4600.0
22	5069.0
23	5815.0
24	7172.0
25	8919.0
26	10895.0
27	13467.0
28	16783.0
29	21056.0
30	26853.0
31	35535.0
32	47364.0
33	65198.0
34	93152.0
35	139041.0
36	239904.0
37	568072.0
38	682265.0
39	1225.0
>>END_MODULE
>>Per base sequence content	fail
#Base	G	A	T	C
1	726516	575767	318396	452517
2	255340	483918	946709	387234
3	272097	676444	703709	420947
4	214509	423738	969982	464965
5	202862	839348	832849	198139
6	465166	958945	438040	211052
7	426208	735633	632962	278402
8	386812	856287	520079	310024
9	443433	387538	576130	666073
10	265978	630489	777176	399562
11	554387	603526	609644	305648
12	357847	602902	751249	361205
13	459455	540300	662065	411385
14	361824	512566	666673	532133
15	398369	715236	558179	401388
16	383111	712445	610547	367097
17	359356	684278	666581	362957
18	367908	684672	663799	356814
19	380752	670299	661279	360873
20	379990	664192	656576	372412
21	378250	657115	660767	377048
22	383103	650133	660768	379157
23	376110	655264	659167	382590
24	380228	660798	654666	377429
25	383386	651970	657342	380420
26	379696	656990	654421	382014
27	381948	662047	650846	378331
28	385231	655397	653547	378947
29	381061	658432	651483	382119
30	383991	660765	650769	377562
31	385888	653745	654518	378919
32	381863	655477	650219	385492
33	383304	657128	651227	381389
34	386573	653207	653319	379909
35	382217	653359	653281	384112
36	384944	656797	650652	380510
37	388768	651044	652960	380148
38	382285	652891	653406	384341
39	384192	658322	651160	379199
40	387594	651472	654750	378838
41	383589	652162	653862	383052
42	385877	656059	649629	381109
43	389336	648619	650128	384440
44	383082	651483	651275	386479
45	385519	655017	648733	383094
46	386779	648570	653108	383793
47	382908	650221	651758	387253
48	385943	653887	649032	383169
49	387041	649469	653167	382251
50	381877	650424	652731	386909
51	382216	654745	652120	382861
52	389342	648907	652150	381557
53	383685	651157	649247	387947
54	387781	653526	648820	382074
55	389560	648264	651235	383007
56	384749	649019	650594	387804
57	385719	654607	649140	382595
58	389868	647900	648780	385564
59	383739	648514	650434	389411
60	384516	655486	648892	383149
61	389803	645524	651962	384666
62	384884	648121	648616	390228
63	383226	652180	649208	387149
64	389231	646568	650113	385979
65	384636	648445	648862	390010
66	387578	650045	647955	386553
67	389513	647161	650822	384528
68	386062	649123	645616	391151
69	388824	652073	645065	385939
70	390598	647873	647656	385653
71	383316	647315	650318	390842
72	386857	650918	645426	388511
73	391964	644399	649694	385721
74	385603	647707	646970	391659
75	386930	649973	647311	387614
76	389439	645999	648084	388204
77	388020	644328	647511	391653
78	386603	651515	645705	387811
79	389702	645386	649663	386736
80	386222	644500	647093	393783
81	385936	650729	645224	389729
82	391380	642963	648792	388507
83	385681	645878	647873	392213
84	385380	651797	645805	388686
85	389327	643078	649834	389469
86	387617	643998	647721	392311
87	389501	647748	646610	387804
88	391866	643888	649711	386267
89	386576	643194	647292	394404
90	388400	649384	645050	388921
91	391284	642808	649516	388088
92	388280	643838	646194	393233
93	387608	645751	647719	390488
94	388661	641492	651068	390333
95	386967	642808	648718	393103
96	388257	648062	647139	388195
97	392546	640129	646560	392007
98	388495	642099	646335	394483
99	389158	647766	644023	390684
100	394570	640106	647314	389597
101	389375	642573	646280	393329
>>END_MODULE
>>Per base GC content	fail
#Base	%GC
1	56.87031038068759
2	30.9942933656698
3	33.42875761444764
4	32.774260392418654
5	19.342146770351892
6	32.617066442601136
7	33.98650881123671
8	33.61158247001498
9	53.517263866901665
10	32.1019870200969
11	41.48335548100646
12	34.68314487293333
13	42.00452921925232
14	43.11975326983074
15	38.57649051791168
16	36.1859926683388
17	34.840958685531156
18	34.95680334633582
19	35.77194322022494
20	36.29234457376867
21	36.431858304633465
22	36.76800788747232
23	36.59681901433146
24	36.54668492577134
25	36.84334418011903
26	36.74218726258622
27	36.672258741677005
28	36.861217043666514
29	36.813556542271336
30	36.73521661174857
31	36.89248312888614
32	37.01573188503322
33	36.88737549733532
34	36.974386977763714
35	36.96770188073242
36	36.92666757682342
37	37.09337552824036
38	36.98284982124276
39	36.82767829963534
40	36.978289671117324
41	36.98817705707386
42	37.00466161103965
43	37.33497770591689
44	37.13525765096976
45	37.08872432098045
46	37.18528169863674
47	37.16742112019458
48	37.118749671216314
49	37.129282484719546
50	37.10462797927161
51	36.9255992687054
52	37.2063402890795
53	37.24027960904154
54	37.151560104449324
55	37.28486447825504
56	37.282389538289884
57	37.079699873700626
58	37.42230149721637
59	37.31242441235887
60	37.048700244155164
61	37.37865928555399
62	37.411606733888426
63	37.18451386572692
64	37.41557832916886
65	37.3872380309785
66	37.35917275500439
67	37.35675841592568
68	37.51114890692448
69	37.39382335352896
70	37.467829595806506
71	37.366606959871916
72	37.42643765156547
73	37.53708167573939
74	37.51374919821481
75	37.38457053384741
76	37.53599655552906
77	37.63787030922341
78	37.38179620531426
79	37.48215653779145
80	37.65233409184601
81	37.4424725021698
82	37.64583842188949
83	37.549580164555216
84	37.36438464078221
85	37.591977247758855
86	37.647726663857306
87	37.52082264345118
88	37.5595395543439
89	37.70180152606898
90	37.51992875605465
91	37.61999830090901
92	37.72609332647854
93	37.56076321005462
94	37.60432988954186
95	37.65550812030917
96	37.479828909571246
97	37.87838408066271
98	37.79924032495708
99	37.643866113221904
100	37.85344279530621
101	37.78336777602547
>>END_MODULE
>>Per sequence GC content	pass
#GC Content	Count
0	0.0
1	1.0
2	3.5
3	6.5
4	7.0
5	13.0
6	20.0
7	34.5
8	53.5
9	61.0
10	75.5
11	97.0
12	114.5
13	145.0
14	186.5
15	221.5
16	260.0
17	360.0
18	491.5
19	729.5
20	1183.5
21	1824.0
22	2912.5
23	5012.0
24	8396.0
25	13335.0
26	20538.0
27	30734.5
28	43610.0
29	58154.0
30	74474.5
31	91710.5
32	108581.5
33	123349.0
34	134457.5
35	141691.0
36	144106.0
37	142235.5
38	136513.5
39	127557.5
40	115392.0
41	100746.0
42	86595.0
43	73704.5
44	61216.5
45	49664.5
46	40112.5
47	32141.5
48	25294.0
49	19517.0
50	14947.5
51	11176.5
52	8368.0
53	6086.0
54	4164.0
55	3102.0
56	2215.0
57	1576.5
58	1194.0
59	797.0
60	465.5
61	288.5
62	215.0
63	161.0
64	113.5
65	83.0
66	68.5
67	53.0
68	42.5
69	31.5
70	25.0
71	20.5
72	15.0
73	15.0
74	14.5
75	13.0
76	10.0
77	7.0
78	11.0
79	13.0
80	11.5
81	9.0
82	6.0
83	7.5
84	8.5
85	9.0
86	7.5
87	5.5
88	6.5
89	9.0
90	6.5
91	4.5
92	5.0
93	4.0
94	4.0
95	5.5
96	6.5
97	6.0
98	7.0
99	14.0
100	69.5
>>END_MODULE
>>Per base N content	pass
#Base	N-Count
1	4.341104714680892E-4
2	1.9293798731915077E-4
3	3.8587597463830153E-4
4	5.305794651276647E-4
5	3.3764147780851385E-4
6	9.646899365957538E-5
7	0.0
8	1.447034904893631E-4
9	0.0014952694017234184
10	0.0
11	0.0
12	9.646899365957538E-5
13	0.0
14	4.341104714680892E-4
15	0.0015917383953829938
16	2.4117248414893847E-4
17	0.0015917383953829938
18	5.788139619574524E-4
19	9.646899365957538E-5
20	0.0016882073890425694
21	0.0012058624207446924
22	0.0021223178605106587
23	0.0035693527654042895
24	0.004051697733702167
25	0.004196401224191529
26	0.004051697733702167
27	0.0015917383953829938
28	0.004003463236872379
29	0.005305794651276646
30	0.005691670625914948
31	0.006511657072021339
32	0.007428112511787306
33	0.007572816002276669
34	0.009502195875468177
35	0.011383341251829895
36	0.014566818042595884
37	0.013746831596489494
38	0.013602128106000132
39	0.016013852947489516
40	0.026577207753213018
41	0.026046628288085356
42	0.025612517816617268
43	0.03289592683791521
44	0.0427357641911919
45	0.04061344633068124
46	0.04606394447244725
47	0.05136973912372389
48	0.056627299278170756
49	0.061595452451638895
50	0.060968403992851646
51	0.06092016949602186
52	0.060244886540404836
53	0.05638612679402182
54	0.048427434817106846
55	0.05493909188912818
56	0.05011564220614941
57	0.05518026437327712
58	0.05272030503495795
59	0.053395587990574984
60	0.05604848531621331
61	0.060293121037234616
62	0.06540597770119212
63	0.06955414442855386
64	0.06338012883434103
65	0.0603895900308942
66	0.05180384959519199
67	0.056964940755979264
68	0.060437824527723984
69	0.06289778386604315
70	0.06873415798244746
71	0.0682035785173198
72	0.07201410376687303
73	0.06883062697610705
74	0.061064872986511226
75	0.06641890213461767
76	0.071338820811256
77	0.08166100313283056
78	0.07577639451959647
79	0.08286686555357525
80	0.07751283640546883
81	0.07654814646887308
82	0.07539051854495817
83	0.07524581505446881
84	0.07413642162738368
85	0.07220704175419218
86	0.07514934606080924
87	0.07437759411153264
88	0.07104941383027727
89	0.0838797899870008
90	0.06994002040319215
91	0.07278585571614964
92	0.08006926473744758
93	0.07905634030402203
94	0.07963515426597949
95	0.0776093053991284
96	0.0748599390798305
97	0.09468431727687324
98	0.08648445281580934
99	0.07592109801008583
100	0.07804341587059649
101	0.07949045077549012
>>END_MODULE
>>Sequence Length Distribution	pass
#Length	Count
101	2073205.0
>>END_MODULE
>>Sequence Duplication Levels	warn
#Total Duplicate Percentage	32.72302242534049
#Duplication Level	Relative count
1	100.0
2	25.522979848222153
3	8.749964471477702
4	3.2259898246312138
5	1.44174743484069
6	0.7382826933462183
7	0.43344797203194724
8	0.2764119034761106
9	0.20180200665093936
10++	1.5234630361254016
>>END_MODULE
>>Overrepresented sequences	pass
>>END_MODULE
>>Kmer Content	warn
#Sequence	Count	Obs/Exp Overall	Obs/Exp Max	Max Obs/Exp Position
TCCAA	374190	1.7622421	5.2331896	2
ACACC	146950	1.1724662	5.131893	6
GTCTT	243085	1.1346635	5.4176044	1
ATACC	233745	1.1008185	5.7644205	6
GTCCA	131965	1.0474901	5.410303	1
GTATT	352790	0.97564715	6.9863763	1
AATAC	344875	0.9622828	5.432266	5
ATACT	300085	0.8341811	5.365278	6
TATTA	499615	0.81977403	5.480847	2
TATAC	288545	0.80210197	6.201893	5
GTATA	256145	0.71102905	7.2723885	1
>>END_MODULE
