##FastQC	0.8.0
>>Basic Statistics	pass
#Measure	Value	
Filename	1_140716_AH9BY4ADXX_P1260_1014_2.fastq.gz	
File type	Conventional base calls	
Total Sequences	2206902	
Sequence length	101	
%GC	38	
>>END_MODULE
>>Per base sequence quality	pass
#Base	Mean	Median	Lower Quartile	Upper Quartile	10th Percentile	90th Percentile
1	32.10716878230207	33.0	33.0	33.0	33.0	33.0
2	32.14527378198035	33.0	33.0	33.0	33.0	33.0
3	32.12897582221594	33.0	33.0	33.0	33.0	33.0
4	35.95415926941931	37.0	37.0	37.0	33.0	37.0
5	36.050850015089026	37.0	37.0	37.0	37.0	37.0
6	36.04079836802903	37.0	37.0	37.0	37.0	37.0
7	35.99982781292508	37.0	37.0	37.0	37.0	37.0
8	35.98914315180284	37.0	37.0	37.0	37.0	37.0
9	35.9811894683135	37.0	37.0	37.0	37.0	37.0
10	35.970904462454605	37.0	37.0	37.0	33.0	37.0
11	35.998424035140665	37.0	37.0	37.0	37.0	37.0
12	35.96810642248727	37.0	37.0	37.0	37.0	37.0
13	35.96160318854213	37.0	37.0	37.0	37.0	37.0
14	37.99446781053259	40.0	37.0	40.0	37.0	40.0
15	38.047824053809364	40.0	37.0	40.0	37.0	40.0
16	38.02500926638337	40.0	37.0	40.0	37.0	40.0
17	37.983648118493704	40.0	37.0	40.0	37.0	40.0
18	37.889050352031944	40.0	37.0	40.0	33.0	40.0
19	38.010796582720936	40.0	37.0	40.0	37.0	40.0
20	38.01345823239999	40.0	37.0	40.0	37.0	40.0
21	38.00116090338402	40.0	37.0	40.0	37.0	40.0
22	37.956744341162405	40.0	37.0	40.0	37.0	40.0
23	37.92725775770741	40.0	37.0	40.0	33.0	40.0
24	37.91343611995458	40.0	37.0	40.0	33.0	40.0
25	37.882759180063275	40.0	37.0	40.0	33.0	40.0
26	37.88044371702957	40.0	37.0	40.0	33.0	40.0
27	37.89182800142462	40.0	37.0	40.0	33.0	40.0
28	37.83941199020165	40.0	37.0	40.0	33.0	40.0
29	37.81206596396215	40.0	37.0	40.0	33.0	40.0
30	37.754141325713604	40.0	37.0	40.0	33.0	40.0
31	37.777284174829695	40.0	37.0	40.0	33.0	40.0
32	37.77211267197184	40.0	37.0	40.0	33.0	40.0
33	37.75662353833564	40.0	37.0	40.0	33.0	40.0
34	37.72480019502452	40.0	37.0	40.0	33.0	40.0
35	37.68597654087041	40.0	37.0	40.0	33.0	40.0
36	37.64758516689912	40.0	37.0	40.0	33.0	40.0
37	37.63884712597116	40.0	37.0	40.0	33.0	40.0
38	37.6044758670752	40.0	37.0	40.0	33.0	40.0
39	37.56474505891064	40.0	37.0	40.0	33.0	40.0
40	37.56309840672581	40.0	37.0	40.0	33.0	40.0
41	37.51719695754501	40.0	37.0	40.0	33.0	40.0
42	37.48931216701059	40.0	37.0	40.0	33.0	40.0
43	37.398908515194606	40.0	37.0	40.0	33.0	40.0
44	37.33496321993455	40.0	37.0	40.0	33.0	40.0
45	37.29581784782469	40.0	37.0	40.0	33.0	40.0
46	37.24778173203885	40.0	37.0	40.0	33.0	40.0
47	37.22163285909388	40.0	37.0	40.0	33.0	40.0
48	37.120317531091096	40.0	37.0	40.0	33.0	40.0
49	37.09472373490078	40.0	37.0	40.0	33.0	40.0
50	37.06569390031818	40.0	37.0	40.0	33.0	40.0
51	37.01278987467499	40.0	37.0	40.0	33.0	40.0
52	36.972215802967234	40.0	37.0	40.0	33.0	40.0
53	36.914666351292446	40.0	37.0	40.0	33.0	40.0
54	36.83730269853396	40.0	37.0	40.0	33.0	40.0
55	36.795240114875966	40.0	37.0	40.0	33.0	40.0
56	36.73182995891979	40.0	37.0	40.0	33.0	40.0
57	36.6392567499599	40.0	37.0	40.0	33.0	40.0
58	36.587758767720544	40.0	37.0	40.0	33.0	40.0
59	36.525294281304745	40.0	37.0	40.0	33.0	40.0
60	36.445896102319	37.0	37.0	40.0	33.0	40.0
61	36.354075985249914	37.0	37.0	40.0	33.0	40.0
62	36.25856608041499	37.0	37.0	40.0	33.0	40.0
63	36.16738577426637	37.0	37.0	40.0	33.0	40.0
64	36.063135109760196	37.0	37.0	40.0	33.0	40.0
65	35.93370072617633	37.0	37.0	40.0	33.0	40.0
66	35.833199661788335	37.0	37.0	40.0	33.0	40.0
67	35.69053542024068	37.0	37.0	40.0	33.0	40.0
68	35.55184280951306	37.0	37.0	40.0	33.0	40.0
69	35.44083425544043	37.0	37.0	40.0	33.0	40.0
70	35.30200661379617	37.0	37.0	40.0	33.0	40.0
71	35.159642340257975	37.0	37.0	37.0	27.0	40.0
72	34.98682270440645	37.0	33.0	37.0	27.0	40.0
73	34.862083590481134	37.0	33.0	37.0	27.0	40.0
74	34.73020732230067	37.0	33.0	37.0	27.0	40.0
75	34.57493037751563	37.0	33.0	37.0	27.0	40.0
76	34.442411579671415	37.0	33.0	37.0	27.0	40.0
77	34.309643563692454	37.0	33.0	37.0	27.0	40.0
78	34.162109146668044	37.0	33.0	37.0	27.0	37.0
79	34.03321805861792	37.0	33.0	37.0	27.0	37.0
80	33.924616951726904	37.0	33.0	37.0	27.0	37.0
81	33.79546305182559	37.0	33.0	37.0	27.0	37.0
82	33.69104065336839	37.0	33.0	37.0	27.0	37.0
83	33.7861862466027	37.0	33.0	37.0	27.0	37.0
84	33.779105732832726	37.0	33.0	37.0	27.0	37.0
85	33.72025128437964	37.0	33.0	37.0	27.0	37.0
86	33.65538116327775	37.0	33.0	37.0	27.0	37.0
87	33.59419312683572	37.0	33.0	37.0	27.0	37.0
88	33.53839817082952	37.0	33.0	37.0	27.0	37.0
89	33.62940855552263	37.0	33.0	37.0	27.0	37.0
90	33.63944479637066	37.0	33.0	37.0	27.0	37.0
91	33.59992469081092	37.0	33.0	37.0	27.0	37.0
92	33.569072391977535	37.0	33.0	37.0	27.0	37.0
93	33.48884635566056	37.0	33.0	37.0	27.0	37.0
94	33.479195723235556	37.0	33.0	37.0	27.0	37.0
95	33.45060541881787	37.0	33.0	37.0	27.0	37.0
96	33.387546886993626	37.0	33.0	37.0	27.0	37.0
97	33.330689808609534	37.0	33.0	37.0	27.0	37.0
98	33.26522972021413	37.0	33.0	37.0	27.0	37.0
99	33.22279965308836	37.0	33.0	37.0	27.0	37.0
100	33.15826393741091	37.0	33.0	37.0	27.0	37.0
101	32.73774775681022	37.0	33.0	37.0	27.0	37.0
>>END_MODULE
>>Per sequence quality scores	pass
#Quality	Count
2	15925.0
3	3271.0
4	2328.0
5	2049.0
6	1910.0
7	1981.0
8	2224.0
9	2303.0
10	2577.0
11	2536.0
12	2683.0
13	3026.0
14	3074.0
15	3288.0
16	3555.0
17	3631.0
18	3563.0
19	3512.0
20	3660.0
21	3861.0
22	4422.0
23	5156.0
24	6206.0
25	7777.0
26	9688.0
27	12096.0
28	15230.0
29	19302.0
30	24933.0
31	32580.0
32	44176.0
33	61008.0
34	88869.0
35	133119.0
36	237377.0
37	616856.0
38	815526.0
39	1624.0
>>END_MODULE
>>Per base sequence content	fail
#Base	G	A	T	C
1	786661	598512	335858	485862
2	277143	507589	1001567	420601
3	297180	719273	730705	459740
4	232200	446227	1024205	504265
5	224476	887392	879198	215831
6	505736	1008908	462923	229334
7	465433	762466	676101	302899
8	421055	900868	546047	338927
9	482215	401144	602349	721170
10	290737	663467	816223	436474
11	608040	631246	636701	330911
12	390855	630264	790891	394888
13	503229	564309	688330	451032
14	394134	532831	701374	578550
15	441582	743658	582283	439355
16	418072	741532	641841	405446
17	401305	708031	700063	397479
18	405204	713738	694537	393410
19	417464	700721	692566	396147
20	419715	694059	682487	410605
21	416171	687700	687163	415853
22	418880	681488	691246	415258
23	417027	682599	686216	420981
24	416224	691006	684831	414759
25	424681	679720	688571	413842
26	420917	685896	680844	419168
27	419751	691511	682216	413385
28	422065	689046	682075	413614
29	419960	685048	681680	420108
30	421157	689541	679892	416185
31	427556	681346	677697	420158
32	420512	684292	684001	417940
33	421032	687467	678322	419887
34	425662	677633	685039	418341
35	418850	683413	681722	422640
36	420921	683002	679695	422938
37	423734	682654	685204	414983
38	422346	681643	681820	420763
39	422337	684993	678969	420225
40	425428	679334	684555	417001
41	421541	681033	679455	424282
42	422416	684790	681408	417705
43	426275	677655	682579	419665
44	424002	677530	680642	423835
45	421033	684856	677392	422765
46	427786	676792	681514	419858
47	417396	681696	682227	424481
48	426503	682703	675817	420641
49	428511	677960	681229	417870
50	421312	682054	678692	423511
51	420344	682510	680625	422110
52	427892	674064	682538	421114
53	420038	681401	679095	425176
54	424670	681650	680014	419540
55	427071	678002	680956	419701
56	427370	674490	678864	425107
57	425097	681410	677065	422133
58	429616	672129	677019	426989
59	421273	675413	681213	427861
60	422394	681289	680114	421909
61	429109	671557	681370	423583
62	423690	675239	677141	429413
63	420974	682683	675511	426208
64	426056	675325	679999	424164
65	422761	680897	677017	424918
66	424950	679957	675792	425096
67	426869	674069	679593	425129
68	425400	676322	674286	429623
69	427768	677937	675584	424259
70	428116	676124	676367	424815
71	421911	673813	679742	429971
72	422101	680367	675420	427482
73	429720	672813	678670	424189
74	425708	676452	676046	427389
75	425091	679982	676807	423588
76	431352	674520	674591	424867
77	424357	675314	674082	431372
78	426927	679000	674344	424997
79	427867	672846	678197	426187
80	426953	672374	676348	429578
81	424825	677837	675143	427438
82	428614	673677	676905	426054
83	426902	670090	677213	431048
84	422351	680824	675517	426619
85	429333	671173	678426	426424
86	425848	673180	674392	431880
87	424773	680069	674156	426313
88	431559	670884	678575	424370
89	424312	676066	674445	430278
90	427632	674224	674836	428711
91	431108	669183	680013	425010
92	427779	672898	674471	430013
93	426289	677638	674526	426756
94	431406	669474	676957	427369
95	423251	672179	679344	430455
96	432022	675871	673000	424399
97	433024	668538	673645	429641
98	430379	668932	675664	430065
99	430481	676721	669800	428265
100	435025	669106	676591	424511
101	431860	668015	673734	431598
>>END_MODULE
>>Per base GC content	fail
#Base	%GC
1	57.661291236140585
2	31.616475599256876
3	34.29791499199329
4	33.37106353400272
5	19.951406884870476
6	33.30779223898127
7	34.81500512710369
8	34.43667738004991
9	54.528841195571296
10	32.95168201926593
11	42.546189266563296
12	35.60395632240366
13	43.23988400018125
14	44.074894568779854
15	39.91779337145053
16	37.31575324744176
17	36.19520426593586
18	36.18732070348803
19	36.86672424371222
20	37.624395862730225
21	37.701250675725575
22	37.79729861994714
23	37.973503085657526
24	37.65522335306006
25	37.99699476258534
26	38.06758578500787
27	37.75204894911918
28	37.86836142831249
29	38.06731569207122
30	37.94414926759638
31	38.414469739984966
32	37.99496543551702
33	38.107397988315626
34	38.24772565058289
35	38.13470798164617
36	38.243262350921526
37	38.00990222403499
38	38.20899567292615
39	38.185036736514085
40	38.18257386287924
41	38.33652644618098
42	38.07794793046699
43	38.34421038413108
44	38.433070762630614
45	38.249338409081226
46	38.42534962261157
47	38.16651554991387
48	38.407663179885965
49	38.37470585834954
50	38.30408388946345
51	38.196327602286736
52	38.493059510121476
53	38.31936201948579
54	38.27099825284672
55	38.38964877840896
56	38.64652369107153
57	38.41084823219787
58	38.83503728658649
59	38.4962099231104
60	38.27812954219647
61	38.65998615354692
62	38.681005475898026
63	38.41440189790766
64	38.54921960296417
65	38.43315607185913
66	38.53694472967796
67	38.62780301587733
68	38.765459861599695
69	38.631079441481205
70	38.67427639698888
71	38.62644908922812
72	38.52337702970476
73	38.719148341882075
74	38.678769221003854
75	38.48067621021933
76	38.824983109103854
77	38.80637152088884
78	38.631313745086764
79	38.73090390127963
80	38.84048678314914
81	38.64712414913005
82	38.75605940369572
83	38.90483314159419
84	38.49661113557226
85	38.80357638403959
86	38.89393733278919
87	38.59256132128303
88	38.81081242847063
89	38.755140920982754
90	38.82932053688147
91	38.82068494554517
92	38.8992912535638
93	38.6831815034312
94	38.94307379900109
95	38.71280488330237
96	38.83481189792553
97	39.12582636081943
98	39.02169575155099
99	38.94068155919442
100	38.977105820564084
101	39.15541715584977
>>END_MODULE
>>Per sequence GC content	pass
#GC Content	Count
0	0.5
1	0.5
2	3.0
3	6.5
4	9.5
5	19.5
6	26.5
7	30.5
8	35.5
9	50.0
10	74.0
11	94.0
12	109.0
13	144.0
14	195.0
15	236.0
16	254.5
17	348.5
18	472.0
19	662.5
20	1006.5
21	1562.0
22	2605.5
23	4146.5
24	6619.5
25	10688.0
26	16853.0
27	25484.5
28	36429.0
29	50091.0
30	65057.5
31	80483.0
32	97173.0
33	112667.0
34	124852.5
35	135562.5
36	142025.5
37	142790.5
38	140225.0
39	134803.5
40	125650.5
41	116278.0
42	105978.0
43	92595.0
44	80918.0
45	69645.5
46	58324.5
47	48686.5
48	40657.5
49	32330.5
50	24994.5
51	20274.5
52	15931.0
53	11960.5
54	8420.0
55	5541.0
56	3872.0
57	2820.0
58	2137.0
59	1511.0
60	1063.5
61	816.0
62	617.0
63	435.5
64	308.0
65	236.5
66	177.0
67	128.5
68	90.0
69	64.0
70	45.5
71	32.5
72	26.0
73	20.5
74	20.5
75	24.5
76	25.0
77	21.0
78	17.0
79	16.0
80	18.5
81	13.5
82	11.5
83	13.0
84	10.5
85	8.5
86	9.0
87	13.0
88	11.5
89	9.0
90	10.0
91	9.5
92	7.5
93	4.0
94	6.5
95	8.5
96	7.0
97	6.5
98	8.0
99	14.5
100	52.0
>>END_MODULE
>>Per base N content	pass
#Base	N-Count
1	4.0781149321537615E-4
2	9.062477627008358E-5
3	1.8124955254016716E-4
4	2.2656194067520897E-4
5	2.2656194067520897E-4
6	4.531238813504179E-5
7	1.3593716440512537E-4
8	2.2656194067520897E-4
9	0.001087497315241003
10	4.531238813504179E-5
11	1.8124955254016716E-4
12	1.8124955254016716E-4
13	9.062477627008358E-5
14	5.890610457555432E-4
15	0.001087497315241003
16	4.984362694854598E-4
17	0.001087497315241003
18	5.890610457555432E-4
19	1.8124955254016716E-4
20	0.0016312459728615046
21	6.796858220256269E-4
22	0.0013593716440512538
23	0.0035796786626683015
24	0.003715615827073427
25	0.003987490155883678
26	0.0034890538863982176
27	0.0017671831372666298
28	0.004621863589774263
29	0.00480311314231443
30	0.005754673293150307
31	0.0065702962795810595
32	0.007114044937201562
33	0.008790603298198108
34	0.010285912106654487
35	0.012551531513406577
36	0.015678086294724457
37	0.014817150920158666
38	0.014953088084563793
39	0.017128082715045796
40	0.02646243467086441
41	0.026779621387809698
42	0.026417122282729362
43	0.032987418562310425
44	0.04046396260459232
45	0.03878740424359577
46	0.043137393504559786
47	0.04993425172481606
48	0.056096736511181744
49	0.06035610099587566
50	0.06040141338401071
51	0.059495165621309874
52	0.05863423024674407
53	0.05401236665696982
54	0.04658113500282296
55	0.053106118894268986
56	0.048529567692629755
57	0.05423892859764502
58	0.052063933967163016
59	0.051746747250217724
60	0.054193616209509986
61	0.05813579397725861
62	0.0642982787636243
63	0.06914670429407377
64	0.06153422308738675
65	0.05931391606876971
66	0.05016081366549126
67	0.056277986063721905
68	0.057592045319638116
69	0.06135297353484658
70	0.06706233443986186
71	0.06638264861783623
72	0.06941857862288402
73	0.0684217060839131
74	0.05922329129249962
75	0.06497796458564993
76	0.0712310741482857
77	0.08052011371596926
78	0.07404044221265829
79	0.08178886058375043
80	0.07472012803468392
81	0.07517325191603434
82	0.07485606519908904
83	0.07472012803468392
84	0.07209200952285148
85	0.07005295205677461
86	0.07259044579233695
87	0.07209200952285148
88	0.06860295563645327
89	0.08160761103121027
90	0.06792326981442764
91	0.07195607235844637
92	0.07888886774310776
93	0.07671387311262576
94	0.07684981027703087
95	0.07580762534992491
96	0.07295294489741729
97	0.09307164522937583
98	0.0843716667074478
99	0.07408575460079332
100	0.07562637579738475
101	0.07680449788889583
>>END_MODULE
>>Sequence Length Distribution	pass
#Length	Count
101	2206902.0
>>END_MODULE
>>Sequence Duplication Levels	warn
#Total Duplicate Percentage	37.122747540258686
#Duplication Level	Relative count
1	100.0
2	26.18604583015882
3	8.897175174353865
4	3.7420148860106663
5	1.7010490535075895
6	0.9706675262263377
7	0.6036453144230206
8	0.4344195041903534
9	0.3201371388384223
10++	3.660698587587177
>>END_MODULE
>>Overrepresented sequences	pass
>>END_MODULE
>>Kmer Content	warn
#Sequence	Count	Obs/Exp Overall	Obs/Exp Max	Max Obs/Exp Position
ACCAT	294430	1.3002856	5.019725	8
ACACC	167490	1.1961588	5.1831446	6
GTCTT	266785	1.159788	5.5401726	1
ATACC	250360	1.1056601	5.801937	6
GTATT	378190	1.0226377	7.0685596	1
AATAC	364845	1.002212	5.613018	5
ATACA	357100	0.9809369	5.111973	6
TACTG	212320	0.9284232	5.115077	7
ATATA	545785	0.9271062	5.404207	1
ATACT	311495	0.8506765	5.5672045	6
TATTA	503245	0.8498641	5.869622	2
TATAC	307530	0.83984834	6.6486607	5
GTATA	275980	0.7506322	8.111339	1
TATAA	427275	0.72579736	5.1114926	2
GTCTA	165575	0.72401875	5.2221217	1
>>END_MODULE
