##FastQC	0.8.0
>>Basic Statistics	pass
#Measure	Value	
Filename	8_140619_BC47HDACXX_P1260_1011_2.fastq.gz	
File type	Conventional base calls	
Total Sequences	1178421	
Sequence length	101	
%GC	37	
>>END_MODULE
>>Per base sequence quality	pass
#Base	Mean	Median	Lower Quartile	Upper Quartile	10th Percentile	90th Percentile
1	32.35207451326818	33.0	33.0	33.0	33.0	33.0
2	32.34411301224265	33.0	33.0	33.0	33.0	33.0
3	32.32724976897051	33.0	33.0	33.0	33.0	33.0
4	36.231547978184366	37.0	37.0	37.0	37.0	37.0
5	36.256785138757714	37.0	37.0	37.0	37.0	37.0
6	36.309268079913714	37.0	37.0	37.0	37.0	37.0
7	36.28073668069391	37.0	37.0	37.0	37.0	37.0
8	36.301281969686556	37.0	37.0	37.0	37.0	37.0
9	36.322537531153976	37.0	37.0	37.0	37.0	37.0
10	36.297525247767986	37.0	37.0	37.0	37.0	37.0
11	36.33308214975802	37.0	37.0	37.0	37.0	37.0
12	36.299833421162724	37.0	37.0	37.0	37.0	37.0
13	36.30615544020346	37.0	37.0	37.0	37.0	37.0
14	38.450355178667046	40.0	37.0	40.0	37.0	40.0
15	38.47663186586118	40.0	37.0	40.0	37.0	40.0
16	38.46399207074551	40.0	37.0	40.0	37.0	40.0
17	38.426609844868686	40.0	37.0	40.0	37.0	40.0
18	38.4225281117699	40.0	37.0	40.0	37.0	40.0
19	38.46462342405643	40.0	37.0	40.0	37.0	40.0
20	38.437679742638664	40.0	37.0	40.0	37.0	40.0
21	38.398843028085885	40.0	37.0	40.0	37.0	40.0
22	38.347256201306664	40.0	37.0	40.0	37.0	40.0
23	38.31338799970469	40.0	37.0	40.0	37.0	40.0
24	38.27065199958249	40.0	37.0	40.0	37.0	40.0
25	38.222293221183264	40.0	37.0	40.0	37.0	40.0
26	38.182832790658004	40.0	37.0	40.0	37.0	40.0
27	38.15244636679082	40.0	37.0	40.0	37.0	40.0
28	38.122772761177885	40.0	37.0	40.0	37.0	40.0
29	38.07593041875527	40.0	37.0	40.0	37.0	40.0
30	38.07449120475619	40.0	37.0	40.0	37.0	40.0
31	38.046584370102025	40.0	37.0	40.0	37.0	40.0
32	38.0545976353103	40.0	37.0	40.0	37.0	40.0
33	38.046592007440466	40.0	37.0	40.0	37.0	40.0
34	38.04151657175152	40.0	37.0	40.0	37.0	40.0
35	38.03538378898543	40.0	37.0	40.0	37.0	40.0
36	38.01415623109229	40.0	37.0	40.0	37.0	40.0
37	38.00574242991257	40.0	37.0	40.0	37.0	40.0
38	37.96542322310957	40.0	37.0	40.0	37.0	40.0
39	37.93568682160281	40.0	37.0	40.0	37.0	40.0
40	37.92184117560702	40.0	37.0	40.0	33.0	40.0
41	37.832017589639015	40.0	37.0	40.0	33.0	40.0
42	37.81707980424653	40.0	37.0	40.0	33.0	40.0
43	37.798789227279556	40.0	37.0	40.0	33.0	40.0
44	37.78208721670778	40.0	37.0	40.0	33.0	40.0
45	37.74342955531173	40.0	37.0	40.0	33.0	40.0
46	37.692215260929665	40.0	37.0	40.0	33.0	40.0
47	37.610609451121455	40.0	37.0	40.0	33.0	40.0
48	37.55695205703225	40.0	37.0	40.0	33.0	40.0
49	37.47654870373152	40.0	37.0	40.0	33.0	40.0
50	37.37854977126172	40.0	37.0	40.0	33.0	40.0
51	35.80537940175879	37.0	37.0	37.0	33.0	40.0
52	36.31249697688687	37.0	37.0	40.0	33.0	40.0
53	36.83645658045809	37.0	37.0	40.0	33.0	40.0
54	37.04182630825486	40.0	37.0	40.0	33.0	40.0
55	37.08968781106243	40.0	37.0	40.0	33.0	40.0
56	37.05547083767176	40.0	37.0	40.0	33.0	40.0
57	37.26263873437422	40.0	37.0	40.0	33.0	40.0
58	37.31337017924833	40.0	37.0	40.0	33.0	40.0
59	37.29874128176603	40.0	37.0	40.0	33.0	40.0
60	37.24818973864179	40.0	37.0	40.0	33.0	40.0
61	37.18303305864373	40.0	37.0	40.0	33.0	40.0
62	37.09301259906265	40.0	37.0	40.0	33.0	40.0
63	36.994230415106315	37.0	37.0	40.0	33.0	40.0
64	36.88953438541913	37.0	37.0	40.0	33.0	40.0
65	36.80071977671817	37.0	37.0	40.0	33.0	40.0
66	36.85251790319419	37.0	37.0	40.0	33.0	40.0
67	36.78648547505518	37.0	37.0	40.0	33.0	40.0
68	36.67349275004434	37.0	37.0	40.0	33.0	40.0
69	36.545632672873275	37.0	37.0	40.0	33.0	40.0
70	36.41534052770614	37.0	37.0	40.0	33.0	40.0
71	36.267199074015146	37.0	37.0	40.0	33.0	40.0
72	36.13341496799531	37.0	37.0	40.0	33.0	40.0
73	35.96107842613124	37.0	37.0	37.0	33.0	40.0
74	35.80664125978746	37.0	37.0	37.0	33.0	40.0
75	35.633440001493526	37.0	37.0	37.0	33.0	40.0
76	35.43626344065491	37.0	37.0	37.0	33.0	40.0
77	35.26543994039481	37.0	37.0	37.0	33.0	40.0
78	35.09362867769668	37.0	37.0	37.0	33.0	40.0
79	34.95493291446775	37.0	37.0	37.0	33.0	37.0
80	34.87079575126377	37.0	33.0	37.0	33.0	37.0
81	34.76170146322919	37.0	33.0	37.0	33.0	37.0
82	34.6586321866294	37.0	33.0	37.0	33.0	37.0
83	34.56098966328672	37.0	33.0	37.0	33.0	37.0
84	34.47406317436638	37.0	33.0	37.0	33.0	37.0
85	34.395736328527754	37.0	33.0	37.0	33.0	37.0
86	34.282796216292816	37.0	33.0	37.0	33.0	37.0
87	34.215528236513094	37.0	33.0	37.0	33.0	37.0
88	34.152459944281375	37.0	33.0	37.0	33.0	37.0
89	34.08145051725996	37.0	33.0	37.0	33.0	37.0
90	33.99805672166399	37.0	33.0	37.0	27.0	37.0
91	33.930514646293645	37.0	33.0	37.0	27.0	37.0
92	33.841859573106724	37.0	33.0	37.0	27.0	37.0
93	33.76296926140997	37.0	33.0	37.0	27.0	37.0
94	33.70661928122462	37.0	33.0	37.0	27.0	37.0
95	33.627442993633004	37.0	33.0	37.0	27.0	37.0
96	33.53309470893679	37.0	33.0	37.0	27.0	37.0
97	33.45338295906132	37.0	33.0	37.0	27.0	37.0
98	33.36589130709653	37.0	33.0	37.0	27.0	37.0
99	33.27899027597098	37.0	33.0	37.0	27.0	37.0
100	33.175206483930616	37.0	33.0	37.0	27.0	37.0
101	32.38816348316943	37.0	33.0	37.0	27.0	37.0
>>END_MODULE
>>Per sequence quality scores	pass
#Quality	Count
2	3739.0
3	749.0
4	720.0
5	982.0
6	733.0
7	662.0
8	718.0
9	917.0
10	1119.0
11	1186.0
12	1027.0
13	938.0
14	915.0
15	1048.0
16	1221.0
17	1285.0
18	1342.0
19	1440.0
20	1543.0
21	1620.0
22	1912.0
23	2328.0
24	2683.0
25	3312.0
26	4400.0
27	5563.0
28	7065.0
29	8782.0
30	11460.0
31	15113.0
32	20886.0
33	29354.0
34	42912.0
35	67394.0
36	127326.0
37	360419.0
38	441989.0
39	1619.0
>>END_MODULE
>>Per base sequence content	fail
#Base	G	A	T	C
1	414402	326514	177198	255771
2	146785	280429	527962	218887
3	150966	387422	401612	233995
4	119079	242078	552593	260792
5	115537	475119	473143	111567
6	262093	548999	247567	118165
7	236716	416286	368445	155976
8	218420	478528	301914	179071
9	255838	208577	327230	386532
10	151951	352216	447853	226197
11	314560	340918	350045	172729
12	203013	340849	428101	206277
13	264674	305205	373256	235187
14	206207	290928	380772	300447
15	230319	401254	317088	229680
16	219393	398896	348446	211640
17	206748	383589	379416	208601
18	210743	386170	375279	206153
19	219422	378334	373410	207166
20	219480	374116	370294	214258
21	216094	371841	372250	217490
22	221429	368365	370564	216785
23	217143	370299	369844	219499
24	218293	373443	367378	216905
25	221194	367781	369216	217199
26	218689	369756	367039	219322
27	219313	373979	364133	216865
28	221054	369321	367213	216478
29	218708	370563	366351	218676
30	219692	371846	366850	216267
31	221274	368580	367562	217806
32	220328	369256	365496	220445
33	219352	371308	366228	219511
34	222745	368598	366689	219111
35	220096	369148	367286	221264
36	220478	370177	366322	221031
37	224032	366510	367935	219689
38	221140	367440	367140	222525
39	220883	370867	366549	219965
40	223389	365833	369618	219478
41	222320	366619	366718	222704
42	221101	370291	367043	219912
43	223224	366261	367436	221423
44	221477	365874	366428	224494
45	221527	368630	365669	222406
46	222978	364723	368223	222138
47	220120	365730	367964	223760
48	220887	367214	365712	223331
49	222091	364925	368478	221159
50	218884	366100	366349	224753
51	219028	367202	367038	222527
52	222015	363635	367332	222315
53	218024	364620	366904	225109
54	220024	367194	366135	220925
55	222174	363249	365889	222867
56	220754	363084	366040	224443
57	219342	366176	364695	224279
58	223558	361582	365343	224537
59	217745	362906	366952	227601
60	219845	365817	364909	224873
61	222352	361168	367204	224921
62	219954	362813	365708	227692
63	220390	364172	365385	226811
64	223448	361470	366684	225887
65	221595	363892	364959	227265
66	221429	365082	364020	227273
67	223826	362931	365422	225707
68	222417	362385	364467	228630
69	224283	364396	362252	226912
70	224095	363122	364209	226489
71	221361	362027	364737	229296
72	222944	364396	362816	226851
73	225921	360662	364621	225237
74	223367	361806	362691	227693
75	223529	363678	361939	225367
76	224520	362636	361192	225265
77	223045	360873	360834	228062
78	222710	363915	359453	226377
79	225723	361620	360704	224695
80	224009	360898	360497	228504
81	224469	363741	359866	226542
82	225983	360548	362080	226306
83	224519	361658	362083	227318
84	223549	365310	361971	225413
85	227239	359192	364161	225861
86	226103	362001	361106	227491
87	226514	363288	360405	226693
88	229639	360204	361808	225625
89	225185	360471	362454	229488
90	226731	362141	360880	227852
91	230212	359032	362284	226348
92	228491	360650	360818	227955
93	228391	360788	361033	227785
94	229539	359578	362618	226301
95	228198	359888	361389	228607
96	229402	361831	360526	226350
97	232724	358444	359325	227371
98	230589	359505	358253	229694
99	229303	360531	360042	228115
100	232866	357166	359995	227499
101	231751	357183	358594	229202
>>END_MODULE
>>Per base GC content	fail
#Base	%GC
1	57.0901749319567
2	31.14585844200865
3	32.79068479848722
4	32.342053328020626
5	19.321981408344293
6	32.31222340808821
7	33.3518200340914
8	33.7447885406046
9	54.52236803128901
10	32.09493667125835
11	41.35694231794218
12	34.737404942965775
13	42.42142640127231
14	42.996756492531105
15	39.03785067310736
16	36.578593401930625
17	35.24823609882938
18	35.37979114775384
19	36.20270008792089
20	36.815238832472666
21	36.81694864882077
22	37.22691295789891
23	37.10465378127695
24	37.0060347664451
25	37.29766290337675
26	37.283687689712174
27	37.1439763601836
28	37.26638877201111
29	37.2464229692974
30	37.11379085774121
31	37.36145170869844
32	37.49584228323515
33	37.30562504728413
34	37.53630612423469
35	37.473446120459094
36	37.47928706765998
37	37.66201027698983
38	37.65473225008381
39	37.415044506154814
40	37.58467578361699
41	37.76635513225573
42	37.426411744587966
43	37.73490593578785
44	37.849547600598505
45	37.67789365761582
46	37.78374992148122
47	37.69444637874138
48	37.736929381621955
49	37.67040920305307
50	37.72147615055362
51	37.55374023533014
52	37.80576313901933
53	37.724459139987246
54	37.550648142944006
55	37.90231302041682
56	37.91101410943005
57	37.77130878711817
58	38.135095572841315
59	37.89520798091225
60	37.834043986782866
61	38.044903010687754
62	38.05973131366549
63	38.00280091573629
64	38.16044141389007
65	38.11291564738718
66	38.09649143660575
67	38.16438942308509
68	38.292502158504256
69	38.306888099687306
70	38.25267527792752
71	38.27492460216014
72	38.21515080199183
73	38.349394487271354
74	38.36989614284973
75	38.21975576260118
76	38.324814057104
77	38.463643851454705
78	38.30313316929008
79	38.40725411045226
80	38.54756931548298
81	38.39639780762767
82	38.49540010060285
83	38.43530586656096
84	38.169153822807026
85	38.51407578543299
86	38.54794038587543
87	38.508539383125154
88	38.67096585677445
89	38.61020484070116
90	38.60236548109551
91	38.76129575608977
92	38.75036717451359
93	38.72471661642602
94	38.694912549361824
95	38.77531445179538
96	38.685045271702364
97	39.061810192008586
98	39.07189987445258
99	38.83034760027878
100	39.09595202144157
101	39.1723674929678
>>END_MODULE
>>Per sequence GC content	pass
#GC Content	Count
0	33.5
1	15.5
2	23.5
3	27.5
4	30.0
5	40.0
6	52.0
7	53.5
8	58.5
9	76.5
10	94.5
11	109.5
12	150.0
13	201.5
14	267.5
15	339.5
16	421.0
17	558.5
18	725.5
19	1026.0
20	1409.5
21	1953.5
22	2825.0
23	4034.0
24	5931.0
25	8735.5
26	12649.0
27	17689.5
28	23825.0
29	30813.5
30	38365.5
31	46386.5
32	54008.0
33	61469.0
34	67751.5
35	72045.5
36	74221.0
37	73807.5
38	72178.0
39	69246.0
40	64550.0
41	58532.0
42	52642.0
43	46604.5
44	40030.0
45	33945.5
46	28764.5
47	24277.5
48	19895.5
49	15774.5
50	12317.0
51	9571.0
52	7413.0
53	5490.5
54	3860.5
55	2870.0
56	2146.5
57	1641.0
58	1285.0
59	918.5
60	612.0
61	413.5
62	316.0
63	259.0
64	174.0
65	137.5
66	106.5
67	63.5
68	34.5
69	18.5
70	14.0
71	9.0
72	5.0
73	5.5
74	4.5
75	4.0
76	3.5
77	4.0
78	4.5
79	3.0
80	3.0
81	3.5
82	2.0
83	3.5
84	3.0
85	0.0
86	0.5
87	1.5
88	1.0
89	0.0
90	0.5
91	1.0
92	1.5
93	1.0
94	1.0
95	1.0
96	0.0
97	0.0
98	0.0
99	0.0
100	0.0
>>END_MODULE
>>Per base N content	pass
#Base	N-Count
1	0.38492185729887707
2	0.36981689905390347
3	0.37558733254074733
4	0.3291692866980476
5	0.25924521032805764
6	0.13552032762484714
7	0.0846895973510316
8	0.041411346199702825
9	0.020705673099851413
10	0.017311300460531507
11	0.014341224401126593
12	0.015359536192922563
13	0.008401072282316761
14	0.005685574170860838
15	0.006788745278639806
16	0.0039035285352178894
17	0.005685574170860838
18	0.0064493080147078165
19	0.0075524791224867854
20	0.02316659326335834
21	0.0633050497233162
22	0.1084502058262709
23	0.13882984094818407
24	0.2038320769911602
25	0.2572085867444657
26	0.30676642727853626
27	0.35055383432576304
28	0.3695623211059545
29	0.349874959797899
30	0.3195801839919689
31	0.2714649518296093
32	0.245752579086761
33	0.17158553691762113
34	0.1084502058262709
35	0.05320679112133949
36	0.035046897500978
37	0.021639125575664386
38	0.014935239613007576
39	0.013322912609330622
40	0.008740509546248752
41	0.005091558958979856
42	0.006279589382741822
43	0.006534167330690814
44	0.012559178765483644
45	0.016038410720786545
46	0.030464494437896134
47	0.07187584063759896
48	0.10836534651028791
49	0.15003127065793972
50	0.19814650282029939
51	0.22284056377135167
52	0.26510050313088446
53	0.31941046536000295
54	0.35157214611755905
55	0.3599732183998758
56	0.3479231955302901
57	0.3334122524971975
58	0.2886065336581748
59	0.27299241951730324
60	0.2526261836813838
61	0.2355694611688013
62	0.19127289822567656
63	0.14112104247972498
64	0.07908888249615376
65	0.06025011434792829
66	0.05235819796150952
67	0.04539973405090371
68	0.044296562943124736
69	0.04904868463817261
70	0.04293881388739678
71	0.08485931598299759
72	0.11999107279995859
73	0.16802144564633523
74	0.2430370809753051
75	0.3316302068615546
76	0.4080035912462524
77	0.47580618471666747
78	0.5062706791545637
79	0.4819160554674433
80	0.3829700930312681
81	0.32271997868333985
82	0.29734704320442357
83	0.24125503533966214
84	0.18482359021096875
85	0.16700313385453924
86	0.14595802349075584
87	0.12907101961013934
88	0.09716391680053224
89	0.06983921705400702
90	0.06933006115810904
91	0.046248327210733686
92	0.04302367320337978
93	0.035980349976790976
94	0.03267083665345407
95	0.028767308118236183
96	0.026476106586695247
97	0.047266639002529656
98	0.03224654007353909
99	0.03648950587268896
100	0.07594908780478284
101	0.14349710332724894
>>END_MODULE
>>Sequence Length Distribution	pass
#Length	Count
101	1178421.0
>>END_MODULE
>>Sequence Duplication Levels	pass
#Total Duplicate Percentage	18.254138587228688
#Duplication Level	Relative count
1	100.0
2	11.063658481087987
3	2.042018914929492
4	0.8535639064405277
5	0.5110881627080671
6	0.38389955600674447
7	0.2917169878470703
8	0.2345404582290445
9	0.1942835139061488
10++	1.112025157673032
>>END_MODULE
>>Overrepresented sequences	pass
>>END_MODULE
>>Kmer Content	warn
#Sequence	Count	Obs/Exp Overall	Obs/Exp Max	Max Obs/Exp Position
GTCTT	134780	1.1026419	5.2502794	1
ATACC	131490	1.0859635	5.2169943	6
TATAC	200655	1.0058874	6.006008	5
GTATT	195710	0.97684383	6.9718347	1
AATAC	191465	0.96475047	5.5555696	5
ATATA	293470	0.8975656	5.2776837	1
TAATA	292645	0.89504236	5.097112	4
TATTA	284575	0.86591053	5.967832	2
ATACT	158790	0.7960174	5.469414	6
TATAA	239640	0.7329288	5.3760433	2
GTATA	143620	0.720532	7.3857417	1
>>END_MODULE
