##FastQC	0.8.0
>>Basic Statistics	pass
#Measure	Value	
Filename	1_140716_AH9BY4ADXX_P1260_1008_1.fastq.gz	
File type	Conventional base calls	
Total Sequences	1312616	
Sequence length	101	
%GC	37	
>>END_MODULE
>>Per base sequence quality	pass
#Base	Mean	Median	Lower Quartile	Upper Quartile	10th Percentile	90th Percentile
1	32.713068406906515	33.0	33.0	33.0	33.0	33.0
2	32.74431212174772	33.0	33.0	33.0	33.0	33.0
3	32.75049671800435	33.0	33.0	33.0	33.0	33.0
4	36.68791101129348	37.0	37.0	37.0	37.0	37.0
5	36.61545722435198	37.0	37.0	37.0	37.0	37.0
6	36.594583640607766	37.0	37.0	37.0	37.0	37.0
7	36.53599605672946	37.0	37.0	37.0	37.0	37.0
8	36.53052606398215	37.0	37.0	37.0	37.0	37.0
9	36.50949173254021	37.0	37.0	37.0	37.0	37.0
10	36.50254225150387	37.0	37.0	37.0	37.0	37.0
11	36.52165370527253	37.0	37.0	37.0	37.0	37.0
12	36.50031311518372	37.0	37.0	37.0	37.0	37.0
13	36.49599882981771	37.0	37.0	37.0	37.0	37.0
14	38.57812338109546	40.0	37.0	40.0	37.0	40.0
15	38.605400208438724	40.0	37.0	40.0	37.0	40.0
16	38.61492622366328	40.0	37.0	40.0	37.0	40.0
17	38.60499414908854	40.0	37.0	40.0	37.0	40.0
18	38.617635317564314	40.0	37.0	40.0	37.0	40.0
19	38.66072865179154	40.0	37.0	40.0	37.0	40.0
20	38.65146318496803	40.0	37.0	40.0	37.0	40.0
21	38.6340087276096	40.0	37.0	40.0	37.0	40.0
22	38.64031217050531	40.0	37.0	40.0	37.0	40.0
23	38.632382204696576	40.0	37.0	40.0	37.0	40.0
24	38.617450191068826	40.0	37.0	40.0	37.0	40.0
25	38.598613760612395	40.0	37.0	40.0	37.0	40.0
26	38.550386403944486	40.0	37.0	40.0	37.0	40.0
27	38.53831737537863	40.0	37.0	40.0	37.0	40.0
28	38.54746628107535	40.0	37.0	40.0	37.0	40.0
29	38.540119120900556	40.0	37.0	40.0	37.0	40.0
30	38.52393007551333	40.0	37.0	40.0	37.0	40.0
31	38.51236766883841	40.0	37.0	40.0	37.0	40.0
32	38.49392434649585	40.0	37.0	40.0	37.0	40.0
33	38.466623140354834	40.0	37.0	40.0	37.0	40.0
34	38.46105791792878	40.0	37.0	40.0	37.0	40.0
35	38.44988176283086	40.0	37.0	40.0	37.0	40.0
36	38.43603384386599	40.0	37.0	40.0	37.0	40.0
37	38.41346212449033	40.0	37.0	40.0	37.0	40.0
38	38.40343939126142	40.0	37.0	40.0	37.0	40.0
39	38.38969812953674	40.0	37.0	40.0	37.0	40.0
40	38.381963194110085	40.0	37.0	40.0	37.0	40.0
41	38.366383618666845	40.0	37.0	40.0	37.0	40.0
42	38.341001481011965	40.0	37.0	40.0	37.0	40.0
43	38.34353763781639	40.0	37.0	40.0	37.0	40.0
44	38.310819005710734	40.0	37.0	40.0	37.0	40.0
45	38.28139684416463	40.0	37.0	40.0	37.0	40.0
46	38.28502699951852	40.0	37.0	40.0	37.0	40.0
47	38.25825146120419	40.0	37.0	40.0	37.0	40.0
48	38.24105374305966	40.0	37.0	40.0	37.0	40.0
49	38.22196971543848	40.0	37.0	40.0	37.0	40.0
50	38.1892122296239	40.0	37.0	40.0	37.0	40.0
51	38.145030991546655	40.0	37.0	40.0	37.0	40.0
52	38.10765905641863	40.0	37.0	40.0	37.0	40.0
53	38.07681682990303	40.0	37.0	40.0	33.0	40.0
54	38.03071119047764	40.0	37.0	40.0	33.0	40.0
55	37.96209706418328	40.0	37.0	40.0	33.0	40.0
56	37.92818158547511	40.0	37.0	40.0	33.0	40.0
57	37.87932038006546	40.0	37.0	40.0	33.0	40.0
58	37.81962737007625	40.0	37.0	40.0	33.0	40.0
59	37.75151529464824	40.0	37.0	40.0	33.0	40.0
60	37.70137953521822	40.0	37.0	40.0	33.0	40.0
61	37.59607379462082	40.0	37.0	40.0	33.0	40.0
62	37.519151069315015	40.0	37.0	40.0	33.0	40.0
63	37.441337756053564	37.0	37.0	40.0	33.0	40.0
64	37.35288385940747	37.0	37.0	40.0	33.0	40.0
65	37.23961006112984	37.0	37.0	40.0	33.0	40.0
66	37.19534044991071	37.0	37.0	40.0	33.0	40.0
67	37.11629143633782	37.0	37.0	40.0	33.0	40.0
68	37.015561291344916	37.0	37.0	40.0	33.0	40.0
69	36.896185937090515	37.0	37.0	40.0	33.0	40.0
70	36.76298323348184	37.0	37.0	40.0	33.0	40.0
71	36.630012890289315	37.0	37.0	40.0	33.0	40.0
72	36.49674466866166	37.0	37.0	40.0	33.0	40.0
73	36.37919239137722	37.0	37.0	37.0	33.0	40.0
74	36.35065015206275	37.0	37.0	37.0	33.0	40.0
75	36.26401095217489	37.0	37.0	37.0	33.0	40.0
76	36.1181785076519	37.0	37.0	37.0	33.0	40.0
77	36.00572292277406	37.0	37.0	37.0	33.0	40.0
78	35.89248797820535	37.0	37.0	37.0	33.0	40.0
79	35.80302312328968	37.0	37.0	37.0	33.0	37.0
80	35.71023665717925	37.0	37.0	37.0	33.0	37.0
81	35.61760255855482	37.0	37.0	37.0	33.0	37.0
82	35.51654710897932	37.0	37.0	37.0	33.0	37.0
83	35.456060264388064	37.0	37.0	37.0	33.0	37.0
84	35.375975913747816	37.0	33.0	37.0	33.0	37.0
85	35.30956045027639	37.0	33.0	37.0	33.0	37.0
86	35.249461380937	37.0	33.0	37.0	33.0	37.0
87	35.1930282733107	37.0	33.0	37.0	33.0	37.0
88	35.15242614747954	37.0	33.0	37.0	33.0	37.0
89	35.10538573352755	37.0	33.0	37.0	33.0	37.0
90	35.06474246847517	37.0	33.0	37.0	33.0	37.0
91	35.02160799502673	37.0	33.0	37.0	33.0	37.0
92	34.98317710587102	37.0	33.0	37.0	33.0	37.0
93	34.923319538996935	37.0	33.0	37.0	33.0	37.0
94	34.89988922883768	37.0	33.0	37.0	33.0	37.0
95	34.86587394942618	37.0	33.0	37.0	33.0	37.0
96	34.843833992576656	37.0	33.0	37.0	33.0	37.0
97	34.81923654747466	37.0	33.0	37.0	33.0	37.0
98	34.7743993673702	37.0	33.0	37.0	33.0	37.0
99	34.72831353571799	37.0	33.0	37.0	33.0	37.0
100	34.68137749349391	37.0	33.0	37.0	33.0	37.0
101	34.25545170864899	37.0	33.0	37.0	33.0	37.0
>>END_MODULE
>>Per sequence quality scores	pass
#Quality	Count
3	2.0
4	0.0
5	1.0
6	1.0
7	5.0
8	29.0
9	42.0
10	105.0
11	143.0
12	172.0
13	243.0
14	259.0
15	284.0
16	294.0
17	367.0
18	433.0
19	528.0
20	609.0
21	812.0
22	1053.0
23	1297.0
24	1775.0
25	2545.0
26	3489.0
27	5050.0
28	6890.0
29	9470.0
30	12927.0
31	17878.0
32	24645.0
33	34670.0
34	48950.0
35	71375.0
36	118448.0
37	329798.0
38	615097.0
39	2930.0
>>END_MODULE
>>Per base sequence content	fail
#Base	G	A	T	C
1	429483	373197	211296	298241
2	153675	314026	589010	255905
3	162224	431354	443838	275200
4	131026	277363	599344	304883
5	131678	528069	523033	129704
6	298810	603770	273696	136340
7	271902	458748	402269	179697
8	244888	541340	325524	200864
9	282526	239600	362479	428011
10	172188	395133	487226	258069
11	355914	379354	379086	198262
12	228622	378841	470922	234231
13	292513	339096	414482	266525
14	230524	322936	417204	341952
15	257665	447506	349395	258050
16	243431	447321	384227	237637
17	231054	427498	418598	235463
18	236111	429999	414249	232136
19	243229	420953	415897	232537
20	244991	416189	410611	240825
21	242866	411800	414465	243485
22	245649	408606	413555	244806
23	242683	411672	411505	246756
24	244145	414983	409470	244018
25	246736	409144	411813	244923
26	244268	412592	408906	246850
27	245159	416701	406959	243788
28	246842	412105	408840	244817
29	244110	411448	408754	248284
30	245687	414716	409797	242394
31	248639	409261	408772	245902
32	245541	411831	407846	247334
33	246643	413099	406754	246055
34	247592	409275	408792	246881
35	246026	410024	408734	247720
36	245819	412368	406730	247561
37	247868	409581	409545	245459
38	246060	409065	409942	247380
39	247107	411668	406832	246854
40	249030	408226	409553	245636
41	246684	408507	408785	248450
42	247885	411293	408262	244999
43	249322	407663	407967	247466
44	247894	407523	406948	250050
45	247066	410738	406027	248586
46	248445	405300	410147	248520
47	245637	409119	408204	249475
48	248097	409658	406885	247801
49	247764	407645	410363	246665
50	244893	409649	408714	249191
51	245681	410064	408390	248332
52	248210	404734	410721	248798
53	246022	406562	408453	251417
54	247400	408985	407137	248953
55	249031	407065	408236	248141
56	247071	405824	408541	251058
57	247204	409823	406314	249139
58	249100	405045	406689	251673
59	243800	406121	408787	253802
60	246376	410718	406819	248582
61	247648	405149	410229	249437
62	247282	406660	407075	251485
63	246213	408258	406762	251271
64	248629	406965	406583	250361
65	247071	407369	403958	254131
66	246570	407718	405985	252286
67	249365	405371	406661	251130
68	247160	406863	404954	253550
69	249111	408909	404353	250176
70	249554	405829	407074	250096
71	244969	406456	407639	253464
72	246223	409536	404697	252056
73	250926	403615	406600	251393
74	248187	405517	405856	252979
75	248560	407713	404652	251584
76	251203	405633	404365	251332
77	248740	406173	402463	255154
78	246708	407594	405086	253144
79	248089	405408	406982	252048
80	248643	405961	404151	253776
81	247709	407372	404596	252847
82	249680	405935	404573	252340
83	248325	405772	403091	255332
84	246760	408586	403752	253429
85	250676	402715	405445	253674
86	247047	405366	404026	256115
87	249495	406121	402878	254022
88	251269	401837	404762	254632
89	247208	405647	403866	255785
90	247981	405962	403458	255104
91	249739	403526	405120	254126
92	248470	403811	404409	255824
93	249465	403814	404853	254403
94	249738	401623	406069	255112
95	247446	403492	403865	257764
96	249304	406833	403810	252611
97	251650	402084	403504	255331
98	249593	404005	402433	256551
99	250269	405638	402005	254658
100	250851	402747	403918	255039
101	249394	402300	404211	256702
>>END_MODULE
>>Per base GC content	fail
#Base	%GC
1	55.45759580922972
2	31.203337457413287
3	33.32459759746948
4	33.20917922682643
5	19.91506182170602
6	33.15135576589041
7	34.404502154476255
8	33.95905580916277
9	54.131368199077265
10	32.7785887113977
11	42.219201960055344
12	35.26187399818378
13	42.589607318515085
14	43.613364456931805
15	39.2890990205818
16	36.649560876905355
17	35.541092462134685
18	35.67609781370596
19	36.245634671526176
20	37.01128128866325
21	37.05203959116756
22	37.36469767243428
23	37.28729498954759
24	37.19008453348123
25	37.456422899004735
26	37.41520749404243
27	37.250067994456835
28	37.456765330594756
29	37.512989526099425
30	37.18446069386269
31	37.67719000985849
32	37.55089322175426
33	37.5374366405572
34	37.67298520426044
35	37.61862820989498
36	37.59148724778625
37	37.588165061910786
38	37.59694677194584
39	37.63624214357608
40	37.69041750320966
41	37.726622300990684
42	37.554812071265786
43	37.8528791894046
44	37.941047610702405
45	37.76635017681118
46	37.86653886127222
47	37.72468731784812
48	37.7844032607942
49	37.67258923666431
50	37.64601542005125
51	37.64003209223546
52	37.86834371711812
53	37.90144264103733
54	37.81809177317663
55	37.880550685614104
56	37.95285921307069
57	37.81718578568816
58	38.15392984570749
59	37.91224447813731
60	37.71122937611191
61	37.874210549173576
62	38.001237331447875
63	37.90342734193572
64	38.0171850262621
65	38.185975319402466
66	38.006367713756106
67	38.13216794778317
68	38.14854856319146
69	38.03949414459956
70	38.06703424547428
71	37.97503748491461
72	37.96376718841428
73	38.270932410131856
74	38.182941611639734
75	38.105948225878834
76	38.287418297292334
77	38.3910462998941
78	38.08303340413796
79	38.10489231840564
80	38.27863875215138
81	38.13690263949459
82	38.24832689283581
83	38.37328193094201
84	38.10885414166718
85	38.426373894294144
86	38.33457518700183
87	38.362732340024806
88	38.54483809523809
89	38.32310099915734
90	38.33013969470592
91	38.389392546043425
92	38.42199016543824
93	38.38891915263212
94	38.46353107176761
95	38.49022564181486
96	38.239453037503864
97	38.62509323319384
98	38.56094324011757
99	38.46857691399316
100	38.542384890537924
101	38.55655196109727
>>END_MODULE
>>Per sequence GC content	pass
#GC Content	Count
0	0.0
1	0.0
2	0.0
3	0.5
4	0.5
5	0.5
6	1.5
7	4.5
8	5.5
9	6.0
10	11.5
11	21.5
12	28.5
13	52.5
14	83.5
15	127.0
16	168.0
17	235.0
18	378.5
19	562.5
20	896.5
21	1455.5
22	2342.5
23	3701.0
24	5825.5
25	8948.0
26	13445.0
27	19363.0
28	26384.0
29	34227.5
30	42935.5
31	52244.0
32	61105.5
33	69419.0
34	76642.5
35	81679.5
36	83931.0
37	84183.0
38	82208.5
39	78246.5
40	72412.0
41	65993.0
42	59870.5
43	52228.0
44	44676.5
45	37435.0
46	31048.0
47	25944.0
48	21138.5
49	16686.0
50	13161.5
51	10304.0
52	7827.0
53	5782.5
54	4290.0
55	3536.5
56	2862.5
57	2110.0
58	1373.5
59	879.0
60	555.0
61	431.5
62	372.0
63	290.0
64	193.0
65	132.5
66	84.5
67	44.0
68	24.5
69	17.5
70	11.5
71	8.0
72	9.0
73	6.0
74	1.0
75	2.0
76	2.5
77	0.5
78	0.5
79	0.5
80	0.0
81	0.0
82	0.0
83	0.0
84	0.0
85	0.0
86	0.0
87	0.0
88	0.0
89	0.0
90	0.0
91	0.0
92	0.0
93	0.0
94	0.0
95	0.5
96	0.5
97	0.0
98	0.0
99	0.0
100	0.0
>>END_MODULE
>>Per base N content	pass
#Base	N-Count
1	0.030397313456486892
2	0.0
3	0.0
4	0.0
5	0.01005625407583025
6	0.0
7	0.0
8	0.0
9	0.0
10	0.0
11	0.0
12	0.0
13	0.0
14	0.0
15	0.0
16	0.0
17	2.2855122899614205E-4
18	0.009218232902844396
19	0.0
20	0.0
21	0.0
22	0.0
23	0.0
24	0.0
25	0.0
26	0.0
27	6.856536869884262E-4
28	9.142049159845682E-4
29	0.0015236748599742804
30	0.0016760423459717085
31	0.0031997172059459885
32	0.004875759551917698
33	0.004951943294916411
34	0.005789964467902265
35	0.00853257921585597
36	0.010513356533822535
37	0.012417950108790383
38	0.012875052566782669
39	0.011808480164800673
40	0.013027420052780098
41	0.014474911169755664
42	0.01348452251077238
43	0.015084381113745375
44	0.015312932342741517
45	0.01516056485674409
46	0.01554148357173766
47	0.013789257482767235
48	0.013332155024774955
49	0.01363688999676981
50	0.012875052566782669
51	0.011351377706808389
52	0.011656112678803244
53	0.012341766365791672
54	0.010741907762818676
55	0.010894275248816105
56	0.00929441664584311
57	0.010360989047825106
58	0.008304027986859829
59	0.008075476757863687
60	0.009218232902844396
61	0.011656112678803244
62	0.008684946701853397
63	0.00853257921585597
64	0.005942331953899694
65	0.00662798564088812
66	0.004342473350926699
67	0.0067803531268855475
68	0.0067803531268855475
69	0.00510431078091384
70	0.0047995758089189825
71	0.006704169383886834
72	0.007923109271866258
73	0.006247066925894549
74	0.005866148210900979
75	0.0081516605008624
76	0.006323250668893264
77	0.006551801897889405
78	0.006399434411891977
79	0.0067803531268855475
80	0.006475618154890692
81	0.00700890435588169
82	0.006704169383886834
83	0.007313639327876546
84	0.0067803531268855475
85	0.008075476757863687
86	0.004723392065920269
87	0.007618374299871401
88	0.008837314187850826
89	0.008380211729858542
90	0.008456395472857257
91	0.007999293014864971
92	0.00777074178586883
93	0.006170883182895836
94	0.005637596981904838
95	0.0037330034069369866
96	0.004418657093925413
97	0.003580635920939559
98	0.0025902472619562765
99	0.003504452177940845
100	0.004647208322921555
101	6.856536869884262E-4
>>END_MODULE
>>Sequence Length Distribution	pass
#Length	Count
101	1312616.0
>>END_MODULE
>>Sequence Duplication Levels	warn
#Total Duplicate Percentage	27.614629460415642
#Duplication Level	Relative count
1	100.0
2	19.198700104872017
3	4.873959371803669
4	1.62033740305812
5	0.7742403252327252
6	0.5042919844116162
7	0.34957339099136425
8	0.25700117819179924
9	0.21103875085774954
10++	1.6824837836788067
>>END_MODULE
>>Overrepresented sequences	pass
>>END_MODULE
>>Kmer Content	warn
#Sequence	Count	Obs/Exp Overall	Obs/Exp Max	Max Obs/Exp Position
ATACC	149805	1.0941292	5.619753	6
GTATT	224360	1.0122528	6.5163913	1
AATAC	220400	0.9850984	5.556601	5
ATATA	343350	0.9379844	5.342211	1
TATTA	319030	0.8704722	5.6604314	2
TATAC	194345	0.8675734	6.359722	5
ATACT	187310	0.83616847	5.4747605	6
GTATA	167725	0.7576638	7.0469875	1
>>END_MODULE
