##FastQC	0.8.0
>>Basic Statistics	pass
#Measure	Value	
Filename	1_140716_AH9BY4ADXX_P1260_1005_1.fastq.gz	
File type	Conventional base calls	
Total Sequences	2088288	
Sequence length	101	
%GC	37	
>>END_MODULE
>>Per base sequence quality	pass
#Base	Mean	Median	Lower Quartile	Upper Quartile	10th Percentile	90th Percentile
1	32.71257364884537	33.0	33.0	33.0	33.0	33.0
2	32.736973061186966	33.0	33.0	33.0	33.0	33.0
3	32.74986544001594	33.0	33.0	33.0	33.0	33.0
4	36.69011889164713	37.0	37.0	37.0	37.0	37.0
5	36.62228054751069	37.0	37.0	37.0	37.0	37.0
6	36.59940439249759	37.0	37.0	37.0	37.0	37.0
7	36.54012329716974	37.0	37.0	37.0	37.0	37.0
8	36.531200677301214	37.0	37.0	37.0	37.0	37.0
9	36.50796537642317	37.0	37.0	37.0	37.0	37.0
10	36.504263779708545	37.0	37.0	37.0	37.0	37.0
11	36.52503438223081	37.0	37.0	37.0	37.0	37.0
12	36.50347222222222	37.0	37.0	37.0	37.0	37.0
13	36.50271801590585	37.0	37.0	37.0	37.0	37.0
14	38.58867407177554	40.0	37.0	40.0	37.0	40.0
15	38.61380662054276	40.0	37.0	40.0	37.0	40.0
16	38.62197982270645	40.0	37.0	40.0	37.0	40.0
17	38.60826859130541	40.0	37.0	40.0	37.0	40.0
18	38.62019462832713	40.0	37.0	40.0	37.0	40.0
19	38.662396661763125	40.0	37.0	40.0	37.0	40.0
20	38.65784364991802	40.0	37.0	40.0	37.0	40.0
21	38.63865281034034	40.0	37.0	40.0	37.0	40.0
22	38.64945639681883	40.0	37.0	40.0	37.0	40.0
23	38.643141175929756	40.0	37.0	40.0	37.0	40.0
24	38.63541475122205	40.0	37.0	40.0	37.0	40.0
25	38.61135724574388	40.0	37.0	40.0	37.0	40.0
26	38.56814050552414	40.0	37.0	40.0	37.0	40.0
27	38.55660665578694	40.0	37.0	40.0	37.0	40.0
28	38.56167157020488	40.0	37.0	40.0	37.0	40.0
29	38.5543689376178	40.0	37.0	40.0	37.0	40.0
30	38.53132518120106	40.0	37.0	40.0	37.0	40.0
31	38.52540645734688	40.0	37.0	40.0	37.0	40.0
32	38.50851989763864	40.0	37.0	40.0	37.0	40.0
33	38.47895405231462	40.0	37.0	40.0	37.0	40.0
34	38.478680622596116	40.0	37.0	40.0	37.0	40.0
35	38.46597164758884	40.0	37.0	40.0	37.0	40.0
36	38.460179821940265	40.0	37.0	40.0	37.0	40.0
37	38.43798221318132	40.0	37.0	40.0	37.0	40.0
38	38.42395684886376	40.0	37.0	40.0	37.0	40.0
39	38.40634960311988	40.0	37.0	40.0	37.0	40.0
40	38.40045817435143	40.0	37.0	40.0	37.0	40.0
41	38.38666170566512	40.0	37.0	40.0	37.0	40.0
42	38.35545432430776	40.0	37.0	40.0	37.0	40.0
43	38.36508996843347	40.0	37.0	40.0	37.0	40.0
44	38.339278394550945	40.0	37.0	40.0	37.0	40.0
45	38.30959235507746	40.0	37.0	40.0	37.0	40.0
46	38.314508343676735	40.0	37.0	40.0	37.0	40.0
47	38.28186389999847	40.0	37.0	40.0	37.0	40.0
48	38.265140153082335	40.0	37.0	40.0	37.0	40.0
49	38.25006464625569	40.0	37.0	40.0	37.0	40.0
50	38.21761797223372	40.0	37.0	40.0	37.0	40.0
51	38.16767897914464	40.0	37.0	40.0	37.0	40.0
52	38.138023107923814	40.0	37.0	40.0	37.0	40.0
53	38.114515335049575	40.0	37.0	40.0	37.0	40.0
54	38.06552113501586	40.0	37.0	40.0	33.0	40.0
55	37.99941243736496	40.0	37.0	40.0	33.0	40.0
56	37.961240020533566	40.0	37.0	40.0	33.0	40.0
57	37.91495761121072	40.0	37.0	40.0	33.0	40.0
58	37.860821400113394	40.0	37.0	40.0	33.0	40.0
59	37.79865037772568	40.0	37.0	40.0	33.0	40.0
60	37.746366401569134	40.0	37.0	40.0	33.0	40.0
61	37.6470434154676	40.0	37.0	40.0	33.0	40.0
62	37.57404007493219	40.0	37.0	40.0	33.0	40.0
63	37.49781112566849	40.0	37.0	40.0	33.0	40.0
64	37.408643348043945	37.0	37.0	40.0	33.0	40.0
65	37.30318088309659	37.0	37.0	40.0	33.0	40.0
66	37.25256765350373	37.0	37.0	40.0	33.0	40.0
67	37.17223055440629	37.0	37.0	40.0	33.0	40.0
68	37.08239763863988	37.0	37.0	40.0	33.0	40.0
69	36.967365133544796	37.0	37.0	40.0	33.0	40.0
70	36.84448553073139	37.0	37.0	40.0	33.0	40.0
71	36.71097281601005	37.0	37.0	40.0	33.0	40.0
72	36.57951345791385	37.0	37.0	40.0	33.0	40.0
73	36.46613541810325	37.0	37.0	40.0	33.0	40.0
74	36.43695122511838	37.0	37.0	37.0	33.0	40.0
75	36.36220770315206	37.0	37.0	37.0	33.0	40.0
76	36.21878591458649	37.0	37.0	37.0	33.0	40.0
77	36.11005091251781	37.0	37.0	37.0	33.0	40.0
78	35.995095982929556	37.0	37.0	37.0	33.0	40.0
79	35.91022119554391	37.0	37.0	37.0	33.0	40.0
80	35.81453851192939	37.0	37.0	37.0	33.0	37.0
81	35.71564266997655	37.0	37.0	37.0	33.0	37.0
82	35.61427494675064	37.0	37.0	37.0	33.0	37.0
83	35.54242087298304	37.0	37.0	37.0	33.0	37.0
84	35.456038630686955	37.0	37.0	37.0	33.0	37.0
85	35.38910437640785	37.0	33.0	37.0	33.0	37.0
86	35.32786617554667	37.0	33.0	37.0	33.0	37.0
87	35.265452849415404	37.0	33.0	37.0	33.0	37.0
88	35.22192149741798	37.0	33.0	37.0	33.0	37.0
89	35.16749222329487	37.0	33.0	37.0	33.0	37.0
90	35.126147830184344	37.0	33.0	37.0	33.0	37.0
91	35.0802566504237	37.0	33.0	37.0	33.0	37.0
92	35.03624931043994	37.0	33.0	37.0	33.0	37.0
93	34.98045001455738	37.0	33.0	37.0	33.0	37.0
94	34.956002716100464	37.0	33.0	37.0	33.0	37.0
95	34.92226503240932	37.0	33.0	37.0	33.0	37.0
96	34.897437518196725	37.0	33.0	37.0	33.0	37.0
97	34.87045656537796	37.0	33.0	37.0	33.0	37.0
98	34.823803517522485	37.0	33.0	37.0	33.0	37.0
99	34.78229295959178	37.0	33.0	37.0	33.0	37.0
100	34.73850781118313	37.0	33.0	37.0	33.0	37.0
101	34.308561845875666	37.0	33.0	37.0	33.0	37.0
>>END_MODULE
>>Per sequence quality scores	pass
#Quality	Count
3	3.0
4	1.0
5	3.0
6	5.0
7	8.0
8	30.0
9	89.0
10	133.0
11	206.0
12	276.0
13	310.0
14	395.0
15	375.0
16	481.0
17	567.0
18	615.0
19	750.0
20	958.0
21	1116.0
22	1596.0
23	2006.0
24	2820.0
25	3781.0
26	5478.0
27	7646.0
28	10721.0
29	14554.0
30	20272.0
31	27837.0
32	38733.0
33	54659.0
34	77729.0
35	112496.0
36	185099.0
37	508645.0
38	997853.0
39	10042.0
>>END_MODULE
>>Per base sequence content	fail
#Base	G	A	T	C
1	690816	599011	328213	469587
2	240616	493099	952091	402482
3	256998	705807	695863	429620
4	201135	442966	972181	472006
5	198989	850962	840902	197192
6	461508	975423	441653	209704
7	422886	727363	657062	280977
8	381408	882458	513805	310617
9	442011	387986	582805	675486
10	262776	639049	783551	402912
11	567334	609042	605635	306277
12	358149	608131	754501	367507
13	464587	547586	660097	416018
14	361187	514062	675452	537587
15	406610	718236	557470	405972
16	383338	713882	616405	374663
17	364439	685073	670661	368109
18	369969	688155	663498	366446
19	385144	672727	664722	365695
20	384502	667769	656952	379065
21	380128	662164	662969	383027
22	385328	655677	660953	386330
23	384125	660344	658295	385524
24	382695	665651	657149	382793
25	387749	657426	657944	385169
26	382589	660110	657722	387867
27	385123	666386	651318	385453
28	387542	661289	655745	383694
29	385925	659715	652582	390036
30	385897	664724	655294	382346
31	385954	661752	654071	386459
32	386120	659441	654176	388465
33	386741	665230	651611	384620
34	389602	655312	655407	387857
35	385521	657990	655458	389156
36	386349	660142	652121	389459
37	389321	655283	657355	386072
38	387851	656768	655751	387648
39	390092	661192	650539	386230
40	390809	655305	658390	383542
41	388564	657551	652103	389786
42	388523	661316	653592	384576
43	390888	654487	655064	387558
44	388933	654983	653931	390137
45	388023	660577	652257	387139
46	391336	649340	657291	390008
47	385383	659173	653678	389785
48	391964	658299	650049	387707
49	391182	655009	655228	386590
50	388143	654969	651673	393239
51	387949	659558	654562	385982
52	392551	653468	655090	386939
53	385162	655983	653375	393513
54	387563	657642	654199	388664
55	390467	654162	654826	388611
56	390380	651790	654456	391483
57	388801	656517	651007	391752
58	391656	649330	654536	392605
59	384329	653466	656109	394221
60	386454	660134	651407	390101
61	389192	650672	656264	391918
62	388208	654982	652637	392286
63	387607	659077	650456	390986
64	390250	653949	655221	388752
65	388756	656582	648735	394096
66	386978	658988	651275	390971
67	389036	653049	655576	390502
68	389723	651265	650262	396908
69	389217	658625	649784	390573
70	391557	654606	652676	389356
71	385074	653875	657020	392183
72	387040	658602	650588	391900
73	396168	647937	654278	389780
74	387707	653323	653095	394054
75	389746	657759	651289	389344
76	393474	653813	650770	390117
77	389060	651914	649598	397592
78	386422	657151	651657	392940
79	390220	651928	653826	392190
80	389670	656086	647048	395362
81	388540	655471	650383	393762
82	391560	653691	651391	391523
83	391349	649433	651461	395896
84	387397	660198	648113	392438
85	392974	648648	654353	392153
86	385500	654983	650638	397059
87	391655	654675	650302	391503
88	393599	649212	651276	394031
89	387990	655608	649627	394900
90	388379	655412	650457	393873
91	391753	649530	653231	393626
92	388044	652673	648933	398491
93	391511	654233	648693	393733
94	389055	649225	653515	396384
95	385632	651196	651997	399382
96	390211	659550	647532	390906
97	394193	650016	649691	394314
98	392299	650924	649294	395719
99	390655	655666	648713	393187
100	392624	649571	651889	394122
101	390999	647731	650939	398607
>>END_MODULE
>>Per base GC content	fail
#Base	%GC
1	55.58478597948772
2	30.795464993334253
3	32.879468732282135
4	32.23410755604591
5	18.973776906149055
6	32.14173523958381
7	33.7052647910633
8	33.138388957844896
9	53.51259021744127
10	31.87721233852802
11	41.83383709526655
12	34.748846902342976
13	42.16875258585023
14	43.03879541519177
15	38.911395363091685
16	36.29772330253299
17	35.078978796924936
18	35.26776905732955
19	35.95476294457469
20	36.56425742043243
21	36.54452834091849
22	36.95170397952773
23	36.85550077383962
24	36.656246647971926
25	37.012040484837335
26	36.89414486890697
27	36.900032562683165
28	36.931814372662544
29	37.1582917436447
30	36.788648545368616
31	36.988779046046524
32	37.09339422144026
33	36.93900302748489
34	37.23145249111906
35	37.09916791379826
36	37.15429216726826
37	37.13512874090471
38	37.140436528803875
39	37.17922868816069
40	37.084958856270404
41	37.27722743826161
42	37.025690047973974
43	37.28195011774442
44	37.31206752542165
45	37.12468797832946
46	37.421137705192834
47	37.12456639522917
48	37.34022535235551
49	37.249456300236254
50	37.42207943969993
51	37.06475560223385
52	37.331038366934095
53	37.29227459527699
54	37.17441194443859
55	37.31098538073031
56	37.44359130677565
57	37.38142798373815
58	37.558108295137224
59	37.284645315773716
60	37.18962154996705
61	37.40865862150547
62	37.37795799365264
63	37.28668672292764
64	37.30545184975184
65	37.48987749554754
66	37.254311343867386
67	37.331281130831265
68	37.67104788047648
69	37.34270536476648
70	37.39655539832248
71	37.22224244212107
72	37.303233036257325
73	37.63824950446876
74	37.43745148284702
75	37.31027355471717
76	37.52517749957619
77	37.671945306977804
78	37.32272755570667
79	37.46880034326806
80	37.59432918647273
81	37.463771863787954
82	37.50101165377257
83	37.70079482256689
84	37.34580819540396
85	37.59956286204677
86	37.475648650978364
87	37.50514214837642
88	37.71961163114345
89	37.49248727925771
90	37.4620053148261
91	37.61141494344249
92	37.666757177795944
93	37.60440960266645
94	37.6135858084963
95	37.59272907331505
96	37.40625294811462
97	37.75987518520611
98	37.736060483585184
99	37.53635271362562
100	37.67568908431448
101	37.81138125420203
>>END_MODULE
>>Per sequence GC content	pass
#GC Content	Count
0	0.0
1	0.0
2	0.0
3	0.0
4	0.5
5	4.5
6	13.5
7	18.5
8	21.5
9	53.5
10	95.5
11	133.5
12	208.5
13	420.5
14	692.0
15	919.0
16	1179.0
17	1438.0
18	1857.0
19	2762.5
20	3865.0
21	5607.0
22	7804.0
23	10641.5
24	15399.5
25	21671.5
26	29438.5
27	38655.5
28	49868.5
29	61938.0
30	74708.5
31	87872.0
32	99635.0
33	110084.0
34	119130.5
35	125588.5
36	128015.5
37	127743.0
38	124582.5
39	118205.0
40	109361.5
41	99399.0
42	89481.5
43	78312.5
44	67759.0
45	56398.5
46	45522.5
47	37409.0
48	30061.5
49	23900.5
50	18860.5
51	14915.5
52	11645.5
53	8569.0
54	6394.5
55	5381.0
56	4559.0
57	3239.0
58	1911.5
59	1282.5
60	869.5
61	715.5
62	570.0
63	431.5
64	328.0
65	207.0
66	133.5
67	84.5
68	49.5
69	38.5
70	35.5
71	29.5
72	26.0
73	23.5
74	19.5
75	18.0
76	13.0
77	12.5
78	11.0
79	8.0
80	5.0
81	5.5
82	7.0
83	5.0
84	2.5
85	1.0
86	1.0
87	0.5
88	0.0
89	0.5
90	0.5
91	0.0
92	0.5
93	0.5
94	0.0
95	0.0
96	0.0
97	0.0
98	0.0
99	0.0
100	0.0
>>END_MODULE
>>Per base N content	pass
#Base	N-Count
1	0.031652722229884
2	0.0
3	0.0
4	0.0
5	0.01163632602399669
6	0.0
7	0.0
8	0.0
9	0.0
10	0.0
11	0.0
12	0.0
13	0.0
14	0.0
15	0.0
16	0.0
17	2.873166919505356E-4
18	0.010534945371519637
19	0.0
20	0.0
21	0.0
22	0.0
23	0.0
24	0.0
25	0.0
26	0.0
27	3.830889226007141E-4
28	8.619500758516067E-4
29	0.0014365834597526777
30	0.00129292511377741
31	0.0024900779969046416
32	0.004118205917957677
33	0.004118205917957677
34	0.005267472685759818
35	0.007805436797989549
36	0.01039128702554437
37	0.01230673163854794
38	0.0129292511377741
39	0.011253237101395976
40	0.0115884399086716
41	0.013599656752325351
42	0.013455998406350082
43	0.013934859559600974
44	0.014557379058827136
45	0.013982745674926064
46	0.014988354096752938
47	0.01288136502244901
48	0.01288136502244901
49	0.013360226175699902
50	0.012641934445823566
51	0.011349009332046155
52	0.011492667678021422
53	0.01221095940789776
54	0.010534945371519637
55	0.010630717602169815
56	0.008571614643190978
57	0.010103970333593833
58	0.0077096645673393705
59	0.007805436797989549
60	0.009194134142417138
61	0.0115884399086716
62	0.00838007018189062
63	0.007757550682664461
64	0.0055547893777103535
65	0.0056984477236856216
66	0.003639344764706784
67	0.005985764415636157
68	0.006225194992261604
69	0.004261864263932945
70	0.004453408725233301
71	0.0065125116842121395
72	0.007566006221364103
73	0.005985764415636157
74	0.005219586570434729
75	0.0071829172987633895
76	0.005459017147060176
77	0.005937878300311068
78	0.005650561608360532
79	0.005937878300311068
80	0.00584210606966089
81	0.006320967222911783
82	0.005889992184985979
83	0.007135031183438299
84	0.006799828376162676
85	0.007661778452014282
86	0.00517170045510964
87	0.007326575644738657
88	0.008140639605265175
89	0.007805436797989549
90	0.007996981259289906
91	0.007087145068113211
92	0.007039258952788121
93	0.005650561608360532
94	0.005219586570434729
95	0.0038787753413322304
96	0.004261864263932945
97	0.0035435725340566054
98	0.0024900779969046416
99	0.0032083697267809804
100	0.003926661456657319
101	5.746333839010712E-4
>>END_MODULE
>>Sequence Length Distribution	pass
#Length	Count
101	2088288.0
>>END_MODULE
>>Sequence Duplication Levels	warn
#Total Duplicate Percentage	39.36218185753711
#Duplication Level	Relative count
1	100.0
2	26.695570693399173
3	8.871999286075498
4	3.4974863908141716
5	1.8472796501769937
6	1.0790671386500879
7	0.7421840140405153
8	0.5339560341493887
9	0.4566142130469703
10++	5.010113930451855
>>END_MODULE
>>Overrepresented sequences	pass
>>END_MODULE
>>Kmer Content	warn
#Sequence	Count	Obs/Exp Overall	Obs/Exp Max	Max Obs/Exp Position
ACCAT	284235	1.3131282	5.106989	8
ACACC	151195	1.1734787	5.256615	6
ATACC	253660	1.1718757	6.1115327	6
ATATA	716500	1.1716207	6.4196653	1
TATAT	691280	1.1315328	5.2248783	2
GTATT	377405	1.0467596	6.6645603	1
AATAC	366605	1.0071113	5.6951303	5
TAATA	606975	0.9925254	5.3153167	4
ATACA	358740	0.98550504	5.275808	6
TATTA	599100	0.98064643	6.115857	2
TACTG	205590	0.9579647	5.4416547	7
ATACT	330440	0.9086863	6.432194	6
TATAC	329020	0.9047814	7.608284	5
GTATA	312990	0.8672162	8.056893	1
TATAA	517425	0.8460933	5.486424	2
>>END_MODULE
