##FastQC	0.8.0
>>Basic Statistics	pass
#Measure	Value	
Filename	8_140619_BC47HDACXX_P1260_1019_2.fastq.gz	
File type	Conventional base calls	
Total Sequences	2664496	
Sequence length	101	
%GC	36	
>>END_MODULE
>>Per base sequence quality	pass
#Base	Mean	Median	Lower Quartile	Upper Quartile	10th Percentile	90th Percentile
1	31.751498219550715	33.0	33.0	33.0	27.0	33.0
2	31.759802604319916	33.0	33.0	33.0	27.0	33.0
3	31.742574956014195	33.0	33.0	33.0	27.0	33.0
4	35.56498602362323	37.0	37.0	37.0	33.0	37.0
5	35.59711968041986	37.0	37.0	37.0	33.0	37.0
6	35.65231398358264	37.0	37.0	37.0	33.0	37.0
7	35.59990557313653	37.0	37.0	37.0	33.0	37.0
8	35.61685962373372	37.0	37.0	37.0	33.0	37.0
9	35.62803021659631	37.0	37.0	37.0	33.0	37.0
10	35.59083931820502	37.0	37.0	37.0	33.0	37.0
11	35.627862455038404	37.0	37.0	37.0	33.0	37.0
12	35.58496916490023	37.0	37.0	37.0	33.0	37.0
13	35.58417651968703	37.0	37.0	37.0	33.0	37.0
14	37.509507989503454	40.0	37.0	40.0	33.0	40.0
15	37.5263896061394	40.0	37.0	40.0	33.0	40.0
16	37.51295104214831	40.0	37.0	40.0	33.0	40.0
17	37.472266424869844	40.0	37.0	40.0	33.0	40.0
18	37.46448934432628	40.0	37.0	40.0	33.0	40.0
19	37.50443460977235	40.0	37.0	40.0	33.0	40.0
20	37.47098850964685	40.0	37.0	40.0	33.0	40.0
21	37.425976995274155	40.0	37.0	40.0	33.0	40.0
22	37.36689565306159	40.0	37.0	40.0	33.0	40.0
23	37.33549571851487	40.0	37.0	40.0	33.0	40.0
24	37.282551747122156	40.0	37.0	40.0	33.0	40.0
25	37.22301028036822	40.0	37.0	40.0	33.0	40.0
26	37.16634252781764	40.0	37.0	40.0	33.0	40.0
27	37.1279495259141	40.0	37.0	40.0	33.0	40.0
28	37.09316208393633	40.0	37.0	40.0	33.0	40.0
29	37.04231119130973	40.0	37.0	40.0	33.0	40.0
30	37.03370768805808	40.0	37.0	40.0	33.0	40.0
31	36.99528428640914	40.0	37.0	40.0	33.0	40.0
32	36.994517161969846	40.0	37.0	40.0	33.0	40.0
33	36.983045198791814	40.0	37.0	40.0	33.0	40.0
34	36.960036344584495	40.0	37.0	40.0	33.0	40.0
35	36.95247769184116	40.0	37.0	40.0	33.0	40.0
36	36.91538137043553	40.0	37.0	40.0	33.0	40.0
37	36.89728488990038	40.0	37.0	40.0	33.0	40.0
38	36.8512183917709	40.0	37.0	40.0	33.0	40.0
39	36.8219089088518	40.0	37.0	40.0	33.0	40.0
40	36.79651949186638	40.0	37.0	40.0	33.0	40.0
41	36.704907044334085	40.0	37.0	40.0	33.0	40.0
42	36.69022847097538	40.0	37.0	40.0	33.0	40.0
43	36.65799648413809	40.0	37.0	40.0	33.0	40.0
44	36.632522248109964	40.0	37.0	40.0	33.0	40.0
45	36.58519922717092	40.0	37.0	40.0	33.0	40.0
46	36.525134959857326	40.0	37.0	40.0	33.0	40.0
47	36.440875122349595	40.0	37.0	40.0	33.0	40.0
48	36.37358584888099	40.0	37.0	40.0	33.0	40.0
49	36.296718028475176	40.0	37.0	40.0	33.0	40.0
50	36.18619055911512	40.0	37.0	40.0	33.0	40.0
51	34.71480122319568	37.0	33.0	37.0	27.0	40.0
52	35.205066924476526	37.0	37.0	40.0	33.0	40.0
53	35.697805513688145	37.0	37.0	40.0	33.0	40.0
54	35.890732431199	37.0	37.0	40.0	33.0	40.0
55	35.94022471792039	37.0	37.0	40.0	33.0	40.0
56	35.9072575076112	37.0	37.0	40.0	33.0	40.0
57	36.12026326930121	40.0	37.0	40.0	33.0	40.0
58	36.16588953408074	40.0	37.0	40.0	33.0	40.0
59	36.15083790705634	40.0	37.0	40.0	33.0	40.0
60	36.097852652058776	40.0	37.0	40.0	33.0	40.0
61	36.0369323129027	37.0	37.0	40.0	33.0	40.0
62	35.943264692459664	37.0	37.0	40.0	33.0	40.0
63	35.85023546666987	37.0	37.0	40.0	33.0	40.0
64	35.74920435234281	37.0	37.0	40.0	27.0	40.0
65	35.66434627787019	37.0	37.0	40.0	27.0	40.0
66	35.73040755174712	37.0	37.0	40.0	33.0	40.0
67	35.672934393596385	37.0	37.0	40.0	33.0	40.0
68	35.57575541490773	37.0	37.0	40.0	33.0	40.0
69	35.451600978196254	37.0	37.0	40.0	27.0	40.0
70	35.333497967345416	37.0	37.0	40.0	27.0	40.0
71	35.18466832001249	37.0	37.0	40.0	27.0	40.0
72	35.05529375911993	37.0	37.0	40.0	27.0	40.0
73	34.885423734920224	37.0	37.0	37.0	27.0	40.0
74	34.736288964216875	37.0	37.0	37.0	27.0	40.0
75	34.55951106700854	37.0	33.0	37.0	27.0	40.0
76	34.3627271348878	37.0	33.0	37.0	27.0	40.0
77	34.184638670878094	37.0	33.0	37.0	27.0	40.0
78	34.012881610631055	37.0	33.0	37.0	27.0	40.0
79	33.8691895202695	37.0	33.0	37.0	27.0	40.0
80	33.785293729095486	37.0	33.0	37.0	27.0	37.0
81	33.67279177750689	37.0	33.0	37.0	27.0	37.0
82	33.567016051065565	37.0	33.0	37.0	27.0	37.0
83	33.46481098113865	37.0	33.0	37.0	27.0	37.0
84	33.374721523319984	37.0	33.0	37.0	27.0	37.0
85	33.291211170893106	37.0	33.0	37.0	27.0	37.0
86	33.177743558256424	37.0	33.0	37.0	27.0	37.0
87	33.101861290090135	37.0	33.0	37.0	27.0	37.0
88	33.03440237853613	37.0	33.0	37.0	27.0	37.0
89	32.96821800445563	37.0	33.0	37.0	27.0	37.0
90	32.88098687331488	37.0	33.0	37.0	27.0	37.0
91	32.81448986975398	37.0	33.0	37.0	27.0	37.0
92	32.732104683212135	37.0	33.0	37.0	27.0	37.0
93	32.6551302760447	37.0	33.0	37.0	27.0	37.0
94	32.603397790801715	37.0	33.0	37.0	27.0	37.0
95	32.52386229891131	37.0	33.0	37.0	27.0	37.0
96	32.43722790351346	37.0	33.0	37.0	27.0	37.0
97	32.355133954038585	37.0	33.0	37.0	27.0	37.0
98	32.26970353868049	37.0	33.0	37.0	27.0	37.0
99	32.1840689571311	37.0	33.0	37.0	22.0	37.0
100	32.067486684160905	37.0	33.0	37.0	22.0	37.0
101	31.313287015630724	33.0	33.0	37.0	15.0	37.0
>>END_MODULE
>>Per sequence quality scores	pass
#Quality	Count
2	26202.0
3	5725.0
4	4383.0
5	4761.0
6	3677.0
7	3476.0
8	3878.0
9	4479.0
10	4930.0
11	4934.0
12	4514.0
13	4194.0
14	4189.0
15	4906.0
16	5328.0
17	5777.0
18	5951.0
19	6295.0
20	6653.0
21	6996.0
22	7823.0
23	9137.0
24	10825.0
25	12804.0
26	15680.0
27	18965.0
28	22944.0
29	28060.0
30	34630.0
31	44625.0
32	58619.0
33	80376.0
34	112739.0
35	166642.0
36	292202.0
37	733972.0
38	887002.0
39	6203.0
>>END_MODULE
>>Per base sequence content	fail
#Base	G	A	T	C
1	941601	745051	400664	566779
2	325610	609847	1230493	488690
3	349460	895310	882185	527524
4	268052	546799	1259210	581626
5	254578	1083549	1070737	248711
6	579988	1241890	572590	266473
7	535549	930876	840655	355248
8	486900	1121535	661817	393189
9	558350	506767	755460	843392
10	339761	819271	996382	508619
11	715447	784115	777206	387362
12	455694	777917	966946	463538
13	591748	705677	843980	522870
14	459465	661919	865423	677548
15	514408	922029	715446	512448
16	486729	918447	787898	471329
17	460668	878672	860984	464035
18	470087	881579	852402	460269
19	489791	863497	850599	460424
20	485041	857200	844117	477536
21	481112	849488	851178	481043
22	490139	841271	845724	484432
23	485162	845419	844277	485987
24	483772	852768	842069	480541
25	490143	844713	842763	480098
26	483348	844936	840774	487216
27	484719	853306	833745	483378
28	490673	843485	839395	481144
29	484624	845245	836690	488632
30	485449	850930	839602	479964
31	491587	843901	837508	484309
32	486559	843032	837988	490394
33	486068	849258	838319	486405
34	491590	842863	839934	487234
35	487742	844053	841904	489342
36	486700	847964	841836	487030
37	492502	843124	844457	483822
38	487941	843486	843456	489219
39	490607	851022	837225	485294
40	495195	840394	843885	484798
41	492642	842519	837986	491236
42	490710	848833	839696	485100
43	496822	838845	841356	487299
44	489959	840769	839882	493562
45	490885	848126	837856	487218
46	495013	838636	844313	485742
47	489172	842604	839261	491559
48	492335	846518	834034	488699
49	494338	839950	840619	485664
50	488835	839588	837914	493002
51	487465	845304	838395	487498
52	493050	835745	840447	488230
53	486879	838745	837575	492724
54	487434	843746	836842	487099
55	495134	837410	834329	487996
56	491687	838341	834600	490615
57	489371	842711	835278	488203
58	495569	833270	839053	488892
59	484688	839866	839144	493532
60	488166	843929	836297	489417
61	491541	837870	840979	487877
62	490896	838528	836059	493974
63	487717	845987	836509	490615
64	494877	837847	839334	490345
65	489881	841807	835086	496136
66	489534	844120	837367	492095
67	495264	838816	838606	490553
68	492557	837446	837066	496245
69	491601	844625	837574	489425
70	493856	839996	839700	489844
71	486244	840426	840552	495112
72	489346	844221	836756	491074
73	498911	833063	839337	488730
74	487660	837335	838597	494473
75	490728	840249	833898	490693
76	494423	835131	832845	491233
77	489541	834934	831379	495886
78	487079	840995	830892	491950
79	492793	836742	833975	488189
80	489551	838561	832047	494224
81	490035	840359	832779	492659
82	493963	836484	836296	489783
83	491778	835434	835662	495207
84	489280	842725	834972	492638
85	496565	834341	838924	490325
86	489860	841088	832249	497495
87	493132	842387	832687	492864
88	497976	837090	835199	491645
89	489048	840353	837396	495783
90	491141	843080	835238	493136
91	496050	836642	837434	493134
92	490626	839376	835897	497431
93	493564	844018	834028	491916
94	496229	834737	839914	492746
95	490690	837511	838411	497089
96	494928	843078	835637	490143
97	499583	837310	834960	491364
98	497804	837051	831873	496888
99	494003	842809	832791	493875
100	496553	833359	838143	494452
101	496338	835055	831860	497495
>>END_MODULE
>>Per base GC content	fail
#Base	%GC
1	56.8321782001021
2	30.674592411777112
3	33.037895571974765
4	31.99465900913775
5	18.937903916164174
6	31.810588810499745
7	33.459325823114206
8	33.04330751084781
9	52.61855524595068
10	31.845701611053617
11	41.394714221903584
12	34.504475253322425
13	41.83569639019996
14	42.674981374479
15	38.54085697310132
16	35.95769859139177
17	34.70639654791265
18	34.918855985560384
19	35.66456768748093
20	36.13420804281252
21	36.13292068824754
22	36.61645061591559
23	36.49776668689834
24	36.26395652746178
25	36.50655807221009
26	36.53854986345535
27	36.46113135689612
28	36.60745463606581
29	36.65483952001946
30	36.349133735826605
31	36.72502780072291
32	36.75556523711866
33	36.55844814947088
34	36.775483812308366
35	36.690535369151284
36	36.557876201882465
37	36.65010576578369
38	36.6787758126378
39	36.63088537123313
40	36.782768426046594
41	36.92704840107447
42	36.62484391062849
43	36.93701436988472
44	36.91657295399847
45	36.714406634923435
46	36.819218651922284
47	36.83363905000984
48	36.859000610913945
49	36.83427354503977
50	36.9203399792204
51	36.67119024531888
52	36.92531849818173
53	36.88371236666123
54	36.7039016300952
55	37.0312056828416
56	36.99480612508911
57	36.81230684416073
58	37.05461189167053
59	36.813523857550905
60	36.781536972747105
61	36.84422971808325
62	37.032747662398755
63	36.76795343404384
64	37.004991355553614
65	37.02780041383299
66	36.86016681211032
67	37.01571657669477
68	37.126752609718565
69	36.83601648377437
70	36.934049611848934
71	36.86073948648066
72	36.8385475748263
73	37.12878861641607
74	36.94917167187409
75	36.957102962530044
76	37.14365820128789
77	37.16152413132509
78	36.93172473213033
79	36.9944703376967
80	37.06228528437682
81	37.001361531904124
82	37.031295759951156
83	37.13148696371555
84	36.919554145994816
85	37.098966037693295
86	37.108955113932765
87	37.052614173997675
88	37.177102155970715
89	36.98784637456903
90	36.96683123043497
91	37.14184871172924
92	37.09855706953326
93	36.999075661360166
94	37.1288987267732
95	37.082953379527204
96	36.98011026411281
97	37.20864653537432
98	37.34367115980682
99	37.089775098574115
100	37.22074721305897
101	37.35163946378988
>>END_MODULE
>>Per sequence GC content	pass
#GC Content	Count
0	75.0
1	35.5
2	48.0
3	70.5
4	83.5
5	98.0
6	115.5
7	133.5
8	159.5
9	197.0
10	266.0
11	353.5
12	433.0
13	627.5
14	938.0
15	1214.0
16	1597.0
17	2024.5
18	2597.5
19	3816.0
20	5376.0
21	7813.0
22	11026.5
23	15011.0
24	21213.0
25	29320.0
26	39873.5
27	52842.0
28	68715.5
29	85413.5
30	102647.5
31	120486.5
32	136305.5
33	149362.5
34	159012.5
35	165102.0
36	167471.0
37	165829.5
38	159362.5
39	149168.5
40	135693.5
41	120673.0
42	106084.0
43	91597.0
44	77505.5
45	63643.0
46	51768.0
47	42080.0
48	33696.5
49	27214.5
50	21552.5
51	16609.0
52	12620.5
53	9393.0
54	6789.5
55	4980.5
56	3834.5
57	3039.5
58	2317.0
59	1618.0
60	1134.5
61	923.0
62	808.5
63	640.5
64	458.0
65	321.5
66	233.5
67	167.0
68	109.0
69	83.5
70	65.5
71	58.0
72	54.5
73	48.0
74	48.5
75	50.0
76	44.5
77	35.0
78	28.5
79	23.0
80	19.0
81	22.0
82	21.5
83	12.5
84	11.5
85	9.5
86	5.5
87	7.5
88	5.5
89	4.5
90	5.0
91	3.0
92	5.5
93	6.0
94	5.0
95	4.0
96	3.0
97	3.0
98	2.0
99	2.0
100	1.5
>>END_MODULE
>>Per base N content	pass
#Base	N-Count
1	0.3903552491728267
2	0.36990109949498895
3	0.37594351802367126
4	0.33060661378361983
5	0.25974893563360574
6	0.13342110477929034
7	0.08136623211293993
8	0.03959473011030979
9	0.0197785997802211
10	0.017376644588695197
11	0.013736181251538753
12	0.01504975049690448
13	0.00829425152073788
14	0.005291807531330503
15	0.006192540728152716
16	0.0034903411376860766
17	0.005141685331860134
18	0.005967357428947163
19	0.006943151725504561
20	0.022593391020290517
21	0.06286367102821697
22	0.10996451111204521
23	0.1370240375665792
24	0.200638319592148
25	0.2544195975524076
26	0.3085761810113432
27	0.3508355801622521
28	0.3677618581525362
29	0.3492217665179456
30	0.32092373191778106
31	0.26988218409785564
32	0.24481177678630406
33	0.166860824711315
34	0.10790033086932763
35	0.054606950057346684
36	0.036254511172094085
37	0.022180554971747004
38	0.014787036647831335
39	0.013060631353922091
40	0.008406843170340657
41	0.004240952135037921
42	0.005892296329211979
43	0.0065303156769610455
44	0.012159898157099879
45	0.015425055995580403
46	0.029724195495133037
47	0.07130804474842521
48	0.10921390011469337
49	0.14730740823029947
50	0.1935450456671731
51	0.218953227927533
52	0.26361458226996776
53	0.32174940401486807
54	0.35184890500867705
55	0.3613066035753103
56	0.34727017792483084
57	0.3352604019672013
58	0.2894356005788712
59	0.27269697533792503
60	0.2509667869645892
61	0.23377779512523192
62	0.1891164407827972
63	0.13766205691432826
64	0.07855144087287051
65	0.05952345209000126
66	0.05179215881727726
67	0.04717590118356342
68	0.04436110994349401
69	0.04770132888170971
70	0.04128360485435144
71	0.08114104881373438
72	0.11630717403966828
73	0.16719859966012335
74	0.24135896619848557
75	0.33507274921786334
76	0.4077318937615219
77	0.4787396941110063
78	0.5096648672019023
79	0.4802784466555777
80	0.37954645081096017
81	0.325164684052819
82	0.29911848244471
83	0.2407584774006041
84	0.18318661390371763
85	0.16292011697521783
86	0.1427662116963208
87	0.12857966384637096
88	0.09705400195759348
89	0.07190853354630669
90	0.0713455752982928
91	0.046387759636343985
92	0.04376062114561253
93	0.03640463337156446
94	0.03265157838480523
95	0.029836787144735814
96	0.026646690405990478
97	0.048001573280650446
98	0.033026883883481156
99	0.03820609976520888
100	0.07464826368664093
101	0.14066450090373564
>>END_MODULE
>>Sequence Length Distribution	pass
#Length	Count
101	2664496.0
>>END_MODULE
>>Sequence Duplication Levels	warn
#Total Duplicate Percentage	37.298501264675906
#Duplication Level	Relative count
1	100.0
2	27.53552290926606
3	10.131555180926004
4	4.321452224697453
5	2.099765187548919
6	1.1552471551568426
7	0.7533566138840387
8	0.5411222830995244
9	0.39210668914443975
10++	3.5906737311096393
>>END_MODULE
>>Overrepresented sequences	pass
>>END_MODULE
>>Kmer Content	warn
#Sequence	Count	Obs/Exp Overall	Obs/Exp Max	Max Obs/Exp Position
ACACC	197765	1.2506337	5.5730767	6
ATACC	324295	1.1927392	6.1418796	6
ATATA	920925	1.1452988	6.1312485	1
TATAT	893600	1.1117249	5.0866685	2
GTCTT	296950	1.0894835	5.015555	1
GTCCA	167155	1.0540776	5.2637405	1
GTATT	490110	1.045432	7.361609	1
AATAC	477300	1.0206138	5.613317	5
TAATA	797710	0.99206376	5.407151	4
ATACA	457060	0.9773347	5.1360474	6
TATTA	784760	0.97631735	6.3263874	2
TACTG	249820	0.9162309	5.143984	7
TATAC	425550	0.91029096	7.384498	5
ATACT	421695	0.9020449	6.18421	6
GTATA	410230	0.8747219	8.879812	1
TATAA	677350	0.8423792	5.390436	2
GTCTA	202355	0.74214995	5.12814	1
GTGTA	198300	0.72495884	5.0766907	1
>>END_MODULE
