##FastQC	0.8.0
>>Basic Statistics	pass
#Measure	Value	
Filename	1_140716_AH9BY4ADXX_P1260_1017_1.fastq.gz	
File type	Conventional base calls	
Total Sequences	1889165	
Sequence length	101	
%GC	39	
>>END_MODULE
>>Per base sequence quality	pass
#Base	Mean	Median	Lower Quartile	Upper Quartile	10th Percentile	90th Percentile
1	32.75142510050737	33.0	33.0	33.0	33.0	33.0
2	32.76598761886866	33.0	33.0	33.0	33.0	33.0
3	32.775730018288506	33.0	33.0	33.0	33.0	33.0
4	36.7136115691324	37.0	37.0	37.0	37.0	37.0
5	36.65006338779302	37.0	37.0	37.0	37.0	37.0
6	36.62871321456834	37.0	37.0	37.0	37.0	37.0
7	36.57599839082346	37.0	37.0	37.0	37.0	37.0
8	36.569222381316614	37.0	37.0	37.0	37.0	37.0
9	36.546659503007945	37.0	37.0	37.0	37.0	37.0
10	36.54431878634212	37.0	37.0	37.0	37.0	37.0
11	36.559029518332174	37.0	37.0	37.0	37.0	37.0
12	36.537323103064054	37.0	37.0	37.0	37.0	37.0
13	36.538492932062574	37.0	37.0	37.0	37.0	37.0
14	38.6702564360445	40.0	37.0	40.0	37.0	40.0
15	38.69279390630252	40.0	37.0	40.0	37.0	40.0
16	38.70549634362271	40.0	37.0	40.0	37.0	40.0
17	38.69146951166256	40.0	37.0	40.0	37.0	40.0
18	38.70266440464438	40.0	37.0	40.0	37.0	40.0
19	38.736737129896014	40.0	37.0	40.0	37.0	40.0
20	38.72998864577737	40.0	37.0	40.0	37.0	40.0
21	38.712076499405825	40.0	37.0	40.0	37.0	40.0
22	38.71465065253697	40.0	37.0	40.0	37.0	40.0
23	38.70403326337297	40.0	37.0	40.0	37.0	40.0
24	38.69574653352142	40.0	37.0	40.0	37.0	40.0
25	38.671494019844744	40.0	37.0	40.0	37.0	40.0
26	38.62223469098782	40.0	37.0	40.0	37.0	40.0
27	38.61000812528286	40.0	37.0	40.0	37.0	40.0
28	38.62139199064137	40.0	37.0	40.0	37.0	40.0
29	38.609051088708505	40.0	37.0	40.0	37.0	40.0
30	38.5919911707024	40.0	37.0	40.0	37.0	40.0
31	38.577406420296796	40.0	37.0	40.0	37.0	40.0
32	38.55480648858094	40.0	37.0	40.0	37.0	40.0
33	38.530148504762685	40.0	37.0	40.0	37.0	40.0
34	38.518654537851376	40.0	37.0	40.0	37.0	40.0
35	38.50170419206369	40.0	37.0	40.0	37.0	40.0
36	38.485548906527484	40.0	37.0	40.0	37.0	40.0
37	38.461950120820575	40.0	37.0	40.0	37.0	40.0
38	38.446771986565494	40.0	37.0	40.0	37.0	40.0
39	38.421867862256605	40.0	37.0	40.0	37.0	40.0
40	38.41569476461823	40.0	37.0	40.0	37.0	40.0
41	38.39050691707712	40.0	37.0	40.0	37.0	40.0
42	38.35774799977768	40.0	37.0	40.0	37.0	40.0
43	38.3553130615907	40.0	37.0	40.0	37.0	40.0
44	38.31703689196021	40.0	37.0	40.0	37.0	40.0
45	38.28427373998566	40.0	37.0	40.0	37.0	40.0
46	38.28291970261994	40.0	37.0	40.0	37.0	40.0
47	38.24372143248472	40.0	37.0	40.0	37.0	40.0
48	38.21490076303552	40.0	37.0	40.0	37.0	40.0
49	38.195313802658845	40.0	37.0	40.0	37.0	40.0
50	38.15423639544455	40.0	37.0	40.0	37.0	40.0
51	38.09492077187541	40.0	37.0	40.0	37.0	40.0
52	38.049996162325684	40.0	37.0	40.0	33.0	40.0
53	38.007293698538774	40.0	37.0	40.0	33.0	40.0
54	37.94670026175586	40.0	37.0	40.0	33.0	40.0
55	37.858174378627595	40.0	37.0	40.0	33.0	40.0
56	37.806450998192325	40.0	37.0	40.0	33.0	40.0
57	37.74055098416496	40.0	37.0	40.0	33.0	40.0
58	37.66227513213509	40.0	37.0	40.0	33.0	40.0
59	37.575063056959024	40.0	37.0	40.0	33.0	40.0
60	37.49816929701746	40.0	37.0	40.0	33.0	40.0
61	37.37454642659588	37.0	37.0	40.0	33.0	40.0
62	37.27353672124986	37.0	37.0	40.0	33.0	40.0
63	37.174906373980036	37.0	37.0	40.0	33.0	40.0
64	37.07112083910087	37.0	37.0	40.0	33.0	40.0
65	36.94158159821932	37.0	37.0	40.0	33.0	40.0
66	36.89018852244246	37.0	37.0	40.0	33.0	40.0
67	36.79485434040965	37.0	37.0	40.0	33.0	40.0
68	36.69148803836616	37.0	37.0	40.0	33.0	40.0
69	36.56072550571284	37.0	37.0	40.0	33.0	40.0
70	36.43078820537116	37.0	37.0	40.0	33.0	40.0
71	36.28315949109792	37.0	37.0	37.0	33.0	40.0
72	36.14785262271956	37.0	37.0	37.0	33.0	40.0
73	36.03264987441542	37.0	37.0	37.0	33.0	40.0
74	36.00793842782393	37.0	37.0	37.0	33.0	40.0
75	35.93468384180312	37.0	37.0	37.0	33.0	40.0
76	35.804316721938	37.0	37.0	37.0	33.0	40.0
77	35.707893169733715	37.0	37.0	37.0	33.0	37.0
78	35.61623468569447	37.0	37.0	37.0	33.0	37.0
79	35.5470104517075	37.0	37.0	37.0	33.0	37.0
80	35.47353195724037	37.0	37.0	37.0	33.0	37.0
81	35.40340203211472	37.0	37.0	37.0	33.0	37.0
82	35.3204399827437	37.0	33.0	37.0	33.0	37.0
83	35.27676513168516	37.0	33.0	37.0	33.0	37.0
84	35.21634425791289	37.0	33.0	37.0	33.0	37.0
85	35.16528413346637	37.0	33.0	37.0	33.0	37.0
86	35.12040557600845	37.0	33.0	37.0	33.0	37.0
87	35.06893521741087	37.0	33.0	37.0	33.0	37.0
88	35.039141631355655	37.0	33.0	37.0	33.0	37.0
89	35.004355892682746	37.0	33.0	37.0	33.0	37.0
90	34.97082891118563	37.0	33.0	37.0	33.0	37.0
91	34.93411798334185	37.0	33.0	37.0	33.0	37.0
92	34.900922365171915	37.0	33.0	37.0	33.0	37.0
93	34.85574420445011	37.0	33.0	37.0	33.0	37.0
94	34.82938970391681	37.0	33.0	37.0	33.0	37.0
95	34.79548530700071	37.0	33.0	37.0	33.0	37.0
96	34.77329560943591	37.0	33.0	37.0	33.0	37.0
97	34.75384415866269	37.0	33.0	37.0	33.0	37.0
98	34.71020477300818	37.0	33.0	37.0	33.0	37.0
99	34.672112811744874	37.0	33.0	37.0	33.0	37.0
100	34.62766989648866	37.0	33.0	37.0	33.0	37.0
101	34.20381755960967	37.0	33.0	37.0	33.0	37.0
>>END_MODULE
>>Per sequence quality scores	pass
#Quality	Count
3	2.0
4	0.0
5	1.0
6	2.0
7	12.0
8	51.0
9	117.0
10	251.0
11	281.0
12	425.0
13	499.0
14	553.0
15	641.0
16	694.0
17	807.0
18	901.0
19	1097.0
20	1196.0
21	1477.0
22	1786.0
23	2259.0
24	2982.0
25	4040.0
26	5433.0
27	7546.0
28	10023.0
29	13665.0
30	18680.0
31	25438.0
32	35288.0
33	49131.0
34	69998.0
35	100737.0
36	170306.0
37	515872.0
38	844723.0
39	2251.0
>>END_MODULE
>>Per base sequence content	fail
#Base	G	A	T	C
1	650314	491617	298602	448073
2	234652	433660	834421	386432
3	268440	581019	628890	410816
4	206840	385284	826062	470979
5	204358	744885	739077	200619
6	461894	823166	389176	214929
7	403929	646989	549016	289231
8	373353	757355	455852	302605
9	428210	347221	485848	627886
10	261359	556883	685803	385120
11	539630	519769	533122	296644
12	345027	515592	667629	360917
13	444452	469772	575418	399523
14	347089	452205	581050	508821
15	385225	621774	489960	392206
16	367117	625390	538426	358232
17	347528	605517	583267	352850
18	352892	603573	585292	347226
19	365197	594285	579723	349960
20	363596	585240	580367	359962
21	367062	578454	578889	364760
22	369040	572855	578701	368569
23	361913	577572	580488	369192
24	365903	583625	573547	366090
25	366638	574384	580158	367985
26	362611	578034	579464	369053
27	366377	581693	576043	365046
28	367883	577122	577813	366334
29	366371	581308	574892	366564
30	371427	580123	573148	364439
31	370083	574416	574696	369907
32	364555	576434	573949	374135
33	369314	576480	571446	371826
34	371291	572491	575842	369427
35	369167	575366	574030	370451
36	371429	576718	575037	365796
37	369346	577476	573749	368376
38	368643	575693	574961	369641
39	368906	579528	574224	366303
40	369748	574586	577044	367560
41	370044	575003	578188	365676
42	368085	578552	575726	366561
43	372285	571776	573230	371609
44	369737	570465	572940	375750
45	370601	577011	571973	369313
46	370162	573093	574874	370750
47	366550	574032	575684	372659
48	366701	577389	574684	370148
49	368195	571854	579891	368975
50	364193	574897	578094	371753
51	368815	574671	576263	369212
52	369910	571079	576495	371474
53	367191	574560	574754	372436
54	372887	574091	571818	370180
55	369860	572046	576206	370859
56	368615	570198	574870	375315
57	369229	575750	573463	370539
58	369258	569255	575345	375169
59	368653	569908	576625	373824
60	367447	575721	575316	370514
61	370079	569734	575697	373453
62	370044	570831	574753	373380
63	367701	575295	574027	371991
64	370725	569537	574341	374453
65	366462	570386	576259	375954
66	368794	573793	571941	374561
67	370790	571047	572860	374365
68	365217	571934	572485	379423
69	373669	573831	568829	372737
70	371234	568916	574663	374272
71	367471	572450	574885	374248
72	369678	574031	572866	372457
73	370393	570055	572484	376125
74	368684	571222	571895	377258
75	370750	573413	573074	371800
76	372420	571642	571102	373896
77	367477	572269	574614	374684
78	370736	574006	569832	374478
79	368050	573994	572298	374698
80	367717	570173	574199	376958
81	371427	575716	569689	372218
82	370930	569456	573703	374960
83	368772	570182	571879	378211
84	368288	575754	570330	374668
85	370986	567666	573451	376932
86	370613	572625	571006	374835
87	370165	574245	570894	373734
88	372222	568991	572901	374912
89	367044	571585	572492	377908
90	368198	571402	571398	378021
91	370525	569568	574471	374470
92	368034	571062	572566	377366
93	370413	574842	566977	376830
94	370396	570356	573665	374647
95	370561	568721	569798	380009
96	373384	571802	569741	374158
97	368810	569250	569591	381445
98	370265	569192	569269	380386
99	371073	571086	570066	376875
100	371649	570424	571817	375199
101	369431	571174	568963	379582
>>END_MODULE
>>Per base GC content	fail
#Base	%GC
1	58.15861010713722
2	32.876111933049785
3	35.95535593767617
4	35.87929058605257
5	21.439390049122814
6	35.826568880960636
7	36.69134247140933
8	35.7807814563577
9	55.902793032900775
10	34.22035661257751
11	44.26685863860489
12	37.368043553633484
13	44.67449905116811
14	45.30625964381089
15	41.15209629651196
16	38.39521693446575
17	37.0734749058048
18	37.06322396760585
19	37.85571932573386
20	38.300413145490204
21	38.73785508412447
22	39.04418089473391
23	38.69990180847094
24	38.74690670216736
25	38.886121646335816
26	38.729553103439514
27	38.71685760700926
28	38.86489811301579
29	38.79738610528099
30	38.95249523988996
31	39.17152170713916
32	39.10330622479915
33	39.23314484512452
34	39.211117116478064
35	39.153653705054595
36	39.02767631208377
37	39.05466908282763
38	39.08460732962119
39	38.9213435322381
40	39.03293808478627
41	38.94942641553784
42	38.892300590177264
43	39.38239186828313
44	39.46689381923371
45	39.17172870107332
46	39.2249582953699
47	39.13384597059174
48	39.00896913689395
49	39.02610758027757
50	38.960854702936096
51	39.07052607226936
52	39.24830515024686
53	39.155643294311474
54	39.33702704534097
55	39.212830689301214
56	39.38225450741611
57	39.16227849830147
58	39.40795975917761
59	39.30508573273831
60	39.06626687799564
61	39.36191444723904
62	39.35525948010808
63	39.1575710926441
64	39.44711009096607
65	39.30079547457705
66	39.34991945853265
67	39.44576726438836
68	39.4185676572304
69	39.51190694237258
70	39.46386742788175
71	39.264044331183754
72	39.2865234681043
73	39.51802407232815
74	39.48749086185238
75	39.30838834813717
76	39.50726816511916
77	39.287650261190315
78	39.449099336598465
79	39.318807436581544
80	39.420670846199165
81	39.36608348111484
82	39.48494718771191
83	39.54291165266664
84	39.32981832041672
85	39.592596219762996
86	39.46092249185979
87	39.37977954916735
88	39.55128198341367
89	39.43571009232786
90	39.50299070575786
91	39.43788200741755
92	39.45944686897177
93	39.55629831101361
94	39.43979664002914
95	39.73184958464106
96	39.57164447338262
97	39.71502771696092
98	39.73565357691868
99	39.592821978720025
100	39.534823399003436
101	39.648148638276474
>>END_MODULE
>>Per sequence GC content	pass
#GC Content	Count
0	10.5
1	23.5
2	36.0
3	53.0
4	73.5
5	81.0
6	69.0
7	67.5
8	78.0
9	91.5
10	104.0
11	115.5
12	133.5
13	163.0
14	217.5
15	268.0
16	349.0
17	508.0
18	662.5
19	919.0
20	1433.5
21	2031.5
22	2743.0
23	4020.5
24	5941.5
25	8694.0
26	12666.0
27	17559.5
28	23664.0
29	31400.5
30	41391.5
31	53681.5
32	66558.0
33	78795.0
34	90428.0
35	101086.5
36	109382.5
37	115476.5
38	119393.0
39	119440.0
40	115732.5
41	109601.5
42	102365.0
43	94007.0
44	82594.0
45	70423.0
46	60541.0
47	51501.5
48	42764.0
49	35191.0
50	29693.0
51	23551.5
52	17526.5
53	12803.5
54	8966.0
55	6725.5
56	4739.5
57	3194.5
58	2075.0
59	1714.0
60	1191.0
61	692.0
62	664.0
63	423.5
64	215.5
65	163.5
66	106.5
67	63.5
68	40.5
69	24.0
70	17.5
71	11.5
72	9.5
73	9.5
74	3.5
75	1.0
76	0.5
77	0.5
78	1.5
79	2.0
80	1.0
81	0.5
82	0.5
83	0.0
84	0.0
85	0.0
86	0.0
87	0.0
88	0.0
89	0.0
90	0.0
91	0.0
92	0.0
93	0.0
94	0.0
95	0.0
96	0.0
97	0.0
98	0.0
99	0.0
100	0.0
>>END_MODULE
>>Per base N content	pass
#Base	N-Count
1	0.029589792315652685
2	0.0
3	0.0
4	0.0
5	0.011962957179494645
6	0.0
7	0.0
8	0.0
9	0.0
10	0.0
11	0.0
12	0.0
13	0.0
14	0.0
15	0.0
16	0.0
17	1.588003165419643E-4
18	0.009633885870212501
19	0.0
20	0.0
21	0.0
22	0.0
23	0.0
24	0.0
25	0.0
26	1.588003165419643E-4
27	3.176006330839286E-4
28	6.881347050151787E-4
29	0.0015880031654196432
30	0.001482136287725
31	0.0033348066473812502
32	0.004869876373953572
33	0.005240410445884822
34	0.006034412028594643
35	0.007992949265945537
36	0.009792686186754466
37	0.011539489668716074
38	0.012015890618341966
39	0.010798421524853573
40	0.012015890618341966
41	0.013445093467219645
42	0.012756958762204465
43	0.014027361294540179
44	0.014450828805318752
45	0.014133228172234823
46	0.015138963510333931
47	0.012704025323357146
48	0.012862825639899109
49	0.013233359711830359
50	0.012068824057189287
51	0.010798421524853573
52	0.010957221841395536
53	0.0118570903018
54	0.01000441994214375
55	0.010269087136380358
56	0.00883988428750268
57	0.009739752747907143
58	0.007304814560930358
59	0.008204683021334824
60	0.00883988428750268
61	0.01069255464715893
62	0.008310549899029466
63	0.007992949265945537
64	0.005769744834358037
65	0.0055050776401214295
66	0.004022941352396429
67	0.005452144201274108
68	0.005610944517816072
69	0.005240410445884822
70	0.004234675107785715
71	0.00587561171205268
72	0.007040147366693751
73	0.005716811395510715
74	0.005610944517816072
75	0.006775480172457143
76	0.005558011078968751
77	0.006404946100525893
78	0.005981478589747322
79	0.006616679855915179
80	0.00624614578398393
81	0.006087345467441965
82	0.006140278906289287
83	0.006404946100525893
84	0.006616679855915179
85	0.006881347050151787
86	0.004552275740869643
87	0.0067225467336098224
88	0.00735774799977768
89	0.007198947683235714
90	0.00772828207170893
91	0.006934280488999109
92	0.007251881122083036
93	0.005452144201274108
94	0.005346277323579465
95	0.004022941352396429
96	0.004234675107785715
97	0.003652407280465179
98	0.002805472258908036
99	0.0034406735250758934
100	0.004022941352396429
101	7.940015827098216E-4
>>END_MODULE
>>Sequence Length Distribution	pass
#Length	Count
101	1889165.0
>>END_MODULE
>>Sequence Duplication Levels	warn
#Total Duplicate Percentage	32.953070909466064
#Duplication Level	Relative count
1	100.0
2	22.347598922216296
3	6.2615403553403635
4	2.253361235348023
5	1.0148673970429336
6	0.6291630763338941
7	0.44793675543337025
8	0.3207363943484743
9	0.2708136719871979
10++	3.228564003665559
>>END_MODULE
>>Overrepresented sequences	pass
>>END_MODULE
>>Kmer Content	warn
#Sequence	Count	Obs/Exp Overall	Obs/Exp Max	Max Obs/Exp Position
TCCAG	164980	1.2973039	5.008673	2
TACTG	189495	0.9660431	5.055573	7
GTATT	276075	0.91246057	5.687449	1
TATAC	247450	0.8120206	6.0076084	5
ATACT	235330	0.7722482	5.168055	6
GTATA	216155	0.7175557	6.721067	1
>>END_MODULE
