##FastQC	0.8.0
>>Basic Statistics	pass
#Measure	Value	
Filename	1_140716_AH9BY4ADXX_P1260_1014_1.fastq.gz	
File type	Conventional base calls	
Total Sequences	2206902	
Sequence length	101	
%GC	38	
>>END_MODULE
>>Per base sequence quality	pass
#Base	Mean	Median	Lower Quartile	Upper Quartile	10th Percentile	90th Percentile
1	32.763735317653435	33.0	33.0	33.0	33.0	33.0
2	32.773162106881045	33.0	33.0	33.0	33.0	33.0
3	32.79559309837954	33.0	33.0	33.0	33.0	33.0
4	36.739598767865544	37.0	37.0	37.0	37.0	37.0
5	36.67329677529859	37.0	37.0	37.0	37.0	37.0
6	36.65945066885616	37.0	37.0	37.0	37.0	37.0
7	36.60989975993497	37.0	37.0	37.0	37.0	37.0
8	36.60656204942494	37.0	37.0	37.0	37.0	37.0
9	36.58170684516123	37.0	37.0	37.0	37.0	37.0
10	36.578015244899866	37.0	37.0	37.0	37.0	37.0
11	36.59507445278494	37.0	37.0	37.0	37.0	37.0
12	36.57651404548095	37.0	37.0	37.0	37.0	37.0
13	36.5775915740708	37.0	37.0	37.0	37.0	37.0
14	38.73773008497885	40.0	37.0	40.0	37.0	40.0
15	38.76281094493548	40.0	37.0	40.0	37.0	40.0
16	38.77145473609612	40.0	37.0	40.0	37.0	40.0
17	38.75978407740806	40.0	37.0	40.0	37.0	40.0
18	38.77082761264433	40.0	37.0	40.0	37.0	40.0
19	38.80419248339981	40.0	37.0	40.0	37.0	40.0
20	38.80248647198652	40.0	37.0	40.0	37.0	40.0
21	38.78620255906243	40.0	37.0	40.0	37.0	40.0
22	38.78729640011201	40.0	37.0	40.0	37.0	40.0
23	38.7808629472446	40.0	37.0	40.0	37.0	40.0
24	38.77129795523317	40.0	37.0	40.0	37.0	40.0
25	38.753132671953715	40.0	37.0	40.0	37.0	40.0
26	38.71008001261497	40.0	37.0	40.0	37.0	40.0
27	38.69776727738704	40.0	37.0	40.0	37.0	40.0
28	38.709405311155635	40.0	37.0	40.0	37.0	40.0
29	38.702683671499685	40.0	37.0	40.0	37.0	40.0
30	38.685345792427576	40.0	37.0	40.0	37.0	40.0
31	38.675453644973814	40.0	37.0	40.0	37.0	40.0
32	38.65782168850271	40.0	37.0	40.0	37.0	40.0
33	38.63182733080128	40.0	37.0	40.0	37.0	40.0
34	38.631574034551605	40.0	37.0	40.0	37.0	40.0
35	38.619235018138546	40.0	37.0	40.0	37.0	40.0
36	38.60804240514531	40.0	37.0	40.0	37.0	40.0
37	38.58506358687427	40.0	37.0	40.0	37.0	40.0
38	38.57489367448124	40.0	37.0	40.0	37.0	40.0
39	38.55598572116025	40.0	37.0	40.0	37.0	40.0
40	38.555348175859194	40.0	37.0	40.0	37.0	40.0
41	38.53801437490201	40.0	37.0	40.0	37.0	40.0
42	38.51252887531934	40.0	37.0	40.0	37.0	40.0
43	38.51004620957342	40.0	37.0	40.0	37.0	40.0
44	38.48924419842839	40.0	37.0	40.0	37.0	40.0
45	38.463324606167376	40.0	37.0	40.0	37.0	40.0
46	38.46821789096208	40.0	37.0	40.0	37.0	40.0
47	38.437103686525276	40.0	37.0	40.0	37.0	40.0
48	38.413696666186354	40.0	37.0	40.0	37.0	40.0
49	38.39914142086962	40.0	37.0	40.0	37.0	40.0
50	38.366043893204136	40.0	37.0	40.0	37.0	40.0
51	38.315040269119336	40.0	37.0	40.0	37.0	40.0
52	38.28361929981485	40.0	37.0	40.0	37.0	40.0
53	38.25309642204321	40.0	37.0	40.0	37.0	40.0
54	38.20546675837894	40.0	37.0	40.0	37.0	40.0
55	38.136605975254	40.0	37.0	40.0	37.0	40.0
56	38.09831836665153	40.0	37.0	40.0	37.0	40.0
57	38.05181245021301	40.0	37.0	40.0	37.0	40.0
58	37.99179120776546	40.0	37.0	40.0	33.0	40.0
59	37.92718117977146	40.0	37.0	40.0	33.0	40.0
60	37.87059416322066	40.0	37.0	40.0	33.0	40.0
61	37.768547493273374	40.0	37.0	40.0	33.0	40.0
62	37.689322407610305	40.0	37.0	40.0	33.0	40.0
63	37.60619592532881	40.0	37.0	40.0	33.0	40.0
64	37.51019709982591	37.0	37.0	40.0	33.0	40.0
65	37.40204821056848	37.0	37.0	40.0	33.0	40.0
66	37.35268262931476	37.0	37.0	40.0	33.0	40.0
67	37.26249919570511	37.0	37.0	40.0	33.0	40.0
68	37.167162384192864	37.0	37.0	40.0	33.0	40.0
69	37.04231089554498	37.0	37.0	40.0	33.0	40.0
70	36.91461107017892	37.0	37.0	40.0	33.0	40.0
71	36.77743506508218	37.0	37.0	40.0	33.0	40.0
72	36.64083996480134	37.0	37.0	40.0	33.0	40.0
73	36.5228025530812	37.0	37.0	37.0	33.0	40.0
74	36.48532739559799	37.0	37.0	37.0	33.0	40.0
75	36.39748570620716	37.0	37.0	37.0	33.0	40.0
76	36.24959150882096	37.0	37.0	37.0	33.0	40.0
77	36.14624663895361	37.0	37.0	37.0	33.0	40.0
78	36.03513250701663	37.0	37.0	37.0	33.0	40.0
79	35.94849793964571	37.0	37.0	37.0	33.0	37.0
80	35.85362784573125	37.0	37.0	37.0	33.0	37.0
81	35.76650526394013	37.0	37.0	37.0	33.0	37.0
82	35.68009589913825	37.0	37.0	37.0	33.0	37.0
83	35.61750589740731	37.0	37.0	37.0	33.0	37.0
84	35.54513249795414	37.0	37.0	37.0	33.0	37.0
85	35.490418242404964	37.0	37.0	37.0	33.0	37.0
86	35.43661748460058	37.0	37.0	37.0	33.0	37.0
87	35.385461610891646	37.0	33.0	37.0	33.0	37.0
88	35.34984335507422	37.0	33.0	37.0	33.0	37.0
89	35.30731314757067	37.0	33.0	37.0	33.0	37.0
90	35.26977364649631	37.0	33.0	37.0	33.0	37.0
91	35.23313087758314	37.0	33.0	37.0	33.0	37.0
92	35.20115301902848	37.0	33.0	37.0	33.0	37.0
93	35.1555356785213	37.0	33.0	37.0	33.0	37.0
94	35.135788539772044	37.0	33.0	37.0	33.0	37.0
95	35.108878418706404	37.0	33.0	37.0	33.0	37.0
96	35.08287227978406	37.0	33.0	37.0	33.0	37.0
97	35.0650762924679	37.0	33.0	37.0	33.0	37.0
98	35.01991796645252	37.0	33.0	37.0	33.0	37.0
99	34.978722208779544	37.0	33.0	37.0	33.0	37.0
100	34.94303100001722	37.0	33.0	37.0	33.0	37.0
101	34.516963598746116	37.0	33.0	37.0	33.0	37.0
>>END_MODULE
>>Per sequence quality scores	pass
#Quality	Count
5	1.0
6	5.0
7	6.0
8	31.0
9	84.0
10	180.0
11	212.0
12	287.0
13	390.0
14	406.0
15	418.0
16	491.0
17	530.0
18	615.0
19	662.0
20	906.0
21	1056.0
22	1368.0
23	1869.0
24	2530.0
25	3377.0
26	4777.0
27	6950.0
28	9420.0
29	13090.0
30	18065.0
31	24965.0
32	35076.0
33	50768.0
34	74389.0
35	110515.0
36	188357.0
37	548985.0
38	1101295.0
39	4826.0
>>END_MODULE
>>Per base sequence content	fail
#Base	G	A	T	C
1	740981	613990	346119	505129
2	263202	520473	984992	438235
3	280668	721550	735808	468876
4	223194	458734	1011937	513037
5	221013	890106	879105	216419
6	504340	1014442	458543	229577
7	460821	766025	676031	304025
8	417181	907587	543552	338582
9	480707	398349	600595	727251
10	287200	665139	815455	439108
11	606828	632863	635013	332198
12	387814	631082	791183	396823
13	499274	565402	690484	451742
14	391175	533407	700441	581879
15	438757	746579	582039	439527
16	413978	744353	641419	407152
17	397539	710557	700482	398318
18	400845	716610	695070	394141
19	416243	701105	692246	397308
20	416437	696634	684394	409437
21	413619	688611	688068	416604
22	416484	683396	692450	414572
23	413523	684806	686757	421816
24	413682	692791	685180	415249
25	421781	679905	690302	414914
26	418712	689176	680681	418331
27	419362	691257	682366	413909
28	419493	689760	682827	414809
29	418041	686817	681311	420704
30	419236	690739	680792	416109
31	425464	683305	678410	419663
32	418206	686093	683994	418510
33	418406	689899	679868	418631
34	423352	678296	686202	418933
35	418290	684992	682017	421432
36	418923	684847	680753	422153
37	421522	682163	686592	416356
38	422175	683170	681469	419803
39	421196	685866	679233	420370
40	423298	681222	684412	417712
41	419823	683418	679006	424350
42	421745	686055	681268	417537
43	425070	679745	682414	419358
44	424414	678520	680131	423509
45	420108	686274	678796	421398
46	425037	677850	684306	419382
47	417314	682151	682595	424572
48	424507	685083	677652	419379
49	425639	680491	683191	417288
50	419131	684073	678938	424493
51	419515	683785	681524	421843
52	423857	678264	683624	420915
53	418383	681523	681358	425379
54	422443	681509	680947	421782
55	422560	680585	682419	421107
56	424595	677096	679330	425691
57	423141	683402	677393	422759
58	425933	673719	677975	429117
59	418081	678817	681757	428081
60	419007	683839	679920	423936
61	425216	675971	683003	422479
62	421703	677790	678691	428536
63	419892	682862	677750	426226
64	422221	677648	680980	425932
65	422130	681044	677936	425662
66	421745	683085	675402	426593
67	424237	674305	681597	426628
68	422186	678058	674856	431665
69	425177	679554	677221	424855
70	424116	677863	678384	426437
71	418523	677653	679280	431309
72	418418	681901	678080	428337
73	425277	676737	678035	426720
74	422625	678902	676039	429219
75	421749	681302	677154	426542
76	429019	676586	674252	426925
77	419752	679665	672865	434489
78	422800	680516	675856	427606
79	423283	675025	678500	429958
80	424187	675287	674992	432308
81	420592	680604	675122	430447
82	423044	677648	677194	428887
83	422779	673218	677630	433122
84	418374	681814	674785	431773
85	425077	673097	677964	430602
86	420487	675435	675746	435127
87	421495	682530	673753	428963
88	426459	673075	678009	429189
89	419944	677649	674277	434866
90	423470	677533	675047	430695
91	425604	670675	679925	430546
92	422438	676590	673881	433839
93	421770	678107	676341	430563
94	424297	672667	677788	432031
95	418181	673533	679531	435568
96	425958	677569	674869	428420
97	426487	671116	675321	433906
98	425312	672019	675828	433686
99	423352	679847	671538	432097
100	427465	673305	676176	429872
101	424441	672387	675638	434420
>>END_MODULE
>>Per base GC content	fail
#Base	%GC
1	56.48170013946938
2	31.78378559627931
3	33.96362865229177
4	33.360384829049956
5	19.823415024541806
6	33.255531962905465
7	34.65699881553417
8	34.24542639410359
9	54.73546174682882
10	32.91075000158593
11	42.549510580895756
12	35.553776289114786
13	43.092806114634904
14	44.09140052435496
15	39.79714550079704
16	37.20736126932687
17	36.06227932806983
18	36.02656677539782
19	36.86393867965138
20	37.42232323863951
21	37.6193868146388
22	37.65713203395529
23	37.85120499233767
24	37.560843209168326
25	37.91264859064879
26	37.92845167429426
27	37.75763584476645
28	37.804438737063805
29	38.00603840819114
30	37.85192280853115
31	38.2957638109117
32	37.915301003306595
33	37.929829744734924
34	38.16800292552553
35	38.05275767640007
36	38.115065374345846
37	37.970881428855634
38	38.15696153886243
39	38.13746082889791
40	38.11262713876819
41	38.25678182287024
42	38.034990403810376
43	38.268511506684305
44	38.427127302324784
45	38.13627991965833
46	38.26831175011047
47	38.15253290988257
48	38.2433594169547
49	38.20010704207225
50	38.2312434997179
51	38.12800028277941
52	38.282834691343474
53	38.237358739043884
54	38.25768201203527
55	38.23256842546986
56	38.5318065973267
57	38.333344662493005
58	38.747131520466354
59	38.34450518775241
60	38.19922218768098
61	38.41514064864282
62	38.529537050464036
63	38.342615544266856
64	38.43394518984892
65	38.417743201381924
66	38.44156197251708
67	38.55708373380607
68	38.692429869061726
69	38.51863801410816
70	38.542369041145555
71	38.510308075395436
72	38.37137745520987
73	38.608345504219066
74	38.60113241661512
75	38.44079090172095
76	38.786975786461916
77	38.709997548454275
78	38.53609198569136
79	38.664770075304766
80	38.812084971093554
81	38.5650035232569
82	38.60528473023732
83	38.785607243959326
84	38.52491405898096
85	38.77570533909749
86	38.77179348330951
87	38.539094528990944
88	38.77444111926596
89	38.73639619782339
90	38.707009645427995
91	38.796873229862925
92	38.80266346678461
93	38.62336135756108
94	38.8043591055396
95	38.686966226862
96	38.71541623769267
97	38.987733536339455
98	38.92425612129533
99	38.763631519180876
100	38.84946561066658
101	38.91732513596081
>>END_MODULE
>>Per sequence GC content	pass
#GC Content	Count
0	0.0
1	0.0
2	0.0
3	0.5
4	1.0
5	2.5
6	4.5
7	5.0
8	7.5
9	13.5
10	23.0
11	31.5
12	39.0
13	69.5
14	122.5
15	161.0
16	206.5
17	311.0
18	481.5
19	713.0
20	1148.5
21	1893.5
22	3065.5
23	4772.0
24	7474.0
25	11686.5
26	18114.0
27	26760.0
28	37275.0
29	50803.5
30	65775.5
31	80872.5
32	96879.5
33	111983.0
34	124632.0
35	135693.0
36	141868.0
37	142497.0
38	140063.5
39	134873.0
40	125541.0
41	115768.0
42	105973.0
43	93146.0
44	81128.5
45	69629.5
46	58342.0
47	48543.0
48	40220.0
49	31662.5
50	24447.0
51	19750.5
52	15378.5
53	11447.0
54	7848.0
55	5050.5
56	3498.0
57	2569.0
58	1949.0
59	1320.0
60	898.5
61	688.5
62	540.0
63	385.0
64	256.5
65	189.0
66	146.0
67	96.0
68	67.5
69	39.0
70	20.0
71	15.5
72	9.5
73	6.0
74	3.0
75	2.0
76	3.0
77	2.5
78	1.0
79	0.0
80	0.0
81	0.0
82	0.0
83	0.0
84	0.0
85	0.0
86	0.0
87	0.0
88	0.0
89	0.0
90	0.0
91	0.0
92	0.0
93	0.0
94	0.0
95	0.0
96	0.0
97	0.0
98	0.0
99	0.0
100	0.0
>>END_MODULE
>>Per base N content	pass
#Base	N-Count
1	0.030948361096233546
2	0.0
3	0.0
4	0.0
5	0.011735908526975824
6	0.0
7	0.0
8	0.0
9	0.0
10	0.0
11	0.0
12	0.0
13	0.0
14	0.0
15	0.0
16	0.0
17	2.7187432881025075E-4
18	0.010693723599869863
19	0.0
20	0.0
21	0.0
22	0.0
23	0.0
24	0.0
25	0.0
26	9.062477627008358E-5
27	3.624991050803343E-4
28	5.890610457555432E-4
29	0.0013140592559162119
30	0.0011781220915110864
31	0.0027187432881025076
32	0.004485926425369138
33	0.004440614037234096
34	0.005392174188069973
35	0.007748418371092147
36	0.010240599718519445
37	0.012189032408326242
38	0.01291403061848691
39	0.010739035988004905
40	0.011690596138840782
41	0.013820278381187746
42	0.01345777927610741
43	0.014273402262538166
44	0.014862463308293708
45	0.014771838532023625
46	0.014817150920158666
47	0.012234344796461285
48	0.012732781065946745
49	0.013276529723567247
50	0.012098407632056158
51	0.01064841121173482
52	0.010965597928680114
53	0.011735908526975824
54	0.010014037777844235
55	0.010467161659194655
56	0.00860935374565794
57	0.009379664343953651
58	0.007159357325336603
59	0.007521856430416938
60	0.009062477627008358
61	0.010557786435464737
62	0.008246854640577606
63	0.007793730759227188
64	0.005482798964340057
65	0.005890610457555433
66	0.0034890538863982176
67	0.006117172398230643
68	0.006207797174500725
69	0.00430467687282897
70	0.004621863589774263
71	0.006207797174500725
72	0.007521856430416938
73	0.006026547621960559
74	0.005301549411799889
75	0.007023420160931478
76	0.005437486576205015
77	0.005935922845690475
78	0.005618736128745182
79	0.006162484786365684
80	0.005799985681285349
81	0.006207797174500725
82	0.005845298069420391
83	0.006932795384661394
84	0.007068732549066519
85	0.00734060687787677
86	0.004848425530449472
87	0.007295294489741728
88	0.007703105982957104
89	0.007521856430416938
90	0.007114044937201562
91	0.006887482996526353
92	0.006978107772796435
93	0.005482798964340057
94	0.005392174188069973
95	0.004032802544018719
96	0.003896865379613594
97	0.003262491945723009
98	0.002582806123697382
99	0.003081242393182842
100	0.003806240603343511
101	7.249982101606686E-4
>>END_MODULE
>>Sequence Length Distribution	pass
#Length	Count
101	2206902.0
>>END_MODULE
>>Sequence Duplication Levels	warn
#Total Duplicate Percentage	39.51896950789977
#Duplication Level	Relative count
1	100.0
2	28.882166086824988
3	9.916049009227045
4	4.022084404779912
5	1.8786870367569204
6	1.014218726365149
7	0.6640447738617455
8	0.47420965058236275
9	0.3668128876115565
10++	4.0447738617455755
>>END_MODULE
>>Overrepresented sequences	pass
>>END_MODULE
>>Kmer Content	warn
#Sequence	Count	Obs/Exp Overall	Obs/Exp Max	Max Obs/Exp Position
ACACC	171115	1.1959784	5.159804	6
ATACC	255775	1.1109394	5.522755	6
GTATT	378015	1.0291904	6.564346	1
AATAC	370335	1.0015205	5.4922423	5
ATACA	363135	0.98204905	5.165122	6
TACTG	214580	0.94011056	5.1270194	7
ATATA	554425	0.9317616	5.239415	1
TATTA	506055	0.84883636	5.8380227	2
ATACT	313600	0.84645784	5.5309157	6
TATAC	310840	0.83900815	6.649019	5
GTATA	275825	0.7524127	7.5092664	1
TATAA	435630	0.732116	5.0917926	2
>>END_MODULE
