##FastQC	0.8.0
>>Basic Statistics	pass
#Measure	Value	
Filename	1_140716_AH9BY4ADXX_P1260_1006_1.fastq.gz	
File type	Conventional base calls	
Total Sequences	1929277	
Sequence length	101	
%GC	36	
>>END_MODULE
>>Per base sequence quality	pass
#Base	Mean	Median	Lower Quartile	Upper Quartile	10th Percentile	90th Percentile
1	32.731514448158556	33.0	33.0	33.0	33.0	33.0
2	32.74514753454273	33.0	33.0	33.0	33.0	33.0
3	32.77085612900584	33.0	33.0	33.0	33.0	33.0
4	36.707456212871456	37.0	37.0	37.0	37.0	37.0
5	36.633504675585726	37.0	37.0	37.0	37.0	37.0
6	36.61557464272886	37.0	37.0	37.0	37.0	37.0
7	36.56340795023213	37.0	37.0	37.0	37.0	37.0
8	36.556358677369815	37.0	37.0	37.0	37.0	37.0
9	36.53003897314901	37.0	37.0	37.0	37.0	37.0
10	36.52666776206838	37.0	37.0	37.0	37.0	37.0
11	36.54515240683427	37.0	37.0	37.0	37.0	37.0
12	36.52583947250706	37.0	37.0	37.0	37.0	37.0
13	36.52447471254776	37.0	37.0	37.0	37.0	37.0
14	38.64461246363275	40.0	37.0	40.0	37.0	40.0
15	38.6641062947415	40.0	37.0	40.0	37.0	40.0
16	38.675038369295855	40.0	37.0	40.0	37.0	40.0
17	38.66616820705373	40.0	37.0	40.0	37.0	40.0
18	38.676012827603294	40.0	37.0	40.0	37.0	40.0
19	38.7152783141042	40.0	37.0	40.0	37.0	40.0
20	38.710021940861786	40.0	37.0	40.0	37.0	40.0
21	38.694353376938615	40.0	37.0	40.0	37.0	40.0
22	38.698148062719866	40.0	37.0	40.0	37.0	40.0
23	38.69113559120852	40.0	37.0	40.0	37.0	40.0
24	38.68206120738494	40.0	37.0	40.0	37.0	40.0
25	38.661341528458586	40.0	37.0	40.0	37.0	40.0
26	38.617212043682684	40.0	37.0	40.0	37.0	40.0
27	38.6028377469902	40.0	37.0	40.0	37.0	40.0
28	38.61345312259463	40.0	37.0	40.0	37.0	40.0
29	38.60923392545497	40.0	37.0	40.0	37.0	40.0
30	38.59100689014589	40.0	37.0	40.0	37.0	40.0
31	38.57974153011724	40.0	37.0	40.0	37.0	40.0
32	38.561135078062925	40.0	37.0	40.0	37.0	40.0
33	38.53748943256982	40.0	37.0	40.0	37.0	40.0
34	38.53208792723906	40.0	37.0	40.0	37.0	40.0
35	38.52265952478571	40.0	37.0	40.0	37.0	40.0
36	38.51487215158839	40.0	37.0	40.0	37.0	40.0
37	38.49703334461562	40.0	37.0	40.0	37.0	40.0
38	38.4808910280898	40.0	37.0	40.0	37.0	40.0
39	38.46348969069761	40.0	37.0	40.0	37.0	40.0
40	38.466493406597394	40.0	37.0	40.0	37.0	40.0
41	38.45156086969367	40.0	37.0	40.0	37.0	40.0
42	38.4269381742487	40.0	37.0	40.0	37.0	40.0
43	38.435586491727214	40.0	37.0	40.0	37.0	40.0
44	38.41279557056866	40.0	37.0	40.0	37.0	40.0
45	38.390740676429566	40.0	37.0	40.0	37.0	40.0
46	38.39392788075533	40.0	37.0	40.0	37.0	40.0
47	38.369433212545424	40.0	37.0	40.0	37.0	40.0
48	38.35011716824489	40.0	37.0	40.0	37.0	40.0
49	38.34188610552036	40.0	37.0	40.0	37.0	40.0
50	38.31070914130008	40.0	37.0	40.0	37.0	40.0
51	38.271879051064204	40.0	37.0	40.0	37.0	40.0
52	38.24497933681892	40.0	37.0	40.0	37.0	40.0
53	38.22022394917889	40.0	37.0	40.0	37.0	40.0
54	38.17566373309794	40.0	37.0	40.0	37.0	40.0
55	38.11668930900021	40.0	37.0	40.0	37.0	40.0
56	38.0867755122774	40.0	37.0	40.0	33.0	40.0
57	38.046165480643786	40.0	37.0	40.0	33.0	40.0
58	37.99387490754309	40.0	37.0	40.0	33.0	40.0
59	37.94152109831818	40.0	37.0	40.0	33.0	40.0
60	37.89526957507916	40.0	37.0	40.0	33.0	40.0
61	37.79847217377287	40.0	37.0	40.0	33.0	40.0
62	37.731739921224374	40.0	37.0	40.0	33.0	40.0
63	37.663902591488934	40.0	37.0	40.0	33.0	40.0
64	37.5832822347439	40.0	37.0	40.0	33.0	40.0
65	37.47499037204093	37.0	37.0	40.0	33.0	40.0
66	37.424328906631864	37.0	37.0	40.0	33.0	40.0
67	37.34493698934886	37.0	37.0	40.0	33.0	40.0
68	37.25645254673124	37.0	37.0	40.0	33.0	40.0
69	37.141124887717005	37.0	37.0	40.0	33.0	40.0
70	37.018179349051486	37.0	37.0	40.0	33.0	40.0
71	36.881994135626975	37.0	37.0	40.0	33.0	40.0
72	36.74340854112707	37.0	37.0	40.0	33.0	40.0
73	36.628577959515404	37.0	37.0	40.0	33.0	40.0
74	36.5847501421517	37.0	37.0	37.0	33.0	40.0
75	36.49285302214249	37.0	37.0	37.0	33.0	40.0
76	36.33788719815765	37.0	37.0	37.0	33.0	40.0
77	36.22161877221363	37.0	37.0	37.0	33.0	40.0
78	36.09803776233273	37.0	37.0	37.0	33.0	40.0
79	36.00083813781018	37.0	37.0	37.0	33.0	40.0
80	35.89865478103974	37.0	37.0	37.0	33.0	37.0
81	35.797153545084505	37.0	37.0	37.0	33.0	37.0
82	35.69121852383043	37.0	37.0	37.0	33.0	37.0
83	35.615747764577094	37.0	37.0	37.0	33.0	37.0
84	35.52918995043221	37.0	37.0	37.0	33.0	37.0
85	35.463087467481344	37.0	37.0	37.0	33.0	37.0
86	35.40032924250898	37.0	37.0	37.0	33.0	37.0
87	35.33844492004	37.0	33.0	37.0	33.0	37.0
88	35.292074181156984	37.0	33.0	37.0	33.0	37.0
89	35.24302109028408	37.0	33.0	37.0	33.0	37.0
90	35.203453418042095	37.0	33.0	37.0	33.0	37.0
91	35.16157140731995	37.0	33.0	37.0	33.0	37.0
92	35.12137189216479	37.0	33.0	37.0	33.0	37.0
93	35.065087076661364	37.0	33.0	37.0	33.0	37.0
94	35.04193695358417	37.0	33.0	37.0	33.0	37.0
95	35.00441616211669	37.0	33.0	37.0	33.0	37.0
96	34.981352599963614	37.0	33.0	37.0	33.0	37.0
97	34.95929200420676	37.0	33.0	37.0	33.0	37.0
98	34.91408906030601	37.0	33.0	37.0	33.0	37.0
99	34.8752009172348	37.0	33.0	37.0	33.0	37.0
100	34.82941640832291	37.0	33.0	37.0	33.0	37.0
101	34.40913720528467	37.0	33.0	37.0	33.0	37.0
>>END_MODULE
>>Per sequence quality scores	pass
#Quality	Count
3	1.0
4	0.0
5	1.0
6	2.0
7	7.0
8	16.0
9	54.0
10	106.0
11	189.0
12	245.0
13	263.0
14	296.0
15	332.0
16	399.0
17	434.0
18	488.0
19	610.0
20	795.0
21	1019.0
22	1309.0
23	1743.0
24	2395.0
25	3260.0
26	4661.0
27	6498.0
28	9267.0
29	12918.0
30	17860.0
31	24488.0
32	33965.0
33	47475.0
34	67948.0
35	98955.0
36	161412.0
37	441355.0
38	982516.0
39	5995.0
>>END_MODULE
>>Per base sequence content	fail
#Base	G	A	T	C
1	630840	552936	307871	437087
2	219005	463767	874658	371847
3	232254	640953	659833	396237
4	185085	408079	900293	435820
5	181681	786580	781371	179398
6	426071	903588	407885	191733
7	387627	686307	600067	255276
8	353566	808295	483254	284162
9	407018	361883	539239	621137
10	240049	592365	726592	370271
11	513435	567950	567148	280744
12	329155	563371	703083	333668
13	423468	506487	617319	382003
14	331340	476963	625703	495271
15	366635	668764	520998	372880
16	350475	665313	571675	341814
17	330029	640053	622586	336602
18	337390	640816	619321	331570
19	349817	626718	617459	335283
20	348796	621818	613582	345081
21	345449	615410	619345	349073
22	350762	609574	616499	352442
23	346208	611962	616357	354750
24	347885	618942	612880	349570
25	352997	610979	614221	351080
26	350315	614092	611859	353009
27	351673	619146	606885	351565
28	352921	613864	610116	352361
29	350604	615296	608588	354764
30	352327	617797	609039	350091
31	354422	611928	611179	351694
32	350457	612078	610211	356454
33	350971	615578	609754	352898
34	354830	611106	611459	351792
35	351922	611636	611992	353588
36	353901	615257	608650	351304
37	356407	609857	610426	352386
38	352927	609030	610939	356166
39	353124	616042	607223	352701
40	355310	610202	612350	351218
41	353308	610479	610893	354369
42	353889	614042	607516	353610
43	354997	608950	609884	355203
44	352604	610128	608422	357877
45	354725	612381	608293	353636
46	354643	609337	610714	354334
47	352222	608957	610868	357019
48	354903	611473	607971	354708
49	356593	607581	610920	353966
50	351441	610317	608965	358342
51	352567	613486	610211	352833
52	355389	607640	612069	353992
53	353085	608882	607772	359332
54	354480	613149	607840	353636
55	356965	608619	610034	353475
56	354219	606405	610205	358303
57	352930	612677	608423	355078
58	356971	606493	608545	357145
59	352261	608262	608807	359811
60	352837	612839	607627	355827
61	356898	605099	610353	356739
62	352576	608128	607429	361008
63	351868	611745	607022	358509
64	356008	605131	609944	358107
65	352186	606824	609836	360338
66	354707	609972	607636	356893
67	356494	605009	610700	356979
68	353110	608249	605948	361870
69	355424	610784	605807	357177
70	357933	607414	607073	356779
71	352781	607144	608407	360845
72	353918	609215	606048	359970
73	358617	605235	608542	356793
74	352594	608537	606654	361392
75	354752	610694	605533	358186
76	358299	605716	605684	359487
77	354129	606101	606802	362140
78	354464	612080	603604	359027
79	356883	604960	608990	358338
80	354455	605791	605701	363222
81	354287	610878	603830	360181
82	358462	605363	606844	358506
83	353449	605410	607630	362671
84	352710	610256	606699	359500
85	356305	605154	608171	359525
86	354669	605543	605275	363711
87	355946	610171	603750	359289
88	359197	604710	606525	358715
89	355341	604761	604534	364511
90	354299	609546	604633	360673
91	358400	605219	605212	360327
92	355254	605867	604780	363258
93	353899	609527	604174	361584
94	355678	603763	608151	361599
95	354208	605941	605602	363462
96	355840	609392	604569	359406
97	358561	603130	606486	361040
98	354818	606170	604827	363412
99	356513	608939	601397	362361
100	359444	603468	605730	360557
101	355208	605458	605121	363482
>>END_MODULE
>>Per base GC content	fail
#Base	%GC
1	55.36932516355289
2	30.625565950353423
3	32.57650404788944
4	32.183299754260275
5	18.718164051362603
6	32.02256596642162
7	33.32351963974069
8	33.055284440751635
9	53.29224367470301
10	31.634648627439194
11	41.164591709744116
12	34.35603078251594
13	41.74988868887153
14	42.84563595585289
15	38.33119868220064
16	35.883338680759685
17	34.55353579333116
18	34.677364590790404
19	35.51071204394185
20	35.96564930800502
21	35.999081521212354
22	36.44909466084963
23	36.332677992843955
24	36.15110738375049
25	36.49434477267909
26	36.455352399217325
27	36.45100812794898
28	36.557087632472935
29	36.56173480706512
30	36.40878806004808
31	36.60105648750818
32	36.64270163798466
33	36.4850007852992
34	36.62796815446092
35	36.57125617762959
36	36.55593869096248
37	36.742616672438
38	36.758434928478195
39	36.58849509354151
40	36.625127003545735
41	36.68527860101013
42	36.6758991569456
43	36.81635471432852
44	36.83097886970194
45	36.7210029885409
46	36.75306942149103
47	36.766030814912504
48	36.78542084077437
49	36.834468601287675
50	36.794146386980216
51	36.56633129386444
52	36.77283071292682
53	36.93057435418396
54	36.70697033080107
55	36.82766979093284
56	36.934849455610085
57	36.70131480456252
58	37.01705514437935
59	36.9113506996119
60	36.73490122490449
61	36.99347204820514
62	36.98972755231473
63	36.823430495598046
64	37.01631254567979
65	36.93395756962529
66	36.88560279658803
67	36.983187693022224
68	37.06139975751318
69	36.9377957196588
70	37.047085344746705
71	36.9912143883117
72	37.00529403867297
73	37.083496830530166
74	37.009875195484916
75	36.955781387284134
76	37.20667680565793
77	37.128312042679454
78	36.984254927624505
79	37.07400743635479
80	37.20135457287568
81	37.03487914010956
82	37.16448741042156
83	37.12081942399801
84	36.91804485360247
85	37.10588314572961
86	37.237235369308905
87	37.07502140832572
88	37.21396036693938
89	37.31452294718858
90	37.06148455978821
91	37.255994584165734
92	37.244830519412865
93	37.08733848093287
94	37.18019625843164
95	37.200143270857076
96	37.074611485444535
97	37.30015856173774
98	37.22890048708628
99	37.262610083920364
100	37.32124057704778
101	37.2519332451825
>>END_MODULE
>>Per sequence GC content	pass
#GC Content	Count
0	0.0
1	0.0
2	0.0
3	0.0
4	0.0
5	1.0
6	4.0
7	8.0
8	11.0
9	18.5
10	28.0
11	47.0
12	73.0
13	105.5
14	177.0
15	244.0
16	303.5
17	518.5
18	848.5
19	1287.5
20	1980.5
21	3070.5
22	4727.0
23	7359.5
24	11262.5
25	16699.5
26	23888.5
27	33389.5
28	45350.5
29	58823.5
30	73558.0
31	88531.5
32	102900.0
33	115544.0
34	125041.5
35	130907.5
36	132507.5
37	130197.0
38	124085.0
39	115031.5
40	103888.5
41	90553.0
42	77369.0
43	65315.5
44	54000.0
45	43799.5
46	34835.5
47	27757.0
48	21874.0
49	16662.0
50	12424.5
51	9196.5
52	6894.0
53	4873.0
54	3309.5
55	2403.0
56	1727.0
57	1226.0
58	879.0
59	570.0
60	305.0
61	198.0
62	156.5
63	123.5
64	86.5
65	62.5
66	50.5
67	34.5
68	25.0
69	22.5
70	21.0
71	19.0
72	14.5
73	11.5
74	10.0
75	10.5
76	10.0
77	6.5
78	3.5
79	7.0
80	6.0
81	1.5
82	1.0
83	1.5
84	2.0
85	0.5
86	0.0
87	0.0
88	0.0
89	0.0
90	0.0
91	0.0
92	0.0
93	0.0
94	0.0
95	0.0
96	0.0
97	0.0
98	0.0
99	0.0
100	0.0
>>END_MODULE
>>Per base N content	pass
#Base	N-Count
1	0.028145258560590313
2	0.0
3	0.0
4	0.0
5	0.012802723507303514
6	0.0
7	0.0
8	0.0
9	0.0
10	0.0
11	0.0
12	0.0
13	0.0
14	0.0
15	0.0
16	0.0
17	3.6283022085475546E-4
18	0.009329919964836569
19	0.0
20	0.0
21	0.0
22	0.0
23	0.0
24	0.0
25	0.0
26	1.0366577738707297E-4
27	4.146631095482919E-4
28	7.774933304030473E-4
29	0.0012958222173384123
30	0.0011921564399513392
31	0.0027989759894509704
32	0.003991132429402309
33	0.003939299540708773
34	0.0046649599824182845
35	0.007204771528401571
36	0.008552426634433521
37	0.010418410627400834
38	0.011144071069110344
39	0.009692750185691323
40	0.010211079072626689
41	0.01181789862212632
42	0.011403235512578028
43	0.012595391952529369
44	0.012750890618609977
45	0.012543559063835832
46	0.012906389284690588
47	0.0109367395143362
48	0.0115069012899651
49	0.011247736846497419
50	0.010988572403029735
51	0.009329919964836569
52	0.009692750185691323
53	0.010677575070868518
54	0.008915256855288278
55	0.009537251519610714
56	0.007515768860562791
57	0.008759758189207668
58	0.006375445309304988
59	0.007049272862320962
60	0.007619434637949864
61	0.00974458307438486
62	0.007049272862320962
63	0.006893774196240354
64	0.004509461316337675
65	0.004820458648498894
66	0.003576469319854018
67	0.0049241244258859665
68	0.005183288869353649
69	0.004405795538950602
70	0.004042965318095846
71	0.005183288869353649
72	0.006530943975385598
73	0.0046649599824182845
74	0.005183288869353649
75	0.005805283533676087
76	0.004716792871111821
77	0.005442453312821331
78	0.005286954646740722
79	0.005494286201514867
80	0.005597951978901941
81	0.0052351217580471855
82	0.005286954646740722
83	0.00606444797714377
84	0.005805283533676087
85	0.006323612420611451
86	0.004094798206789383
87	0.006271779531917916
88	0.006738275530159744
89	0.006738275530159744
90	0.006530943975385598
91	0.006168113754530843
92	0.006116280865837306
93	0.004820458648498894
94	0.004457628427644139
95	0.003317304876386335
96	0.003628302208547554
97	0.0031099733216121894
98	0.0025916444346768246
99	0.0034728035424669446
100	0.004042965318095846
101	4.146631095482919E-4
>>END_MODULE
>>Sequence Length Distribution	pass
#Length	Count
101	1929277.0
>>END_MODULE
>>Sequence Duplication Levels	warn
#Total Duplicate Percentage	34.99757380854971
#Duplication Level	Relative count
1	100.0
2	27.85149188738208
3	9.446790447822364
4	3.6885515848330273
5	1.6854631547362027
6	0.8709080130855759
7	0.529863362583157
8	0.3073792987360856
9	0.28322806812110746
10++	1.7074188189316373
>>END_MODULE
>>Overrepresented sequences	pass
>>END_MODULE
>>Kmer Content	warn
#Sequence	Count	Obs/Exp Overall	Obs/Exp Max	Max Obs/Exp Position
ACACC	136850	1.1730844	5.052713	6
GTCTT	227470	1.1485908	5.3467336	1
ATACC	222690	1.1146213	5.8909984	6
GTATT	335695	0.99064296	6.5583577	1
AATAC	334005	0.97703624	5.707686	5
ATATA	554080	0.9463948	5.3578095	1
ATACA	320510	0.9375605	5.0561814	6
TATTA	503380	0.8590274	5.8092704	2
ATACT	292545	0.85499096	5.823222	6
TATAC	277360	0.8106113	6.6621256	5
GTATA	253780	0.7495809	7.171034	1
>>END_MODULE
