##FastQC	0.8.0
>>Basic Statistics	pass
#Measure	Value	
Filename	8_140619_BC47HDACXX_P1260_1002_2.fastq.gz	
File type	Conventional base calls	
Total Sequences	1853630	
Sequence length	101	
%GC	37	
>>END_MODULE
>>Per base sequence quality	pass
#Base	Mean	Median	Lower Quartile	Upper Quartile	10th Percentile	90th Percentile
1	32.152617836353535	33.0	33.0	33.0	33.0	33.0
2	32.151112681603124	33.0	33.0	33.0	33.0	33.0
3	32.13072295981399	33.0	33.0	33.0	33.0	33.0
4	36.007459417467345	37.0	37.0	37.0	37.0	37.0
5	36.029690930768275	37.0	37.0	37.0	37.0	37.0
6	36.084667382379436	37.0	37.0	37.0	37.0	37.0
7	36.05229738405183	37.0	37.0	37.0	37.0	37.0
8	36.07372722711652	37.0	37.0	37.0	37.0	37.0
9	36.09205127236827	37.0	37.0	37.0	37.0	37.0
10	36.06227564292766	37.0	37.0	37.0	37.0	37.0
11	36.095929068908035	37.0	37.0	37.0	37.0	37.0
12	36.06575422279527	37.0	37.0	37.0	37.0	37.0
13	36.0659818841948	37.0	37.0	37.0	37.0	37.0
14	38.133455975572254	40.0	37.0	40.0	37.0	40.0
15	38.15096378457405	40.0	37.0	40.0	37.0	40.0
16	38.13627207155689	40.0	37.0	40.0	37.0	40.0
17	38.10152889195794	40.0	37.0	40.0	37.0	40.0
18	38.096736133964164	40.0	37.0	40.0	37.0	40.0
19	38.13745083970372	40.0	37.0	40.0	37.0	40.0
20	38.10661620711792	40.0	37.0	40.0	37.0	40.0
21	38.06959695300572	40.0	37.0	40.0	37.0	40.0
22	38.01764807431904	40.0	37.0	40.0	37.0	40.0
23	37.98335967803715	40.0	37.0	40.0	33.0	40.0
24	37.940565808710474	40.0	37.0	40.0	33.0	40.0
25	37.88670446637139	40.0	37.0	40.0	33.0	40.0
26	37.83306215372	40.0	37.0	40.0	33.0	40.0
27	37.804089273479605	40.0	37.0	40.0	33.0	40.0
28	37.775052734364465	40.0	37.0	40.0	33.0	40.0
29	37.723658982644864	40.0	37.0	40.0	33.0	40.0
30	37.721596542999414	40.0	37.0	40.0	33.0	40.0
31	37.68796361733464	40.0	37.0	40.0	33.0	40.0
32	37.69357423002433	40.0	37.0	40.0	33.0	40.0
33	37.69038319405707	40.0	37.0	40.0	33.0	40.0
34	37.670008038281644	40.0	37.0	40.0	33.0	40.0
35	37.67464542546247	40.0	37.0	40.0	33.0	40.0
36	37.645782599547914	40.0	37.0	40.0	33.0	40.0
37	37.6342776066421	40.0	37.0	40.0	33.0	40.0
38	37.596799792838915	40.0	37.0	40.0	33.0	40.0
39	37.56986831244639	40.0	37.0	40.0	33.0	40.0
40	37.55187604861812	40.0	37.0	40.0	33.0	40.0
41	37.460830370678075	40.0	37.0	40.0	33.0	40.0
42	37.4492779033572	40.0	37.0	40.0	33.0	40.0
43	37.425873016729334	40.0	37.0	40.0	33.0	40.0
44	37.40221673149442	40.0	37.0	40.0	33.0	40.0
45	37.36237598657769	40.0	37.0	40.0	33.0	40.0
46	37.31101891963337	40.0	37.0	40.0	33.0	40.0
47	37.23205062498988	40.0	37.0	40.0	33.0	40.0
48	37.1734893155592	40.0	37.0	40.0	33.0	40.0
49	37.10463522925287	40.0	37.0	40.0	33.0	40.0
50	36.99064160592999	40.0	37.0	40.0	33.0	40.0
51	35.46254592340435	37.0	37.0	37.0	33.0	40.0
52	35.958562927876656	37.0	37.0	40.0	33.0	40.0
53	36.476474269406516	37.0	37.0	40.0	33.0	40.0
54	36.67693175013352	37.0	37.0	40.0	33.0	40.0
55	36.73251026364485	40.0	37.0	40.0	33.0	40.0
56	36.697743346838365	40.0	37.0	40.0	33.0	40.0
57	36.90419555143151	40.0	37.0	40.0	33.0	40.0
58	36.94558353069383	40.0	37.0	40.0	33.0	40.0
59	36.93298015245761	40.0	37.0	40.0	33.0	40.0
60	36.88672334824102	40.0	37.0	40.0	33.0	40.0
61	36.821578200611775	40.0	37.0	40.0	33.0	40.0
62	36.73211320490066	40.0	37.0	40.0	33.0	40.0
63	36.6410022496399	37.0	37.0	40.0	33.0	40.0
64	36.53547687510452	37.0	37.0	40.0	33.0	40.0
65	36.45010277131898	37.0	37.0	40.0	33.0	40.0
66	36.50437088307807	37.0	37.0	40.0	33.0	40.0
67	36.44444630266018	37.0	37.0	40.0	33.0	40.0
68	36.34261745871614	37.0	37.0	40.0	33.0	40.0
69	36.22402636987964	37.0	37.0	40.0	33.0	40.0
70	36.101116188236055	37.0	37.0	40.0	33.0	40.0
71	35.95244843900886	37.0	37.0	40.0	33.0	40.0
72	35.81813414759148	37.0	37.0	40.0	33.0	40.0
73	35.640167131520315	37.0	37.0	40.0	33.0	40.0
74	35.485849926900194	37.0	37.0	37.0	33.0	40.0
75	35.31452663152841	37.0	37.0	37.0	33.0	40.0
76	35.118319729395836	37.0	37.0	37.0	33.0	40.0
77	34.943781121367266	37.0	37.0	37.0	33.0	40.0
78	34.77479486197353	37.0	33.0	37.0	33.0	40.0
79	34.64309058442084	37.0	33.0	37.0	33.0	37.0
80	34.56381424556141	37.0	33.0	37.0	33.0	37.0
81	34.45754654380863	37.0	33.0	37.0	33.0	37.0
82	34.35770299358556	37.0	33.0	37.0	27.0	37.0
83	34.260469457227174	37.0	33.0	37.0	27.0	37.0
84	34.17428666993953	37.0	33.0	37.0	27.0	37.0
85	34.09665952752167	37.0	33.0	37.0	27.0	37.0
86	33.99180796599106	37.0	33.0	37.0	27.0	37.0
87	33.920486828547226	37.0	33.0	37.0	27.0	37.0
88	33.86218123357952	37.0	33.0	37.0	27.0	37.0
89	33.804192854021565	37.0	33.0	37.0	27.0	37.0
90	33.72695252019011	37.0	33.0	37.0	27.0	37.0
91	33.67304370343596	37.0	33.0	37.0	27.0	37.0
92	33.59900087935564	37.0	33.0	37.0	27.0	37.0
93	33.52505947788933	37.0	33.0	37.0	27.0	37.0
94	33.47862896047216	37.0	33.0	37.0	27.0	37.0
95	33.40563327093325	37.0	33.0	37.0	27.0	37.0
96	33.32119678684527	37.0	33.0	37.0	27.0	37.0
97	33.242241979251524	37.0	33.0	37.0	27.0	37.0
98	33.158332569067184	37.0	33.0	37.0	27.0	37.0
99	33.08393746324779	37.0	33.0	37.0	27.0	37.0
100	32.983924515680044	37.0	33.0	37.0	27.0	37.0
101	32.223470163948576	37.0	33.0	37.0	27.0	37.0
>>END_MODULE
>>Per sequence quality scores	pass
#Quality	Count
2	9458.0
3	2070.0
4	1699.0
5	2104.0
6	1666.0
7	1445.0
8	1606.0
9	1961.0
10	2335.0
11	2433.0
12	2167.0
13	1850.0
14	1973.0
15	2199.0
16	2480.0
17	2679.0
18	2693.0
19	2865.0
20	3089.0
21	3240.0
22	3934.0
23	4492.0
24	5303.0
25	6636.0
26	8030.0
27	9898.0
28	12165.0
29	15449.0
30	19623.0
31	25727.0
32	35079.0
33	48854.0
34	70783.0
35	108751.0
36	201481.0
37	547268.0
38	675723.0
39	2422.0
>>END_MODULE
>>Per base sequence content	fail
#Base	G	A	T	C
1	646059	516246	283101	400959
2	235967	434939	838138	337667
3	241799	611035	625284	368475
4	195213	380750	855901	415552
5	188477	743754	734518	181901
6	419598	847451	390843	193184
7	374575	649557	577504	250437
8	339722	759106	467387	286648
9	401074	335784	520458	595923
10	243116	553235	700976	355958
11	486671	538932	548819	278918
12	314215	539857	673410	325843
13	413046	492065	582827	365518
14	327861	466142	594811	464676
15	360664	643751	496300	352781
16	340552	635012	550709	327282
17	324146	604578	597338	327446
18	331803	607557	590979	323143
19	343952	595974	588597	324938
20	341392	589695	585384	336724
21	337613	584428	589472	340961
22	342705	578543	588811	341518
23	337374	586316	585306	342057
24	338583	594592	580842	335836
25	341279	584399	585044	338068
26	337271	586632	583348	340489
27	339823	591500	578754	336902
28	344264	584015	582508	335841
29	340927	584237	581384	340415
30	343307	584991	582012	337211
31	347228	578444	582573	340228
32	341824	581116	580639	345407
33	344536	584158	577693	344115
34	345796	584766	578590	342482
35	343148	584178	580341	344979
36	340998	589441	580653	341864
37	344721	586196	584370	337920
38	341023	584251	587128	340938
39	343466	588727	581446	339723
40	346865	580970	587294	338305
41	345419	580792	583019	344301
42	347314	584012	579287	342887
43	350435	578422	579568	345062
44	346550	580147	576599	350076
45	345837	587492	575807	344184
46	347563	580721	581917	342865
47	341114	582632	583180	345340
48	341606	586009	583523	340459
49	346579	579669	584753	339859
50	342128	581294	582140	344386
51	340926	582170	584385	341974
52	346762	574132	582248	345440
53	344759	574779	577418	350543
54	345667	581148	574131	345983
55	350286	576880	573933	345640
56	345129	580659	573637	347577
57	341676	582846	577848	344871
58	344158	577341	581258	345337
59	338134	578464	583747	348062
60	342551	582910	580726	342646
61	346088	574975	585362	342751
62	344973	575825	580319	348943
63	345094	578817	578572	348500
64	350265	574741	578291	348876
65	345767	579707	574610	352444
66	346952	582406	573622	349683
67	347414	577624	579756	347975
68	342463	578795	580339	351195
69	343558	583316	579225	346634
70	345860	578518	582894	345581
71	341580	577883	582662	349989
72	344431	580214	579945	346849
73	351703	571603	579627	347574
74	347194	573467	575975	352405
75	348068	578115	571430	349695
76	350456	574116	571272	350162
77	345775	576991	570504	351449
78	343617	579355	573806	347393
79	345785	575226	578024	345613
80	343207	576245	577129	349879
81	344334	579674	576013	347432
82	349790	575771	576888	345448
83	348363	573041	576468	351189
84	347855	579004	574025	349299
85	350509	572751	576059	351260
86	348229	575253	573828	353668
87	350674	579685	571327	349575
88	351537	576218	575104	348993
89	345290	577601	575665	353767
90	346084	579887	577132	349188
91	350753	575376	580203	346425
92	348809	575503	576289	352209
93	350998	576273	575038	350637
94	353729	571713	578108	349468
95	349811	572040	575439	355801
96	353479	577777	571679	350195
97	356982	573080	571403	351275
98	352732	576274	569900	354130
99	349105	579100	572792	351970
100	352061	573504	577557	349140
101	349141	573483	574858	353520
>>END_MODULE
>>Per base GC content	fail
#Base	%GC
1	56.70698913811732
2	31.0624672728976
3	33.04864688645522
4	33.060501803600275
5	20.0350526059557
6	33.10409729260171
7	33.74661797888096
8	33.80552150914558
9	53.79754041437721
10	32.32497969821155
11	41.308610400682014
12	34.53565888335829
13	42.006068663081294
14	42.759173235356
15	38.49185539110956
16	36.0298993016123
17	35.15452860198068
18	35.33597844489453
19	36.08870108408
20	36.59172402256644
21	36.63068955353759
22	36.953526642424265
23	36.70510784942408
24	36.457978012306924
25	36.7454929981231
26	36.68048534967041
27	36.63956114281754
28	36.82956177421766
29	36.88985648331883
30	36.83411447014676
31	37.19048100783728
32	37.16799370033088
33	37.21428023314755
34	37.17138484171278
35	37.142929626059164
36	36.852575020669676
37	36.83565840189466
38	36.79632447365297
39	36.86214565745926
40	36.96759636437014
41	37.21113917166748
42	37.23771243593202
43	37.52370531867771
44	37.586949624792
45	37.2316167742214
46	37.25868371660804
47	37.060227850643486
48	36.836579450063915
49	37.087516073609024
50	37.10990795416952
51	36.92439123958139
52	37.44502543030279
53	37.634770032351845
54	37.44865124755743
55	37.68404739381147
56	37.50434487889022
57	37.16607632680306
58	37.30843777426906
59	37.12364214158462
60	37.06105418931834
61	37.25113239626731
62	37.50775650519443
63	37.47165695200874
64	37.74706790348418
65	37.6896327612862
66	37.601819650956486
67	37.53241769481247
68	37.43852520952163
69	37.252642447670546
70	37.317639337821184
71	37.339440228841205
72	37.33744400976754
73	37.7884006923508
74	37.835775410063924
75	37.77188211169983
76	37.953181083918466
77	37.7956751136623
78	37.46995262369921
79	37.481297244786
80	37.53593362434063
81	37.44430846143312
82	37.623200860221104
83	37.83282433624418
84	37.68027270815914
85	37.92159102637606
86	37.92033184619158
87	37.825514608691044
88	37.828616973710645
89	37.739476322434044
90	37.53578676352689
91	37.62921959004878
92	37.83539596612713
93	37.865917301421625
94	37.948740918868566
95	38.07756877562948
96	37.97218759612116
97	38.227544069864095
98	38.1461558221211
99	37.83526635930375
100	37.85646954912426
101	37.961115114948555
>>END_MODULE
>>Per sequence GC content	pass
#GC Content	Count
0	65.5
1	39.5
2	39.5
3	39.0
4	44.0
5	56.5
6	73.0
7	85.5
8	96.0
9	117.5
10	155.5
11	180.5
12	204.5
13	263.0
14	338.5
15	454.5
16	579.0
17	779.0
18	1127.0
19	1632.0
20	2434.0
21	3623.0
22	5344.5
23	7937.5
24	11689.5
25	16801.0
26	24021.5
27	32971.0
28	42922.5
29	54129.5
30	66521.5
31	79235.5
32	90786.0
33	100878.5
34	109443.0
35	115339.5
36	117821.5
37	117306.0
38	113323.0
39	106704.0
40	97926.0
41	87882.0
42	78402.5
43	68279.5
44	57717.5
45	47724.5
46	39572.0
47	32980.5
48	26932.5
49	21619.0
50	17056.0
51	13371.0
52	10250.0
53	7414.5
54	5367.0
55	4177.0
56	3121.5
57	2267.0
58	1704.0
59	1189.5
60	750.0
61	585.0
62	490.5
63	362.5
64	262.5
65	183.0
66	123.0
67	79.5
68	43.5
69	24.5
70	19.0
71	17.5
72	18.5
73	14.5
74	7.0
75	6.0
76	6.5
77	4.5
78	5.5
79	5.0
80	2.5
81	2.5
82	2.0
83	1.0
84	0.5
85	0.5
86	0.5
87	0.5
88	1.5
89	2.0
90	1.0
91	0.5
92	1.5
93	1.0
94	0.0
95	0.0
96	0.5
97	0.5
98	0.5
99	0.5
100	0.0
>>END_MODULE
>>Per base N content	pass
#Base	N-Count
1	0.3919336652945841
2	0.3732675884615592
3	0.3796334759364059
4	0.33523410820929744
5	0.26866203071810446
6	0.13778370009117244
7	0.08399734574861219
8	0.04137826858650324
9	0.02109374578529696
10	0.01861212863408555
11	0.015644977692419737
12	0.016454200676510416
13	0.009386986615451844
14	0.007552747851512977
15	0.007229058657876707
16	0.00404611492045338
17	0.006581680270604166
18	0.007984333443028005
19	0.00911724562075495
20	0.023467466538629606
21	0.06236411797392144
22	0.11075565242254387
23	0.13902450866677818
24	0.20376234739403223
25	0.2611092828665915
26	0.31775489175293886
27	0.3588094711458058
28	0.3777452889735276
29	0.35967264232883583
30	0.3295695473206627
31	0.2782108619303745
32	0.2505354358744733
33	0.16874996628237568
34	0.1076806050829993
35	0.05308502775634835
36	0.03636108608514105
37	0.022820088151357068
38	0.015644977692419737
39	0.014458117315753414
40	0.010573846992118167
41	0.005340871694998462
42	0.007013265862119192
43	0.007714592448331112
44	0.013918635326359629
45	0.016723941671207308
46	0.030426784201809425
47	0.07358534335331214
48	0.1096766884437563
49	0.1494365110620782
50	0.19863726849479132
51	0.22523373057190488
52	0.2723305082459822
53	0.33075640769732906
54	0.36150688109277473
55	0.3717570388912566
56	0.3575686625702001
57	0.3446750430236887
58	0.29865722932839883
59	0.28177144306037344
60	0.2587895103121982
61	0.24028527807599143
62	0.1925950702135809
63	0.14280088259253465
64	0.07860252585467435
65	0.05945091523119501
66	0.052167908374378916
67	0.04644939928680481
68	0.045208590711199106
69	0.04839153444862243
70	0.04191775057589703
71	0.08178546959209766
72	0.1182005038761781
73	0.16848022528767875
74	0.24756828493280753
75	0.3410605136947503
76	0.41130106871382105
77	0.480732400748801
78	0.5102960137675804
79	0.48456272287349683
80	0.3868085863953432
81	0.3332380248485404
82	0.30928502451945644
83	0.24648932095401996
84	0.18595944174403736
85	0.16459595496404353
86	0.14307062358723155
87	0.12780328328738746
88	0.0959198977142148
89	0.07051029601376758
90	0.07223663837982769
91	0.04709677767407735
92	0.04423752313029029
93	0.03690056807453483
94	0.033016297750899586
95	0.029078079228324963
96	0.026974099469689206
97	0.048013897056046785
98	0.03204523016999078
99	0.03576765589680789
100	0.07380113614906966
101	0.14177586681268647
>>END_MODULE
>>Sequence Length Distribution	pass
#Length	Count
101	1853630.0
>>END_MODULE
>>Sequence Duplication Levels	warn
#Total Duplicate Percentage	29.02441824862216
#Duplication Level	Relative count
1	100.0
2	22.352988756774245
3	6.274097441289871
4	2.1879802636900427
5	0.964571705896627
6	0.56687966782604
7	0.3410714767181644
8	0.2696217207258217
9	0.22850440831513386
10++	1.62514492167489
>>END_MODULE
>>Overrepresented sequences	pass
>>END_MODULE
>>Kmer Content	warn
#Sequence	Count	Obs/Exp Overall	Obs/Exp Max	Max Obs/Exp Position
GTCTT	213955	1.1179582	5.267011	1
ATACC	206040	1.0866613	5.4529343	6
GTATT	320180	0.99629045	6.91685	1
AATAC	308915	0.9702204	5.3126245	5
ATATA	498015	0.92796516	5.0596123	1
TATTA	467430	0.86771095	5.6501255	2
TATAC	276860	0.8662851	5.9310226	5
ATACT	263620	0.8248576	5.3948426	6
GTATA	238115	0.7437197	7.0748024	1
>>END_MODULE
