##FastQC	0.8.0
>>Basic Statistics	pass
#Measure	Value	
Filename	1_140716_AH9BY4ADXX_P1260_1013_2.fastq.gz	
File type	Conventional base calls	
Total Sequences	1828482	
Sequence length	101	
%GC	37	
>>END_MODULE
>>Per base sequence quality	pass
#Base	Mean	Median	Lower Quartile	Upper Quartile	10th Percentile	90th Percentile
1	31.737474035839565	33.0	33.0	33.0	27.0	33.0
2	31.800524697535987	33.0	33.0	33.0	27.0	33.0
3	31.777383643918835	33.0	33.0	33.0	27.0	33.0
4	35.542240503324614	37.0	37.0	37.0	33.0	37.0
5	35.66687941144622	37.0	37.0	37.0	33.0	37.0
6	35.65302420258991	37.0	37.0	37.0	33.0	37.0
7	35.60245001044582	37.0	37.0	37.0	33.0	37.0
8	35.57352820536379	37.0	37.0	37.0	33.0	37.0
9	35.56150019524392	37.0	37.0	37.0	33.0	37.0
10	35.56016411427621	37.0	37.0	37.0	33.0	37.0
11	35.583502599424	37.0	37.0	37.0	33.0	37.0
12	35.55295868376063	37.0	37.0	37.0	33.0	37.0
13	35.54416450367026	37.0	37.0	37.0	33.0	37.0
14	37.44855076506085	40.0	37.0	40.0	33.0	40.0
15	37.501939313594555	40.0	37.0	40.0	33.0	40.0
16	37.465135560536005	40.0	37.0	40.0	33.0	40.0
17	37.420936055153945	40.0	37.0	40.0	33.0	40.0
18	37.31985986189637	40.0	37.0	40.0	33.0	40.0
19	37.448764603643895	40.0	37.0	40.0	33.0	40.0
20	37.4547974768141	40.0	37.0	40.0	33.0	40.0
21	37.44036091140082	40.0	37.0	40.0	33.0	40.0
22	37.391308746818396	40.0	37.0	40.0	33.0	40.0
23	37.35052354904232	40.0	37.0	40.0	33.0	40.0
24	37.336416218480686	40.0	37.0	40.0	33.0	40.0
25	37.29659411468092	40.0	37.0	40.0	33.0	40.0
26	37.29829607291732	40.0	37.0	40.0	33.0	40.0
27	37.3054315000093	40.0	37.0	40.0	33.0	40.0
28	37.24294141260346	40.0	37.0	40.0	33.0	40.0
29	37.221724906233696	40.0	37.0	40.0	33.0	40.0
30	37.150149140106386	40.0	37.0	40.0	33.0	40.0
31	37.174948946721926	40.0	37.0	40.0	33.0	40.0
32	37.162656783058296	40.0	37.0	40.0	33.0	40.0
33	37.145429924932266	40.0	37.0	40.0	33.0	40.0
34	37.11078479306879	40.0	37.0	40.0	33.0	40.0
35	37.06452948402008	40.0	37.0	40.0	33.0	40.0
36	37.0120411357618	40.0	37.0	40.0	33.0	40.0
37	37.00741106557243	40.0	37.0	40.0	33.0	40.0
38	36.96046556651911	40.0	37.0	40.0	33.0	40.0
39	36.915774396466574	40.0	37.0	40.0	33.0	40.0
40	36.912171954659655	40.0	37.0	40.0	33.0	40.0
41	36.85923186555843	40.0	37.0	40.0	33.0	40.0
42	36.82580851219755	40.0	37.0	40.0	33.0	40.0
43	36.726719759888255	40.0	37.0	40.0	33.0	40.0
44	36.64473700041893	40.0	37.0	40.0	33.0	40.0
45	36.598916478259014	40.0	37.0	40.0	33.0	40.0
46	36.5494191356546	40.0	37.0	40.0	33.0	40.0
47	36.516390645355	40.0	37.0	40.0	33.0	40.0
48	36.413763438743175	40.0	37.0	40.0	33.0	40.0
49	36.37865179968958	40.0	37.0	40.0	33.0	40.0
50	36.34362438350501	40.0	37.0	40.0	33.0	40.0
51	36.28443867645402	40.0	37.0	40.0	33.0	40.0
52	36.23699549681102	40.0	37.0	40.0	33.0	40.0
53	36.18370867200224	40.0	37.0	40.0	33.0	40.0
54	36.108638203712154	40.0	37.0	40.0	33.0	40.0
55	36.05993496244426	40.0	37.0	40.0	33.0	40.0
56	35.98471901828949	37.0	37.0	40.0	33.0	40.0
57	35.88925239625	37.0	37.0	40.0	27.0	40.0
58	35.83225703069541	37.0	37.0	40.0	27.0	40.0
59	35.77894504840627	37.0	37.0	40.0	27.0	40.0
60	35.69560050358713	37.0	37.0	40.0	27.0	40.0
61	35.60592994626143	37.0	37.0	40.0	27.0	40.0
62	35.50974907054048	37.0	37.0	40.0	27.0	40.0
63	35.42006648137635	37.0	37.0	40.0	27.0	40.0
64	35.32125664895799	37.0	37.0	40.0	27.0	40.0
65	35.18282050356525	37.0	37.0	40.0	27.0	40.0
66	35.07572784418988	37.0	37.0	40.0	27.0	40.0
67	34.9467793503026	37.0	37.0	40.0	27.0	40.0
68	34.81351908304266	37.0	33.0	40.0	27.0	40.0
69	34.704633132839156	37.0	33.0	40.0	27.0	40.0
70	34.56706109220654	37.0	33.0	40.0	27.0	40.0
71	34.42558143859223	37.0	33.0	37.0	27.0	40.0
72	34.25600798914072	37.0	33.0	37.0	27.0	40.0
73	34.13380990351559	37.0	33.0	37.0	27.0	40.0
74	33.99449980913129	37.0	33.0	37.0	27.0	40.0
75	33.850292209603374	37.0	33.0	37.0	27.0	40.0
76	33.721966089904086	37.0	33.0	37.0	27.0	40.0
77	33.5885805821441	37.0	33.0	37.0	27.0	40.0
78	33.43861629482817	37.0	33.0	37.0	27.0	37.0
79	33.31080426277098	37.0	33.0	37.0	27.0	37.0
80	33.196914161583216	37.0	33.0	37.0	27.0	37.0
81	33.06033310691601	37.0	33.0	37.0	27.0	37.0
82	32.95094728851583	37.0	33.0	37.0	27.0	37.0
83	33.040238296029166	37.0	33.0	37.0	27.0	37.0
84	33.03120457297365	37.0	33.0	37.0	27.0	37.0
85	32.95553524727069	37.0	33.0	37.0	27.0	37.0
86	32.88981898645981	37.0	33.0	37.0	27.0	37.0
87	32.82516699644842	37.0	33.0	37.0	27.0	37.0
88	32.760575712530944	37.0	33.0	37.0	27.0	37.0
89	32.84589129124596	37.0	33.0	37.0	27.0	37.0
90	32.84880901206574	37.0	33.0	37.0	27.0	37.0
91	32.80905855239483	37.0	33.0	37.0	27.0	37.0
92	32.768488833907035	37.0	33.0	37.0	27.0	37.0
93	32.68242618740573	37.0	33.0	37.0	27.0	37.0
94	32.6636045637857	37.0	33.0	37.0	27.0	37.0
95	32.6356064757542	37.0	33.0	37.0	27.0	37.0
96	32.560486239405144	37.0	33.0	37.0	27.0	37.0
97	32.49356624784931	37.0	33.0	37.0	27.0	37.0
98	32.42121552194662	37.0	33.0	37.0	27.0	37.0
99	32.38174343526488	37.0	33.0	37.0	27.0	37.0
100	32.302334942318275	37.0	33.0	37.0	27.0	37.0
101	31.878314361311734	37.0	33.0	37.0	22.0	37.0
>>END_MODULE
>>Per sequence quality scores	pass
#Quality	Count
2	22104.0
3	4306.0
4	2897.0
5	2331.0
6	2246.0
7	2436.0
8	2626.0
9	2950.0
10	2912.0
11	3085.0
12	3206.0
13	3387.0
14	3450.0
15	3733.0
16	3931.0
17	4022.0
18	3913.0
19	3941.0
20	4162.0
21	4397.0
22	4796.0
23	5659.0
24	6882.0
25	8370.0
26	10277.0
27	12622.0
28	15623.0
29	19605.0
30	24566.0
31	31754.0
32	42566.0
33	59103.0
34	81697.0
35	121099.0
36	206872.0
37	496805.0
38	592090.0
39	2061.0
>>END_MODULE
>>Per base sequence content	fail
#Base	G	A	T	C
1	650977	504439	274169	398894
2	227613	419625	838605	342639
3	242028	611468	606723	368263
4	188039	373293	860167	406980
5	178934	738652	735909	174986
6	406850	846444	389242	185945
7	373117	634860	572122	248379
8	341884	757058	454752	274782
9	389136	341932	508894	588489
10	238120	553768	682179	354412
11	496398	530291	531828	269960
12	318918	527473	658658	323427
13	410950	475523	577147	364859
14	323186	448139	586773	470373
15	359850	621370	488463	358778
16	340362	621788	536636	329687
17	324053	592860	586224	325326
18	330859	596977	578421	322209
19	341431	584086	580261	322699
20	340537	580247	573330	334339
21	338001	575586	577981	336900
22	343334	570066	576019	339026
23	339459	572999	574408	341553
24	338781	579162	573786	336680
25	343209	571279	574842	339081
26	339966	573046	572974	342430
27	340949	580642	569056	337801
28	344806	573439	570173	339996
29	340751	574476	570444	342722
30	344075	577884	570709	335711
31	345874	572643	569788	340054
32	341494	574850	569283	342724
33	342478	575790	569521	340545
34	344835	572556	570972	339946
35	342535	571097	573147	341495
36	342186	574070	570066	341879
37	346385	569756	573569	338507
38	344177	570762	571335	341957
39	344899	575462	566343	341481
40	347091	569767	572605	338526
41	344215	572240	568908	342640
42	343299	574253	571176	339298
43	347369	568370	571632	340527
44	344257	568516	569793	345167
45	345121	574055	567458	341116
46	346468	567031	571997	342121
47	342005	570508	570772	344255
48	346845	573545	566328	340703
49	346476	569033	570971	340843
50	341951	571116	569139	345123
51	342768	572444	570211	341904
52	345755	566085	572569	342938
53	342981	568267	571016	345173
54	343739	574454	568739	340637
55	348647	567459	569898	341444
56	346653	568702	568509	343676
57	344717	572036	567435	343255
58	349705	565942	568900	342956
59	341058	566841	571478	348104
60	344950	572396	567613	342482
61	346361	566911	572275	341828
62	344000	568387	568540	346336
63	342862	571820	567913	344567
64	346573	568672	569479	342597
65	344147	570203	566610	346376
66	344050	570257	568745	344466
67	347125	568150	569653	342499
68	345936	567298	566128	348035
69	347676	570245	565221	344166
70	347974	567251	568635	343364
71	343253	566665	569129	348174
72	343871	571417	566724	345120
73	350315	563987	569519	343364
74	344133	567553	568518	347148
75	345458	570042	568185	343565
76	349789	565589	566123	345650
77	345955	566351	565531	349110
78	344977	569264	566268	346561
79	347004	566146	569767	344015
80	347048	566759	564223	349023
81	345610	569499	565136	346801
82	348548	567149	567487	343877
83	344869	565957	566404	349842
84	343038	573098	566268	344684
85	347812	565002	569765	344567
86	343510	568464	567774	347349
87	346283	569318	566429	345060
88	350554	564172	567569	344876
89	343319	567129	567798	348695
90	344524	568452	566620	347585
91	347214	563896	569572	346442
92	346154	564831	566497	349484
93	345986	568810	565953	346269
94	347378	564240	568588	346792
95	343158	565368	567667	350832
96	347540	569278	567111	343158
97	351489	563493	564872	346853
98	347932	565452	564864	348621
99	346630	568927	563980	347515
100	349421	563208	567255	347151
101	348277	564400	565160	349186
>>END_MODULE
>>Per base GC content	fail
#Base	%GC
1	57.417722598946995
2	31.18718149809514
3	33.376921402562346
4	32.54174644608989
5	19.35595721257153
6	32.42007983676068
7	33.989799166301154
8	33.72568193402593
9	53.46738851629057
10	32.40573175847248
11	41.91236750585323
12	35.13007553831716
13	42.429199350935946
14	43.40014142964258
15	39.30234224301202
16	36.64527723406362
17	35.515019992201104
18	35.71671554188046
19	36.32148503918835
20	36.909671727958006
21	36.91073620101637
22	37.3191427688555
23	37.245948548992324
24	36.942554975391175
25	37.31600827166321
26	37.32170359480556
27	37.12164633612769
28	37.45333387296312
29	37.38107726292979
30	37.17970945848755
31	37.516045809384266
32	37.4226830624973
33	37.35767097259035
34	37.454336219971566
35	37.413976242073126
36	37.417384631120974
37	37.462292495912685
38	37.52994014432531
39	37.544340425066395
40	37.5066261339647
41	37.57406306225975
42	37.34066145667512
43	37.63317209165938
44	37.72017028745446
45	37.545452058541926
46	37.6768765009299
47	37.55102487496853
48	37.623952006680454
49	37.61343779944761
50	37.59990674914041
51	37.468499069953
52	37.68813476586549
53	37.65678379063136
54	37.44734124949591
55	37.762551930342205
56	37.77367390043446
57	37.64670088205214
58	37.902044483647906
59	37.71103502580875
60	37.617192565998025
61	37.659976742595255
62	37.77978320581109
63	37.62277236501197
64	37.71477479873542
65	37.78850742282755
66	37.674923037693745
67	37.73743082487016
68	37.97592969672162
69	37.861269145650326
70	37.8354268551639
71	37.840359759437966
72	37.708879270901065
73	37.96435500510348
74	37.82965734023877
75	37.70819537556437
76	38.06138627841925
77	38.04516496647138
78	37.84956241413848
79	37.824013154293645
80	38.09801905035049
81	37.897841652591126
82	37.89829677279521
83	38.02318682569707
84	37.640332594817544
85	37.894016132263104
86	37.81184031280222
87	37.83847538982754
88	38.06047709820263
89	37.87828944667616
90	37.87851340398132
91	37.96436366661485
92	38.076132779701425
93	37.88988395297693
94	37.995115484527076
95	37.984701906104185
96	37.803235423381594
97	38.22955734006604
98	38.12824017485654
99	37.99262418365761
100	38.1258158710698
101	38.17483414275573
>>END_MODULE
>>Per sequence GC content	pass
#GC Content	Count
0	1.5
1	2.0
2	2.5
3	6.0
4	11.0
5	14.5
6	21.5
7	33.5
8	50.0
9	70.5
10	83.5
11	116.0
12	176.0
13	254.5
14	344.5
15	468.0
16	605.5
17	746.5
18	980.5
19	1440.5
20	2101.0
21	3184.5
22	4769.0
23	6790.0
24	10049.5
25	14823.5
26	21260.5
27	29517.0
28	39937.5
29	51090.0
30	63405.5
31	76538.5
32	88349.5
33	98574.0
34	106546.0
35	111994.0
36	114621.0
37	114960.0
38	111684.0
39	105635.5
40	97257.0
41	87498.5
42	78442.0
43	68502.5
44	58552.5
45	49140.0
46	41176.0
47	34669.5
48	28554.0
49	23227.0
50	18725.0
51	14711.0
52	11333.5
53	8555.5
54	6379.0
55	5017.0
56	3801.5
57	2851.5
58	2186.5
59	1571.0
60	1080.5
61	879.5
62	714.5
63	564.0
64	425.0
65	315.0
66	212.5
67	130.0
68	90.5
69	68.0
70	48.5
71	41.0
72	38.0
73	32.5
74	31.5
75	30.5
76	30.5
77	25.5
78	26.0
79	24.0
80	14.0
81	9.5
82	12.5
83	15.5
84	11.5
85	9.5
86	9.5
87	7.5
88	5.5
89	5.5
90	7.5
91	8.0
92	4.5
93	4.5
94	6.0
95	5.0
96	5.5
97	7.5
98	8.0
99	10.0
100	52.0
>>END_MODULE
>>Per base N content	pass
#Base	N-Count
1	1.64070524074068E-4
2	0.0
3	0.0
4	1.64070524074068E-4
5	5.4690174691356E-5
6	5.4690174691356E-5
7	2.18760698765424E-4
8	3.28141048148136E-4
9	0.0016953954154320357
10	1.64070524074068E-4
11	2.7345087345678E-4
12	3.28141048148136E-4
13	1.64070524074068E-4
14	6.015919216049159E-4
15	0.0011484936685184758
16	4.922115722222041E-4
17	0.001039113319135764
18	8.75042795061696E-4
19	2.7345087345678E-4
20	0.001586015066049324
21	7.65662445678984E-4
22	0.002023536463580172
23	0.003445481005555428
24	0.003992382752468987
25	0.003883002403086276
26	0.003609551529629496
27	0.001859465939506104
28	0.003718931879012208
29	0.004867425547530684
30	0.005633087993209668
31	0.006726891487036788
32	0.007164412884567636
33	0.008094145854320688
34	0.009461400221604589
35	0.011375556335802048
36	0.015367939088271035
37	0.014492896293209339
38	0.013727233847530355
39	0.016242981883332733
40	0.026962256122838507
41	0.026196593677159527
42	0.024938719659258337
43	0.0319390620197519
44	0.040962940843825645
45	0.040033207874072586
46	0.04730700110802294
47	0.05151814455925736
48	0.058026275347528716
49	0.06338591246728159
50	0.06305777141913346
51	0.06316715176851617
52	0.06207334827468906
53	0.05715123255246702
54	0.04993212949320802
55	0.056549640630862104
56	0.05151814455925736
57	0.056823091504318884
58	0.05354168102283752
59	0.05474486486604735
60	0.0569324718537016
61	0.060542023383331096
62	0.06666732294876296
63	0.07219103059258991
64	0.06349529281666431
65	0.06267494019629397
66	0.05272132840246718
67	0.05769813429938058
68	0.05933883954012126
69	0.06420626508765194
70	0.06880023976172585
71	0.06896431028579991
72	0.0738317358333306
73	0.07093315657468872
74	0.061799897401232276
75	0.06737829521975058
76	0.07279262251419483
77	0.08394941815123146
78	0.07722252666419467
79	0.08476977077160179
80	0.07815225963394773
81	0.07853509085678721
82	0.07771473823641686
83	0.07711314631481196
84	0.07623810351975026
85	0.07306607338765161
86	0.07574589194752805
87	0.07612872317036755
88	0.07169881902036772
89	0.0842775591993796
90	0.07115191727345416
91	0.07426925723086145
92	0.08291030483209569
93	0.08006641574814517
94	0.0811602192419723
95	0.07968358452530569
96	0.07629279369444161
97	0.09707506007715691
98	0.08821525177715722
99	0.07820694980863907
100	0.07913668277839213
101	0.07979296487468841
>>END_MODULE
>>Sequence Length Distribution	pass
#Length	Count
101	1828482.0
>>END_MODULE
>>Sequence Duplication Levels	warn
#Total Duplicate Percentage	31.79472746036213
#Duplication Level	Relative count
1	100.0
2	22.26203576341128
3	6.765474552957359
4	2.6588720770288856
5	1.299862448418157
6	0.7957359009628611
7	0.5165061898211829
8	0.41471801925722146
9	0.3356258596973865
10++	2.5027510316368637
>>END_MODULE
>>Overrepresented sequences	pass
>>END_MODULE
>>Kmer Content	warn
#Sequence	Count	Obs/Exp Overall	Obs/Exp Max	Max Obs/Exp Position
ACACC	138670	1.2369276	5.3177233	6
ATACC	215885	1.1543196	5.9132795	6
GTCTT	211600	1.1183894	5.228748	1
ATATA	554030	1.0677828	5.993768	1
GTCCA	118285	1.046231	5.077751	1
GTATT	328250	1.043245	7.510238	1
TATAT	542280	1.0418636	5.1302514	2
AATAC	316820	1.0186393	5.8105216	5
ATACA	296930	0.95468885	5.009549	6
TAATA	489685	0.9437705	5.3665457	4
TATTA	483900	0.92970014	6.320824	2
ATACT	275280	0.88230777	6.0338616	6
TATAC	269150	0.86266035	7.0784802	5
GTATA	263360	0.83964115	8.741268	1
TATAA	418425	0.8064311	5.57747	2
GTCTA	138430	0.73395586	5.1891866	1
>>END_MODULE
