##FastQC	0.8.0
>>Basic Statistics	pass
#Measure	Value	
Filename	8_140619_BC47HDACXX_P1260_1006_2.fastq.gz	
File type	Conventional base calls	
Total Sequences	2847843	
Sequence length	101	
%GC	36	
>>END_MODULE
>>Per base sequence quality	pass
#Base	Mean	Median	Lower Quartile	Upper Quartile	10th Percentile	90th Percentile
1	31.759752907727005	33.0	33.0	33.0	27.0	33.0
2	31.767752997619603	33.0	33.0	33.0	27.0	33.0
3	31.748625889840135	33.0	33.0	33.0	27.0	33.0
4	35.575868824229424	37.0	37.0	37.0	33.0	37.0
5	35.605526358019034	37.0	37.0	37.0	33.0	37.0
6	35.65836705183537	37.0	37.0	37.0	33.0	37.0
7	35.60665668718395	37.0	37.0	37.0	33.0	37.0
8	35.62000784453357	37.0	37.0	37.0	33.0	37.0
9	35.629111576726665	37.0	37.0	37.0	33.0	37.0
10	35.593747969954805	37.0	37.0	37.0	33.0	37.0
11	35.629614062292056	37.0	37.0	37.0	33.0	37.0
12	35.592063888353394	37.0	37.0	37.0	33.0	37.0
13	35.59055888965789	37.0	37.0	37.0	33.0	37.0
14	37.510771485647204	40.0	37.0	40.0	33.0	40.0
15	37.523809423482966	40.0	37.0	40.0	33.0	40.0
16	37.514535386957775	40.0	37.0	40.0	33.0	40.0
17	37.469322220361164	40.0	37.0	40.0	33.0	40.0
18	37.4670253943072	40.0	37.0	40.0	33.0	40.0
19	37.509173434069226	40.0	37.0	40.0	33.0	40.0
20	37.47814609162092	40.0	37.0	40.0	33.0	40.0
21	37.434369450844024	40.0	37.0	40.0	33.0	40.0
22	37.37085752269349	40.0	37.0	40.0	33.0	40.0
23	37.34126670606491	40.0	37.0	40.0	33.0	40.0
24	37.28966800487246	40.0	37.0	40.0	33.0	40.0
25	37.232960173717444	40.0	37.0	40.0	33.0	40.0
26	37.17568384212191	40.0	37.0	40.0	33.0	40.0
27	37.141318534764736	40.0	37.0	40.0	33.0	40.0
28	37.10382138341193	40.0	37.0	40.0	33.0	40.0
29	37.05329647736901	40.0	37.0	40.0	33.0	40.0
30	37.04914034938022	40.0	37.0	40.0	33.0	40.0
31	37.00572608813056	40.0	37.0	40.0	33.0	40.0
32	37.006151322246346	40.0	37.0	40.0	33.0	40.0
33	36.99319168928905	40.0	37.0	40.0	33.0	40.0
34	36.97513591865844	40.0	37.0	40.0	33.0	40.0
35	36.96822893677776	40.0	37.0	40.0	33.0	40.0
36	36.93507507260758	40.0	37.0	40.0	33.0	40.0
37	36.917879602211215	40.0	37.0	40.0	33.0	40.0
38	36.86746916877089	40.0	37.0	40.0	33.0	40.0
39	36.840371115963904	40.0	37.0	40.0	33.0	40.0
40	36.818166591346504	40.0	37.0	40.0	33.0	40.0
41	36.73183142469581	40.0	37.0	40.0	33.0	40.0
42	36.71916359153226	40.0	37.0	40.0	33.0	40.0
43	36.68617968055121	40.0	37.0	40.0	33.0	40.0
44	36.664462191209275	40.0	37.0	40.0	33.0	40.0
45	36.62750931143325	40.0	37.0	40.0	33.0	40.0
46	36.56533734479043	40.0	37.0	40.0	33.0	40.0
47	36.48345221277999	40.0	37.0	40.0	33.0	40.0
48	36.418744642875325	40.0	37.0	40.0	33.0	40.0
49	36.34367098186241	40.0	37.0	40.0	33.0	40.0
50	36.23552281498664	40.0	37.0	40.0	33.0	40.0
51	34.770345134896836	37.0	33.0	37.0	27.0	40.0
52	35.255096927744965	37.0	37.0	40.0	33.0	40.0
53	35.75186237443567	37.0	37.0	40.0	33.0	40.0
54	35.953065179506034	37.0	37.0	40.0	33.0	40.0
55	36.00539039546773	37.0	37.0	40.0	33.0	40.0
56	35.9784398227009	37.0	37.0	40.0	33.0	40.0
57	36.188413125302205	40.0	37.0	40.0	33.0	40.0
58	36.23384400052952	40.0	37.0	40.0	33.0	40.0
59	36.225974886958305	40.0	37.0	40.0	33.0	40.0
60	36.176867896158605	40.0	37.0	40.0	33.0	40.0
61	36.11653170487278	40.0	37.0	40.0	33.0	40.0
62	36.0310585941711	37.0	37.0	40.0	33.0	40.0
63	35.94000617309311	37.0	37.0	40.0	33.0	40.0
64	35.84972135050984	37.0	37.0	40.0	33.0	40.0
65	35.76671115647878	37.0	37.0	40.0	27.0	40.0
66	35.83121576575675	37.0	37.0	40.0	33.0	40.0
67	35.78000788667072	37.0	37.0	40.0	33.0	40.0
68	35.679455995291875	37.0	37.0	40.0	33.0	40.0
69	35.556170406865824	37.0	37.0	40.0	33.0	40.0
70	35.433848354702135	37.0	37.0	40.0	27.0	40.0
71	35.284665271224576	37.0	37.0	40.0	27.0	40.0
72	35.150444388963855	37.0	37.0	40.0	27.0	40.0
73	34.973464478203326	37.0	37.0	40.0	27.0	40.0
74	34.81430226315145	37.0	37.0	37.0	27.0	40.0
75	34.63275117343196	37.0	33.0	37.0	27.0	40.0
76	34.427495827543865	37.0	33.0	37.0	27.0	40.0
77	34.245934203535796	37.0	33.0	37.0	27.0	40.0
78	34.06330018895002	37.0	33.0	37.0	27.0	40.0
79	33.91201691947204	37.0	33.0	37.0	27.0	37.0
80	33.8261607118089	37.0	33.0	37.0	27.0	37.0
81	33.708660203529476	37.0	33.0	37.0	27.0	37.0
82	33.596810989931676	37.0	33.0	37.0	27.0	37.0
83	33.49394682220895	37.0	33.0	37.0	27.0	37.0
84	33.403944669702646	37.0	33.0	37.0	27.0	37.0
85	33.315921910021025	37.0	33.0	37.0	27.0	37.0
86	33.20465313572412	37.0	33.0	37.0	27.0	37.0
87	33.13062728528223	37.0	33.0	37.0	27.0	37.0
88	33.064034780007184	37.0	33.0	37.0	27.0	37.0
89	32.99673717968301	37.0	33.0	37.0	27.0	37.0
90	32.90996835148567	37.0	33.0	37.0	27.0	37.0
91	32.84371434801708	37.0	33.0	37.0	27.0	37.0
92	32.75962649626401	37.0	33.0	37.0	27.0	37.0
93	32.686242535139755	37.0	33.0	37.0	27.0	37.0
94	32.63399913548605	37.0	33.0	37.0	27.0	37.0
95	32.5446982154564	37.0	33.0	37.0	27.0	37.0
96	32.45862394801961	37.0	33.0	37.0	27.0	37.0
97	32.38324093006531	37.0	33.0	37.0	27.0	37.0
98	32.29678145880935	37.0	33.0	37.0	27.0	37.0
99	32.214078163718995	37.0	33.0	37.0	27.0	37.0
100	32.10012419926239	37.0	33.0	37.0	22.0	37.0
101	31.35441244478716	33.0	33.0	37.0	22.0	37.0
>>END_MODULE
>>Per sequence quality scores	pass
#Quality	Count
2	27470.0
3	5978.0
4	4510.0
5	4776.0
6	3894.0
7	3606.0
8	3954.0
9	4694.0
10	5076.0
11	5293.0
12	4777.0
13	4433.0
14	4499.0
15	5068.0
16	5783.0
17	6042.0
18	6457.0
19	6483.0
20	6754.0
21	7291.0
22	8309.0
23	9777.0
24	11392.0
25	13702.0
26	16302.0
27	19764.0
28	24442.0
29	29619.0
30	36892.0
31	47044.0
32	62032.0
33	84810.0
34	119088.0
35	178114.0
36	312101.0
37	787447.0
38	957199.0
39	2971.0
>>END_MODULE
>>Per base sequence content	fail
#Base	G	A	T	C
1	1001004	787472	435173	613259
2	345476	660745	1306795	524448
3	367465	943696	959181	566974
4	284131	580940	1344773	628740
5	271378	1157115	1148064	263898
6	628490	1325112	607606	282894
7	576683	1006314	887483	375055
8	522163	1189882	715738	418931
9	604148	538720	799338	905052
10	360437	871234	1073467	542184
11	757737	832840	841145	415697
12	490735	828712	1037097	490851
13	627457	745916	913256	560972
14	493099	704613	923839	726125
15	543114	984328	771235	548975
16	522167	979153	843524	502886
17	490806	941757	919432	495666
18	500793	944495	914098	488266
19	519316	923468	911890	492940
20	517459	915238	905528	508977
21	514187	907696	909496	514717
22	521180	899066	907822	516694
23	512631	902185	907039	522201
24	516189	910587	901333	514039
25	523628	896211	903845	516942
26	517686	902078	899827	519485
27	518648	910799	892521	516055
28	523141	902208	896023	516105
29	517491	905034	893919	521545
30	520094	908710	894435	515518
31	524921	899829	898480	516971
32	517147	904057	894077	525642
33	519086	907267	898390	518409
34	525287	900465	900108	518974
35	520858	899852	901514	524083
36	523735	908050	896611	518444
37	528472	896934	901715	520078
38	521708	899238	901312	525151
39	524189	909041	896082	518143
40	527837	898401	902598	518740
41	523692	900858	899654	523497
42	524972	905529	895600	521568
43	529350	896784	897423	524070
44	521138	900371	898136	527816
45	524341	904742	895579	522710
46	526800	897286	899912	522982
47	519882	898007	898553	529441
48	523117	901940	896106	523653
49	528103	895247	898587	521775
50	520521	898647	895932	527260
51	520029	903869	897436	520284
52	526155	894929	898187	521098
53	519596	896981	893924	528224
54	522672	902149	893152	519953
55	528059	892849	896183	520589
56	521331	894181	895255	527266
57	521389	901924	893630	521463
58	529339	891442	894659	524218
59	520446	893202	895822	530659
60	521083	904119	892209	523294
61	527371	892706	896452	524670
62	521843	895639	892941	532044
63	521121	900553	894810	527467
64	528679	894403	896299	526223
65	521807	897044	896347	531015
66	524415	900757	895472	525766
67	529531	892702	899147	525169
68	524109	894262	894112	534114
69	526190	899777	894183	526379
70	529441	896671	892969	527608
71	520769	895302	896982	532513
72	522753	900249	892805	528691
73	531156	891800	893600	526566
74	521322	895505	893209	530945
75	522833	897092	891785	526740
76	528118	889473	892163	526626
77	522737	888144	892623	530951
78	522942	896895	888630	525144
79	529178	885447	894326	525448
80	523388	889293	889723	534741
81	524583	897086	888254	528733
82	529320	888411	894759	526837
83	523503	890994	892038	534485
84	522068	899106	892336	529192
85	530048	888381	895388	529465
86	524647	891208	892980	534995
87	528495	897332	890438	527987
88	533038	888676	894838	528598
89	525427	889475	894472	536503
90	527931	897536	891105	529279
91	531754	889852	894978	529966
92	527343	891301	893321	534676
93	528033	895659	891644	531518
94	529874	888932	896079	532060
95	525759	892157	893653	535448
96	527882	897416	893950	527825
97	535476	887165	892173	531709
98	528478	888619	894190	535644
99	528747	896377	889304	532387
100	536330	886932	892404	530073
101	530312	890072	888345	535101
>>END_MODULE
>>Per base GC content	fail
#Base	%GC
1	56.90219774486871
2	30.658503508766984
3	32.93390655112085
4	32.1593794652545
5	18.84472734121822
6	32.044701631657375
7	33.446715643982586
8	33.058958504437044
9	53.0053827226054
10	31.700699815475737
11	41.210443563100476
12	34.47312367971426
13	41.734393266472374
14	42.814702234383404
15	38.350507716532775
16	35.99544198361502
17	34.64148295741663
18	34.73243921658967
19	35.547514515661184
20	36.050691169787044
21	36.15141583418128
22	36.48368475113208
23	36.38578143327698
24	36.24821789716792
25	36.63171427706428
26	36.53199139438325
27	36.458584021341615
28	36.62570656960391
29	36.61169934062465
30	36.48117820581332
31	36.68374174926352
32	36.70599308745784
33	36.49101419832637
34	36.70727360541951
35	36.71216773173098
36	36.608274437622065
37	36.82742231926886
38	36.76531892678572
39	36.605740916010966
40	36.75325961449317
41	36.77313734833819
42	36.7507600075711
43	36.99290672549459
44	36.83822184043961
45	36.77253973137335
46	36.87352914316222
47	36.871614187933936
48	36.79570137400802
49	36.91928015213918
50	36.863064495700755
51	36.60988211645619
52	36.87031508934226
53	36.91164167011598
54	36.73897769004547
55	36.954413464520314
56	36.948019984263745
57	36.74076224472468
58	37.101545326937256
59	37.0090583913618
60	36.764711576879684
61	37.028064560067776
62	37.076490245972956
63	36.870818097780166
64	37.071286096027414
65	36.99027444537707
66	36.89493080757867
67	37.05188282372796
68	37.17501985704334
69	36.97728004878925
70	37.1325775313004
71	37.01485047263005
72	36.96413215969918
73	37.20283547452413
74	37.0388608723536
75	36.976976871179694
76	37.18627264329885
77	37.174271597185346
78	36.987645798947
79	37.20809949481354
80	37.29555591977146
81	37.106151643594714
82	37.19744150638514
83	37.239723761184365
84	36.98101313468665
85	37.26373254569894
86	37.26108803972108
87	37.144458367261414
88	37.3138850324236
89	37.314683663419046
90	37.14916908861356
91	37.29848412991165
92	37.30779539815523
93	37.218311862849305
94	37.3008259731045
95	37.274347150017014
96	37.08043313255403
97	37.490826527661994
98	37.37786409294781
99	37.27442773766472
100	37.47367555492615
101	37.464018594641736
>>END_MODULE
>>Per sequence GC content	pass
#GC Content	Count
0	87.0
1	41.0
2	58.0
3	73.5
4	81.5
5	93.0
6	109.5
7	137.5
8	164.5
9	205.0
10	224.5
11	236.5
12	308.0
13	386.5
14	482.0
15	614.5
16	748.5
17	1039.0
18	1418.0
19	1986.5
20	2956.5
21	4283.5
22	6474.0
23	10245.0
24	15800.0
25	23761.0
26	34437.5
27	48233.0
28	65819.5
29	86170.0
30	107482.5
31	129652.5
32	151981.5
33	170736.0
34	184443.0
35	192734.5
36	194836.0
37	192217.0
38	183789.5
39	170284.5
40	153417.0
41	133682.5
42	114675.0
43	97074.5
44	80402.0
45	65265.0
46	52035.0
47	41313.5
48	32471.5
49	24724.5
50	18704.0
51	13869.5
52	10189.5
53	7400.5
54	5097.0
55	3739.5
56	2633.5
57	1857.0
58	1398.5
59	930.0
60	550.0
61	359.0
62	250.0
63	201.5
64	145.5
65	103.0
66	79.5
67	50.5
68	38.0
69	35.5
70	30.5
71	24.5
72	26.0
73	22.0
74	16.0
75	12.5
76	12.5
77	15.5
78	14.0
79	11.5
80	7.0
81	5.5
82	5.0
83	6.0
84	5.0
85	2.5
86	2.5
87	2.5
88	2.5
89	3.0
90	5.5
91	4.5
92	1.0
93	1.5
94	2.0
95	1.5
96	2.0
97	2.5
98	2.5
99	1.0
100	0.0
>>END_MODULE
>>Per base N content	pass
#Base	N-Count
1	0.3839748188365721
2	0.36445127066344596
3	0.36964818636420615
4	0.32512325995499053
5	0.25942441349470463
6	0.1313625786252964
7	0.08104379349563863
8	0.03964403936593415
9	0.02054186273611291
10	0.018294547838486882
11	0.014888461196772434
12	0.015731204283382195
13	0.008497659456648418
14	0.005864087310992917
15	0.006706830397602677
16	0.003967915366120955
17	0.006390801740124017
18	0.006706830397602677
19	0.00804117361806813
20	0.022508263271535683
21	0.06134467384613548
22	0.10818714374352799
23	0.1329778362079651
24	0.19997591159344108
25	0.25341986900261004
26	0.30784702667949043
27	0.34482237960449363
28	0.3639947848248657
29	0.34601626564385746
30	0.3190484868723451
31	0.2683434444946579
32	0.24299092330581426
33	0.16472115913693275
34	0.10565891448369871
35	0.05393555754302467
36	0.035219638161232907
37	0.022613606157361906
38	0.015239604149526503
39	0.013624346566857794
40	0.009375516838533585
41	0.004986229929107749
42	0.006109887377920763
43	0.007584687779487845
44	0.013413660795205354
45	0.016538833074716548
46	0.03030363682267597
47	0.06882401873979711
48	0.10629097179865603
49	0.145057153782705
50	0.19253168099505485
51	0.21858648808940662
52	0.2624442428883896
53	0.32017214432115815
54	0.34822846624620807
55	0.35686658288395817
56	0.34447123665173957
57	0.3313736045140129
58	0.2874105068292037
59	0.2708716737544872
60	0.2506458396758529
61	0.23329937780980203
62	0.18877445140058635
63	0.13666483721188283
64	0.07862090712163557
65	0.0572363012989129
66	0.05031878512965778
67	0.04543789808637625
68	0.04375241191315673
69	0.04614018399188438
70	0.040521896747819315
71	0.07995525034210102
72	0.11745731769623535
73	0.16577458799519496
74	0.24095429417984068
75	0.329828575521895
76	0.4025151667419868
77	0.4701101851471447
78	0.49974665035958793
79	0.4720765856825675
80	0.3756527308563007
81	0.3225950306951612
82	0.2990333385653633
83	0.23958483666409983
84	0.18052259201086576
85	0.16015630075112988
86	0.14091366694020702
87	0.1260954343339854
88	0.09456279717667021
89	0.06903470451144954
90	0.06994767618861011
91	0.04540278379110085
92	0.04220738292103884
93	0.03472803802737721
94	0.031532637157315205
95	0.02900440789748592
96	0.027038007362063146
97	0.04635086976353683
98	0.0320242372911709
99	0.03609749554311807
100	0.07388047725945567
101	0.14091366694020702
>>END_MODULE
>>Sequence Length Distribution	pass
#Length	Count
101	2847843.0
>>END_MODULE
>>Sequence Duplication Levels	warn
#Total Duplicate Percentage	38.78294417798711
#Duplication Level	Relative count
1	100.0
2	30.322696671384225
3	12.315956556755362
4	5.486703520967073
5	2.733577812355834
6	1.4426347436488884
7	0.8124105683746315
8	0.5254474513452863
9	0.39017600925788365
10++	2.353566709150761
>>END_MODULE
>>Overrepresented sequences	pass
>>END_MODULE
>>Kmer Content	warn
#Sequence	Count	Obs/Exp Overall	Obs/Exp Max	Max Obs/Exp Position
ACACC	203425	1.1984687	5.395636	6
GTCTT	332180	1.1337614	5.511199	1
ATACC	324410	1.1142447	5.653218	6
GTATT	500395	0.9988651	7.3806686	1
AATAC	487810	0.9799023	5.7563653	5
ATACA	468535	0.9411831	5.0987697	6
ATATA	793055	0.9287511	5.2924685	1
TATTA	734965	0.8579875	5.9452705	2
ATACT	428130	0.8572865	5.752497	6
TATAC	409930	0.8208429	6.4445267	5
GTATA	375995	0.75293535	7.8626842	1
TATAA	623835	0.73057663	5.0226455	2
>>END_MODULE
