##FastQC	0.8.0
>>Basic Statistics	pass
#Measure	Value	
Filename	8_140619_BC47HDACXX_P1260_1010_1.fastq.gz	
File type	Conventional base calls	
Total Sequences	1909206	
Sequence length	101	
%GC	37	
>>END_MODULE
>>Per base sequence quality	pass
#Base	Mean	Median	Lower Quartile	Upper Quartile	10th Percentile	90th Percentile
1	32.71378782593392	33.0	33.0	33.0	33.0	33.0
2	32.77294540243431	33.0	33.0	33.0	33.0	33.0
3	32.768496956326345	33.0	33.0	33.0	33.0	33.0
4	36.722994794694756	37.0	37.0	37.0	37.0	37.0
5	36.63438518420747	37.0	37.0	37.0	37.0	37.0
6	36.61351629944595	37.0	37.0	37.0	37.0	37.0
7	36.58199534256649	37.0	37.0	37.0	37.0	37.0
8	36.57446289190376	37.0	37.0	37.0	37.0	37.0
9	36.539539473477454	37.0	37.0	37.0	37.0	37.0
10	36.547137396383626	37.0	37.0	37.0	37.0	37.0
11	36.56758516367537	37.0	37.0	37.0	37.0	37.0
12	36.53419012929982	37.0	37.0	37.0	37.0	37.0
13	36.540201005025125	37.0	37.0	37.0	37.0	37.0
14	38.65418241928844	40.0	37.0	40.0	37.0	40.0
15	38.6667022835671	40.0	37.0	40.0	37.0	40.0
16	38.654462116712395	40.0	37.0	40.0	37.0	40.0
17	38.646950617167555	40.0	37.0	40.0	37.0	40.0
18	38.64651902413883	40.0	37.0	40.0	37.0	40.0
19	38.686968299911065	40.0	37.0	40.0	37.0	40.0
20	38.66293789145854	40.0	37.0	40.0	37.0	40.0
21	38.63692079325123	40.0	37.0	40.0	37.0	40.0
22	38.602012040607455	40.0	37.0	40.0	37.0	40.0
23	38.57891395690145	40.0	37.0	40.0	37.0	40.0
24	38.573976302190545	40.0	37.0	40.0	37.0	40.0
25	38.532268388010515	40.0	37.0	40.0	37.0	40.0
26	38.485284982343444	40.0	37.0	40.0	37.0	40.0
27	38.4588671940063	40.0	37.0	40.0	37.0	40.0
28	38.453887113281645	40.0	37.0	40.0	37.0	40.0
29	38.42994365196841	40.0	37.0	40.0	37.0	40.0
30	38.4168837726259	40.0	37.0	40.0	37.0	40.0
31	38.392288731545996	40.0	37.0	40.0	37.0	40.0
32	38.37556031145932	40.0	37.0	40.0	37.0	40.0
33	38.34009321152353	40.0	37.0	40.0	37.0	40.0
34	38.32796513314959	40.0	37.0	40.0	37.0	40.0
35	38.30173328598381	40.0	37.0	40.0	37.0	40.0
36	38.25065288921154	40.0	37.0	40.0	37.0	40.0
37	38.34714692914227	40.0	37.0	40.0	37.0	40.0
38	38.35954370560327	40.0	37.0	40.0	37.0	40.0
39	38.35258688690482	40.0	37.0	40.0	37.0	40.0
40	38.32661378604509	40.0	37.0	40.0	37.0	40.0
41	38.31577891542348	40.0	37.0	40.0	37.0	40.0
42	38.312422546336016	40.0	37.0	40.0	37.0	40.0
43	38.271626005784604	40.0	37.0	40.0	37.0	40.0
44	38.247096436948134	40.0	37.0	40.0	37.0	40.0
45	38.23902397122154	40.0	37.0	40.0	37.0	40.0
46	38.199964278343984	40.0	37.0	40.0	37.0	40.0
47	38.173512968218205	40.0	37.0	40.0	37.0	40.0
48	38.1428012482676	40.0	37.0	40.0	37.0	40.0
49	38.11297785571594	40.0	37.0	40.0	37.0	40.0
50	38.15712500379739	40.0	37.0	40.0	37.0	40.0
51	38.160420090864996	40.0	37.0	40.0	37.0	40.0
52	38.131673585773356	40.0	37.0	40.0	37.0	40.0
53	38.09988235947299	40.0	37.0	40.0	37.0	40.0
54	38.047499850723284	40.0	37.0	40.0	37.0	40.0
55	37.99990414863561	40.0	37.0	40.0	33.0	40.0
56	37.93525999813535	40.0	37.0	40.0	33.0	40.0
57	37.87631769437138	40.0	37.0	40.0	33.0	40.0
58	37.80434065260637	40.0	37.0	40.0	33.0	40.0
59	37.74689321110451	40.0	37.0	40.0	33.0	40.0
60	37.67380890275853	40.0	37.0	40.0	33.0	40.0
61	37.621437917123664	40.0	37.0	40.0	33.0	40.0
62	37.514140433248166	40.0	37.0	40.0	33.0	40.0
63	37.420584787602806	40.0	37.0	40.0	33.0	40.0
64	37.32914939508885	37.0	37.0	40.0	33.0	40.0
65	37.224914964650225	37.0	37.0	40.0	33.0	40.0
66	37.134057299212344	37.0	37.0	40.0	33.0	40.0
67	37.02244336127165	37.0	37.0	40.0	33.0	40.0
68	36.910446541651346	37.0	37.0	40.0	33.0	40.0
69	36.76096450566361	37.0	37.0	40.0	33.0	40.0
70	36.652171635748054	37.0	37.0	40.0	33.0	40.0
71	36.533249424106145	37.0	37.0	40.0	33.0	40.0
72	36.384836418909224	37.0	37.0	40.0	33.0	40.0
73	36.252544775157844	37.0	37.0	37.0	33.0	40.0
74	36.07137260201361	37.0	37.0	37.0	33.0	40.0
75	35.93118919592752	37.0	37.0	37.0	33.0	40.0
76	34.34263353456882	37.0	33.0	37.0	27.0	37.0
77	34.96077479329103	37.0	33.0	37.0	33.0	37.0
78	35.36656180632158	37.0	33.0	37.0	33.0	37.0
79	35.48518755964521	37.0	33.0	37.0	33.0	37.0
80	35.450109626724405	37.0	33.0	37.0	33.0	37.0
81	35.36915241204983	37.0	33.0	37.0	33.0	37.0
82	35.26522753437816	37.0	33.0	37.0	33.0	37.0
83	35.17171588608039	37.0	33.0	37.0	33.0	37.0
84	35.091672663924165	37.0	33.0	37.0	33.0	37.0
85	34.99989786330024	37.0	33.0	37.0	33.0	37.0
86	34.9143874469282	37.0	33.0	37.0	33.0	37.0
87	34.82572336353437	37.0	33.0	37.0	33.0	37.0
88	34.73036382663788	37.0	33.0	37.0	33.0	37.0
89	34.66654515018285	37.0	33.0	37.0	33.0	37.0
90	34.601753818079345	37.0	33.0	37.0	33.0	37.0
91	34.50549757333677	37.0	33.0	37.0	33.0	37.0
92	34.44389657271138	37.0	33.0	37.0	33.0	37.0
93	34.40480335804518	37.0	33.0	37.0	33.0	37.0
94	34.340304817814314	37.0	33.0	37.0	33.0	37.0
95	34.265871781253566	37.0	33.0	37.0	33.0	37.0
96	34.186122922303824	37.0	33.0	37.0	33.0	37.0
97	34.08647835801899	37.0	33.0	37.0	33.0	37.0
98	34.00093389608036	37.0	33.0	37.0	33.0	37.0
99	33.91643227603517	37.0	33.0	37.0	33.0	37.0
100	33.832069980924004	37.0	33.0	37.0	33.0	37.0
101	32.835125177691665	33.0	33.0	37.0	27.0	37.0
>>END_MODULE
>>Per sequence quality scores	pass
#Quality	Count
5	1.0
6	3.0
7	11.0
8	38.0
9	71.0
10	139.0
11	163.0
12	275.0
13	319.0
14	390.0
15	490.0
16	589.0
17	791.0
18	868.0
19	1064.0
20	1234.0
21	1444.0
22	1817.0
23	2392.0
24	3116.0
25	4134.0
26	5780.0
27	7925.0
28	10824.0
29	14692.0
30	19799.0
31	27289.0
32	37776.0
33	53080.0
34	76233.0
35	115858.0
36	207398.0
37	564414.0
38	747208.0
39	1581.0
>>END_MODULE
>>Per base sequence content	fail
#Base	G	A	T	C
1	640400	544881	299872	423288
2	225369	460292	861875	361670
3	241294	636557	649205	381986
4	193945	408177	882360	424597
5	187161	768443	765503	188099
6	423755	879050	410909	195485
7	388217	673766	589429	257794
8	353249	790763	478616	286575
9	404808	359852	531369	613177
10	244668	581753	715627	367158
11	507208	556772	563557	281669
12	329571	554159	691484	333992
13	421625	500279	609255	378047
14	330715	474453	616658	487380
15	364523	657765	517072	369846
16	349743	656797	563224	339439
17	329805	631760	613472	334169
18	336004	632322	611865	329015
19	347349	619399	609600	332858
20	347746	611544	606946	342970
21	345811	606520	609787	347088
22	349635	601485	608904	349182
23	345251	603448	608648	351851
24	347597	610178	604173	347255
25	351704	603455	605034	349005
26	348344	605964	603032	351866
27	348603	612717	599626	348250
28	354023	605581	602023	347557
29	350211	606062	600589	352330
30	350049	609961	601585	347589
31	353738	603830	603384	348235
32	349020	605140	602876	352151
33	348834	608369	601371	350564
34	352815	603360	604437	348547
35	351061	602718	602827	352591
36	351363	605893	602276	349674
37	354701	601475	603224	349806
38	350448	602983	602443	353329
39	350257	607080	600548	351303
40	353729	601724	604220	349533
41	350321	602011	602868	354006
42	352018	604926	602563	349699
43	355532	599608	603100	350964
44	350536	600067	601878	356725
45	350380	605835	600150	352841
46	354213	598905	604195	351893
47	350545	599794	603897	354965
48	350947	603402	602210	352647
49	353210	597918	605023	353055
50	348959	600589	603181	356474
51	349179	604281	601981	353765
52	353562	599340	604319	351985
53	349553	598637	601916	359100
54	350183	603069	602309	353645
55	353625	600185	603477	351919
56	351786	597482	601619	358319
57	349366	603827	602046	353967
58	353858	599141	601288	354919
59	348568	599114	601907	359617
60	352681	603101	599202	354222
61	354609	598053	602731	353813
62	351020	599109	599519	359558
63	350701	602359	600485	355661
64	352412	598262	603046	355486
65	350057	599260	599757	360130
66	351706	601505	599615	356270
67	355096	597691	601626	354717
68	351166	599155	598630	360146
69	353728	601715	596500	357113
70	354531	598845	600007	355804
71	349517	599102	598366	362176
72	351025	601569	598607	357914
73	354550	595674	600600	358356
74	351274	597788	597630	362410
75	351559	602360	598230	357012
76	353298	597120	599580	359189
77	350792	598703	596671	363040
78	352510	600524	597102	358985
79	354694	596533	599123	358840
80	352255	597248	596157	363443
81	351047	602096	595745	360275
82	354237	596936	597974	359962
83	350692	596310	599190	363011
84	350156	600879	599113	359001
85	354780	594341	598495	361378
86	352134	595371	597703	363936
87	352461	599971	596509	360076
88	355138	594328	599469	359792
89	350477	594152	597844	366120
90	351356	599136	596996	361092
91	355308	594543	598188	360266
92	352951	593353	596624	365629
93	351200	596009	597838	363743
94	353466	593433	599741	361923
95	350289	594835	598954	364351
96	353371	597784	597171	360377
97	355012	592868	599045	361670
98	351976	594294	596751	365741
99	352118	598865	594593	363043
100	356637	592918	597890	361308
101	353773	592275	597458	365473
>>END_MODULE
>>Per base GC content	fail
#Base	%GC
1	55.73596459099338
2	30.74780825117876
3	32.648836432095266
4	32.40002116203677
5	19.655291257203256
6	32.43454453935918
7	33.83663156306863
8	33.51262280647998
9	53.319809386729354
10	32.04609664960198
11	41.31963758756258
12	34.755966616488735
13	41.885055881869214
14	42.850011994515
15	38.464628751428606
16	36.097890061978745
17	34.77749389013024
18	34.83222868564209
19	35.6277426322775
20	36.17818087728616
21	36.292521603221445
22	36.60249339254119
23	36.512818471420985
24	36.394872624859694
25	36.70174596872614
26	36.67545566062541
27	36.49981458163541
28	36.74763668666824
29	36.79781813458259
30	36.54116104052831
31	36.76816362147867
32	36.726156212042085
33	36.634229689001
34	36.736699248203
35	36.855913768982454
36	36.718772096882155
37	36.90052304465836
38	36.86234517754267
39	36.74651212976407
40	36.83531269019687
41	36.891095041603684
42	36.75438899731092
43	37.00474124294732
44	37.044771491394854
45	36.833165200612186
46	36.984275138460696
47	36.95315474902852
48	36.852702118053266
49	36.99260320782567
50	36.94908294193965
51	36.818656551466944
52	36.954995951196466
53	37.11768138168433
54	36.86495852202434
55	36.95483881781222
56	37.193733939658685
57	36.839031513623986
58	37.1241762282331
59	37.093168573742176
60	37.026020240875
61	37.10558211109749
62	37.218508636574576
63	36.997683853916236
64	37.07813614664944
65	37.198067885883326
66	37.08435825123514
67	37.17991964926433
68	37.25908112578879
69	37.23520944382983
70	37.20615109991845
71	37.27778851547879
72	37.13443139884187
73	37.340952660304424
74	37.3832304402803
75	37.11426118593455
76	37.318869235962744
77	37.388945980685165
78	37.268198296493516
79	37.37365060575427
80	37.48870542867514
81	37.25831686451078
82	37.41006930458135
83	37.38224798515402
84	37.14518877258926
85	37.514942425172634
86	37.507385508898224
87	37.3248116700899
88	37.45585408494772
89	37.545825642240125
90	37.32869463161094
91	37.49788424806307
92	37.650434333373326
93	37.45529890663719
94	37.483122118578216
95	37.446507048467616
96	37.39439818557418
97	37.55023983610981
98	37.601178145834844
99	37.47007653177507
100	37.613300411315656
101	37.67699906599287
>>END_MODULE
>>Per sequence GC content	pass
#GC Content	Count
0	0.0
1	0.0
2	0.0
3	0.5
4	0.5
5	0.0
6	1.0
7	2.0
8	2.5
9	12.0
10	23.0
11	31.5
12	46.0
13	80.0
14	140.0
15	202.5
16	306.5
17	463.5
18	730.5
19	1185.5
20	1853.0
21	2822.0
22	4234.0
23	6509.0
24	10323.5
25	16088.0
26	23856.5
27	33697.5
28	45479.0
29	58208.5
30	72081.5
31	86430.0
32	100022.0
33	112359.0
34	121103.5
35	126123.5
36	127288.5
37	125285.0
38	120446.5
39	111857.5
40	101309.5
41	89231.5
42	77236.5
43	65962.0
44	54820.0
45	44932.0
46	36832.0
47	29915.5
48	23748.5
49	18411.0
50	14084.0
51	10654.5
52	8045.0
53	6042.5
54	4486.0
55	3426.5
56	2546.5
57	2036.5
58	1627.5
59	1168.0
60	867.5
61	755.5
62	599.5
63	390.0
64	268.5
65	183.0
66	107.0
67	88.0
68	64.5
69	38.0
70	14.5
71	5.0
72	4.5
73	4.0
74	2.5
75	1.5
76	1.0
77	0.5
78	0.0
79	0.0
80	0.0
81	0.0
82	0.0
83	0.0
84	0.0
85	0.0
86	0.0
87	0.0
88	0.0
89	0.0
90	0.0
91	0.0
92	0.0
93	0.0
94	0.0
95	0.0
96	0.0
97	0.0
98	0.0
99	0.0
100	0.0
>>END_MODULE
>>Per base N content	pass
#Base	N-Count
1	0.04006901298236021
2	0.0
3	0.008589958338702058
4	0.006651979933019277
5	0.0
6	3.6664456323728294E-4
7	0.0
8	1.5713338424454984E-4
9	0.0
10	0.0
11	0.0
12	0.0
13	0.0
14	0.0
15	0.0
16	1.5713338424454984E-4
17	0.0
18	0.0
19	0.0
20	0.0
21	0.0
22	0.0
23	4.1902235798546626E-4
24	1.5713338424454984E-4
25	4.1902235798546626E-4
26	0.0
27	5.237779474818328E-4
28	0.001152311484460032
29	7.332891264745659E-4
30	0.001152311484460032
31	9.951781002154824E-4
32	9.951781002154824E-4
33	0.003561690042876463
34	0.002461756353164614
35	4.7140015273364953E-4
36	0.0
37	0.0
38	1.5713338424454984E-4
39	9.428003054672991E-4
40	0.0
41	0.0
42	0.0
43	1.0475558949636657E-4
44	0.0
45	0.0
46	0.0
47	2.618889737409164E-4
48	0.0
49	0.0
50	1.5713338424454984E-4
51	0.0
52	0.0
53	0.0
54	0.0
55	0.0
56	0.0
57	0.0
58	0.0
59	0.0
60	0.0
61	0.0
62	0.0
63	0.0
64	0.0
65	1.0475558949636657E-4
66	0.005761557422300161
67	0.0039807124008619296
68	0.005709179627551977
69	0.007856669212227491
70	9.951781002154824E-4
71	0.0023570007636682473
72	0.004766379322084678
73	0.0013618226634527651
74	0.0054472906538110604
75	0.0023570007636682473
76	9.951781002154824E-4
77	0.0
78	0.0044521125535955785
79	8.380447159709325E-4
80	0.005394912859062877
81	0.002252245174171881
82	0.005080646090573778
83	1.5713338424454984E-4
84	0.0029855343006464467
85	0.011104092486614854
86	0.0032474232743873632
87	0.00989940320740664
88	0.025088963684379788
89	0.032107588180636346
90	0.03278849951236273
91	0.04719239306811313
92	0.03399318879157095
93	0.021789162615244242
94	0.03367892202308185
95	0.04069754651933841
96	0.026346030758336185
97	0.032002832591139986
98	0.023255740868193375
99	0.030745765517183582
100	0.023727141020927024
101	0.011889759407837604
>>END_MODULE
>>Sequence Length Distribution	pass
#Length	Count
101	1909206.0
>>END_MODULE
>>Sequence Duplication Levels	warn
#Total Duplicate Percentage	32.01962207913794
#Duplication Level	Relative count
1	100.0
2	25.116462082194477
3	7.974929911959585
4	3.052255113440743
5	1.2970678958129862
6	0.6738288797858363
7	0.42158219798905294
8	0.2922969906057434
9	0.22484383892749488
10++	1.4741324189683884
>>END_MODULE
>>Overrepresented sequences	pass
>>END_MODULE
>>Kmer Content	warn
#Sequence	Count	Obs/Exp Overall	Obs/Exp Max	Max Obs/Exp Position
ATACC	211875	1.0708237	5.455938	6
GTATT	328255	0.9845404	6.3431993	1
AATAC	321385	0.9607102	5.463934	5
ATATA	538260	0.94787896	5.2669625	1
TATAC	291410	0.8676343	6.4125395	5
ATACT	281330	0.83762246	5.56649	6
TATTA	476375	0.8355554	5.3629956	2
GTATA	254695	0.7669677	7.308117	1
>>END_MODULE
