##FastQC	0.8.0
>>Basic Statistics	pass
#Measure	Value	
Filename	8_140619_BC47HDACXX_P1260_1009_1.fastq.gz	
File type	Conventional base calls	
Total Sequences	2894462	
Sequence length	101	
%GC	37	
>>END_MODULE
>>Per base sequence quality	pass
#Base	Mean	Median	Lower Quartile	Upper Quartile	10th Percentile	90th Percentile
1	32.689924068790674	33.0	33.0	33.0	33.0	33.0
2	32.757574291871855	33.0	33.0	33.0	33.0	33.0
3	32.75244207731868	33.0	33.0	33.0	33.0	33.0
4	36.70042653867973	37.0	37.0	37.0	37.0	37.0
5	36.606812595915926	37.0	37.0	37.0	37.0	37.0
6	36.586203584638525	37.0	37.0	37.0	37.0	37.0
7	36.55413199413224	37.0	37.0	37.0	37.0	37.0
8	36.54394219029305	37.0	37.0	37.0	37.0	37.0
9	36.50498261853153	37.0	37.0	37.0	37.0	37.0
10	36.508842403182356	37.0	37.0	37.0	37.0	37.0
11	36.534157297625605	37.0	37.0	37.0	37.0	37.0
12	36.499482114465486	37.0	37.0	37.0	37.0	37.0
13	36.50563455315703	37.0	37.0	37.0	37.0	37.0
14	38.57444388629044	40.0	37.0	40.0	37.0	40.0
15	38.58796487913816	40.0	37.0	40.0	37.0	40.0
16	38.56809037396241	40.0	37.0	40.0	37.0	40.0
17	38.55715846329991	40.0	37.0	40.0	37.0	40.0
18	38.55882233036744	40.0	37.0	40.0	37.0	40.0
19	38.59544675314445	40.0	37.0	40.0	37.0	40.0
20	38.576592817594424	40.0	37.0	40.0	37.0	40.0
21	38.54612670679387	40.0	37.0	40.0	37.0	40.0
22	38.50776275522014	40.0	37.0	40.0	37.0	40.0
23	38.48452389425047	40.0	37.0	40.0	37.0	40.0
24	38.47415409150302	40.0	37.0	40.0	37.0	40.0
25	38.4355983944512	40.0	37.0	40.0	37.0	40.0
26	38.387474079811724	40.0	37.0	40.0	37.0	40.0
27	38.35213797935506	40.0	37.0	40.0	37.0	40.0
28	38.34591920709272	40.0	37.0	40.0	37.0	40.0
29	38.317316655046774	40.0	37.0	40.0	37.0	40.0
30	38.30305942866066	40.0	37.0	40.0	37.0	40.0
31	38.2732214138586	40.0	37.0	40.0	37.0	40.0
32	38.2566255836145	40.0	37.0	40.0	37.0	40.0
33	38.22181427843931	40.0	37.0	40.0	37.0	40.0
34	38.20615817378152	40.0	37.0	40.0	37.0	40.0
35	38.17676652863295	40.0	37.0	40.0	37.0	40.0
36	38.12824490354339	40.0	37.0	40.0	37.0	40.0
37	38.225087771060736	40.0	37.0	40.0	37.0	40.0
38	38.243099062969215	40.0	37.0	40.0	37.0	40.0
39	38.23177156929336	40.0	37.0	40.0	37.0	40.0
40	38.20507057961031	40.0	37.0	40.0	37.0	40.0
41	38.19051312471886	40.0	37.0	40.0	37.0	40.0
42	38.183886677385985	40.0	37.0	40.0	37.0	40.0
43	38.13896641241101	40.0	37.0	40.0	37.0	40.0
44	38.10549145229753	40.0	37.0	40.0	37.0	40.0
45	38.09186819519483	40.0	37.0	40.0	37.0	40.0
46	38.049930177006985	40.0	37.0	40.0	37.0	40.0
47	38.02682847451443	40.0	37.0	40.0	33.0	40.0
48	37.986000507175426	40.0	37.0	40.0	33.0	40.0
49	37.95263161167775	40.0	37.0	40.0	33.0	40.0
50	37.999209524947986	40.0	37.0	40.0	33.0	40.0
51	37.99635199909344	40.0	37.0	40.0	33.0	40.0
52	37.96563402801626	40.0	37.0	40.0	33.0	40.0
53	37.93161941666534	40.0	37.0	40.0	33.0	40.0
54	37.8736970808392	40.0	37.0	40.0	33.0	40.0
55	37.81714114747404	40.0	37.0	40.0	33.0	40.0
56	37.75035775214876	40.0	37.0	40.0	33.0	40.0
57	37.681000476081564	40.0	37.0	40.0	33.0	40.0
58	37.60429088376355	40.0	37.0	40.0	33.0	40.0
59	37.53859784650826	40.0	37.0	40.0	33.0	40.0
60	37.456066446890645	40.0	37.0	40.0	33.0	40.0
61	37.401082480958465	40.0	37.0	40.0	33.0	40.0
62	37.28018851171651	37.0	37.0	40.0	33.0	40.0
63	37.18089855731393	37.0	37.0	40.0	33.0	40.0
64	37.08349496383093	37.0	37.0	40.0	33.0	40.0
65	36.97314768685856	37.0	37.0	40.0	33.0	40.0
66	36.87514363636489	37.0	37.0	40.0	33.0	40.0
67	36.75894656761775	37.0	37.0	40.0	33.0	40.0
68	36.6429889216027	37.0	37.0	40.0	33.0	40.0
69	36.492980388065206	37.0	37.0	40.0	33.0	40.0
70	36.38056260541683	37.0	37.0	40.0	33.0	40.0
71	36.255456108941836	37.0	37.0	40.0	33.0	40.0
72	36.11312672268629	37.0	37.0	37.0	33.0	40.0
73	35.98018871900892	37.0	37.0	37.0	33.0	40.0
74	35.801341320079516	37.0	37.0	37.0	33.0	40.0
75	35.66120474202114	37.0	37.0	37.0	33.0	40.0
76	34.07107607562303	37.0	33.0	37.0	27.0	37.0
77	34.70063521303786	37.0	33.0	37.0	33.0	37.0
78	35.12485636363511	37.0	33.0	37.0	33.0	37.0
79	35.2615221757964	37.0	33.0	37.0	33.0	37.0
80	35.23631092755752	37.0	33.0	37.0	33.0	37.0
81	35.16061015829539	37.0	33.0	37.0	33.0	37.0
82	35.06358245504691	37.0	33.0	37.0	33.0	37.0
83	34.96996436643494	37.0	33.0	37.0	33.0	37.0
84	34.8973370526198	37.0	33.0	37.0	33.0	37.0
85	34.80830910891212	37.0	33.0	37.0	33.0	37.0
86	34.72386405487445	37.0	33.0	37.0	33.0	37.0
87	34.63235309359736	37.0	33.0	37.0	33.0	37.0
88	34.53064230934799	37.0	33.0	37.0	33.0	37.0
89	34.46569517927684	37.0	33.0	37.0	33.0	37.0
90	34.40165979031682	37.0	33.0	37.0	33.0	37.0
91	34.31011773517842	37.0	33.0	37.0	33.0	37.0
92	34.2385521039834	37.0	33.0	37.0	33.0	37.0
93	34.19527048549955	37.0	33.0	37.0	33.0	37.0
94	34.130691990428616	37.0	33.0	37.0	33.0	37.0
95	34.057512242344174	37.0	33.0	37.0	33.0	37.0
96	33.97308688108533	37.0	33.0	37.0	33.0	37.0
97	33.86807185584057	37.0	33.0	37.0	27.0	37.0
98	33.76979383388001	37.0	33.0	37.0	27.0	37.0
99	33.686822628868505	37.0	33.0	37.0	27.0	37.0
100	33.59353275323704	37.0	33.0	37.0	27.0	37.0
101	32.581386800034	33.0	33.0	37.0	27.0	37.0
>>END_MODULE
>>Per sequence quality scores	pass
#Quality	Count
5	2.0
6	5.0
7	22.0
8	50.0
9	133.0
10	231.0
11	343.0
12	435.0
13	598.0
14	730.0
15	930.0
16	1116.0
17	1337.0
18	1558.0
19	1845.0
20	2257.0
21	2582.0
22	3140.0
23	4123.0
24	5248.0
25	7344.0
26	9847.0
27	13575.0
28	18203.0
29	24967.0
30	33545.0
31	45062.0
32	62110.0
33	86153.0
34	124452.0
35	189724.0
36	344288.0
37	914792.0
38	991868.0
39	1847.0
>>END_MODULE
>>Per base sequence content	fail
#Base	G	A	T	C
1	950901	836210	466434	639810
2	340291	691694	1310188	552289
3	363807	964956	979998	585428
4	294313	616622	1336577	646767
5	283529	1166511	1162766	281656
6	642519	1336744	614845	300350
7	589816	1012110	899866	392670
8	535626	1201076	719244	438516
9	616161	537429	805170	935702
10	375281	875922	1077931	565328
11	777488	843586	843922	429466
12	502413	835402	1044329	512318
13	641049	755345	917429	580639
14	504784	711675	930314	747689
15	559681	989072	777651	568058
16	533210	990795	849428	521026
17	504289	949299	927277	513597
18	514388	953210	920730	506134
19	533503	930682	919226	511051
20	532711	923076	912066	526609
21	527340	914774	918535	533813
22	533800	907105	919460	534097
23	530116	911997	912972	539367
24	528739	920925	910226	534565
25	537573	908750	914126	533997
26	534814	910423	910155	539065
27	535513	920657	904413	533858
28	540543	912878	907558	533444
29	535044	913473	905206	540714
30	537088	916430	907680	533233
31	541348	910829	906699	535549
32	535411	912039	907345	539627
33	536357	911971	907795	538231
34	539407	908718	909726	536534
35	535649	908471	910240	540083
36	536740	912443	907038	538241
37	543167	906415	909525	535355
38	536380	907724	908263	542094
39	540189	913144	903055	538054
40	542123	906541	909648	536150
41	537434	908383	906899	541746
42	538569	912646	905980	537267
43	544781	904260	907176	538245
44	538805	905873	905115	544669
45	539408	911698	903573	539783
46	543592	903838	908822	538210
47	538312	906306	906412	543428
48	539536	908915	904575	541436
49	542883	904591	907637	539351
50	538424	903665	905328	547043
51	536080	909549	907514	541319
52	543549	901509	908775	540629
53	537262	904640	905569	546991
54	537863	910920	904547	541132
55	544413	903176	907405	539468
56	538397	904392	905144	546529
57	539763	909027	903633	542039
58	546807	899946	904289	543420
59	537455	903317	906538	547152
60	538493	910412	903004	542553
61	543385	899991	909882	541204
62	537162	902741	905478	549081
63	537663	907107	903463	546229
64	541685	901348	906045	545384
65	536911	904572	905042	547937
66	539472	906735	903682	544420
67	543814	900219	905217	545122
68	539842	902777	901535	550151
69	544301	906441	899517	543994
70	544988	903094	902314	544047
71	535625	902415	905056	551304
72	537856	907233	903771	545488
73	545257	897784	905320	546063
74	538474	900961	902720	552145
75	540361	905581	903435	545029
76	543986	899892	902876	547678
77	540637	899933	900188	553704
78	539511	905855	901660	547299
79	545081	899538	904075	545756
80	540147	900092	899452	554639
81	540139	905512	900061	548694
82	543470	899221	903735	547902
83	538664	900303	902759	552734
84	536537	909325	899913	548607
85	542960	897508	903753	549924
86	538193	900957	901563	553663
87	540358	903916	901265	548648
88	546782	896411	902033	548509
89	538058	899616	901953	553917
90	539768	901848	899907	552005
91	545109	895732	902510	549783
92	541363	898008	899093	555024
93	539872	903167	900671	550133
94	541917	898148	902541	550901
95	536789	898443	902620	555448
96	541536	902846	900736	548580
97	545418	895398	901677	551052
98	542710	898925	897649	554503
99	542027	902431	896418	552678
100	546517	896867	899719	550691
101	540429	898388	899555	555742
>>END_MODULE
>>Per base GC content	fail
#Base	%GC
1	54.97807908120503
2	30.83750969955729
3	32.79796170878958
4	32.515179082597086
5	19.52642667272882
6	32.574976040419315
7	33.94364824965745
8	33.65537360656315
9	53.61490321862923
10	32.49685088282382
11	41.69873365067498
12	35.057672202986254
13	42.20777470908238
14	43.27135750961664
15	38.96195562422309
16	36.422557721494755
17	35.16667346125117
18	35.25774392615968
19	36.08801912065178
20	36.59816573857248
21	36.66149356944399
22	36.89449023687303
23	36.949412185795445
24	36.73589674049174
25	37.02159238762789
26	37.101224858410404
27	36.945683121542295
28	37.1053919900443
29	37.16639885407766
30	36.97863241514481
31	37.20590445425257
32	37.141716031732756
33	37.1270411290395
34	37.17338916557404
35	37.165423537447445
36	37.13923347413095
37	37.261570544025105
38	37.259925077587845
39	37.252188850217074
40	37.2529679090622
41	37.284303611517444
42	37.168772642377064
43	37.417178045522796
44	37.43265587870906
45	37.28468364760014
46	37.37489039413887
47	37.3728000199001
48	37.34621494426252
49	37.389815447568495
50	37.5015374197605
51	37.22277231485506
52	37.45697818800178
53	37.459569343111085
54	37.27791209558115
55	37.44671721376891
56	37.48282064162528
57	37.37489039413887
58	37.665963484751224
59	37.471799595227026
60	37.348771550637046
61	37.47117771800079
62	37.52832132534474
63	37.447097249851616
64	37.55685858028193
65	37.4801258403116
66	37.449076791731635
67	37.62253089789426
68	37.65992181197213
69	37.601930446301694
70	37.62502837333469
71	37.552826147042566
72	37.429638730380724
73	37.70422025245783
74	37.681615589261654
75	37.49957676981045
76	37.71600092867962
77	37.808096979680506
78	37.54968775103003
79	37.68719445835996
80	37.825196159387495
81	37.618530365125004
82	37.7072674555199
83	37.706446107391365
84	37.49138848983997
85	37.76189513656019
86	37.72336420700006
87	37.62735441766548
88	37.85042514259253
89	37.73832366122651
90	37.731551241252895
91	37.84449666002335
92	37.8915343695913
93	37.66634886550514
94	37.76794042661725
95	37.750561642415235
96	37.67207220656751
97	37.893656397256656
98	37.916163145386996
99	37.83254088225069
100	37.91589864378736
101	37.8758749655335
>>END_MODULE
>>Per sequence GC content	pass
#GC Content	Count
0	0.0
1	0.0
2	0.0
3	1.0
4	1.0
5	1.5
6	3.0
7	2.5
8	5.5
9	16.0
10	31.5
11	63.0
12	90.0
13	114.5
14	181.0
15	291.0
16	432.5
17	599.0
18	972.0
19	1628.5
20	2569.5
21	4107.5
22	6485.0
23	10189.5
24	16120.5
25	24441.0
26	35057.5
27	48251.5
28	64561.5
29	83131.0
30	102529.0
31	123108.0
32	143073.5
33	160270.5
34	174219.5
35	184194.5
36	188090.5
37	186064.0
38	180151.0
39	170798.5
40	156872.0
41	140246.0
42	124127.0
43	107250.0
44	90404.5
45	74936.0
46	62135.5
47	51095.5
48	40996.0
49	32343.5
50	25335.5
51	19896.5
52	15321.5
53	11350.5
54	8028.5
55	5877.0
56	4305.5
57	3326.5
58	2580.0
59	1799.5
60	1283.0
61	947.0
62	671.5
63	492.5
64	344.5
65	260.5
66	180.5
67	102.5
68	52.0
69	23.0
70	11.5
71	6.0
72	4.5
73	2.5
74	2.0
75	2.5
76	1.5
77	0.5
78	0.0
79	0.0
80	0.0
81	0.0
82	0.0
83	0.0
84	0.0
85	0.0
86	0.0
87	0.0
88	0.0
89	0.0
90	0.0
91	0.0
92	0.0
93	0.0
94	0.0
95	0.0
96	0.0
97	0.0
98	0.0
99	0.0
100	0.0
>>END_MODULE
>>Per base N content	pass
#Base	N-Count
1	0.03824544941339703
2	0.0
3	0.00943180459788382
4	0.00632241846671333
5	0.0
6	1.381949391631329E-4
7	0.0
8	0.0
9	0.0
10	0.0
11	0.0
12	0.0
13	0.0
14	0.0
15	0.0
16	1.0364620437234968E-4
17	0.0
18	0.0
19	0.0
20	0.0
21	0.0
22	0.0
23	3.4548734790783227E-4
24	2.418411435354826E-4
25	5.527797566525316E-4
26	1.7274367395391614E-4
27	7.255234306064478E-4
28	0.0013474006568405458
29	8.637183697695807E-4
30	0.00107101077851428
31	0.0012783031872589793
32	0.001381949391631329
33	0.003731263357404589
34	0.0026602525788903086
35	6.564259610248813E-4
36	0.0
37	0.0
38	3.454873479078323E-5
39	6.909746958156645E-4
40	0.0
41	0.0
42	0.0
43	0.0
44	0.0
45	0.0
46	0.0
47	1.381949391631329E-4
48	0.0
49	0.0
50	6.909746958156645E-5
51	0.0
52	0.0
53	0.0
54	0.0
55	0.0
56	0.0
57	0.0
58	0.0
59	0.0
60	0.0
61	0.0
62	0.0
63	0.0
64	0.0
65	0.0
66	0.005285956422989834
67	0.0031093861311704903
68	0.005424151362152967
69	0.007220685571273695
70	6.564259610248813E-4
71	0.00214202155702856
72	0.003938555766149288
73	0.0013128519220497626
74	0.005596895036106883
75	0.0019347291482838607
76	0.001036462043723497
77	0.0
78	0.004733176666337303
79	4.145848174893987E-4
80	0.004560432992383386
81	0.0019347291482838607
82	0.004629530461964952
83	6.909746958156645E-5
84	0.002763898783262658
85	0.010951948928678281
86	0.0029711911920073573
87	0.009500902067465386
88	0.025116930192899404
89	0.031715738537939
90	0.032268518294591535
91	0.04588071980216013
92	0.03365046768622287
93	0.021385666835494817
94	0.03299404172519798
95	0.04014562982689011
96	0.026395233380158385
97	0.03168118980314822
98	0.023320395983778677
99	0.03137025119003117
100	0.023078554840243196
101	0.012022959707192563
>>END_MODULE
>>Sequence Length Distribution	pass
#Length	Count
101	2894462.0
>>END_MODULE
>>Sequence Duplication Levels	warn
#Total Duplicate Percentage	28.009786347560684
#Duplication Level	Relative count
1	100.0
2	22.022948282243682
3	6.2182442208688045
4	2.0841885662370876
5	0.948887916820889
6	0.5316464214812073
7	0.36340388303778726
8	0.27659073320098254
9	0.22208015074531445
10++	1.9260405801002725
>>END_MODULE
>>Overrepresented sequences	pass
>>END_MODULE
>>Kmer Content	warn
#Sequence	Count	Obs/Exp Overall	Obs/Exp Max	Max Obs/Exp Position
ACACC	212170	1.1819218	5.0697274	6
ATACC	337880	1.1249708	5.5807743	6
GTATT	512440	1.0268186	6.525925	1
AATAC	502185	1.0025572	5.4717093	5
ATATA	826030	0.98563284	5.5035005	1
ATACA	485370	0.9689878	5.0711527	6
TATTA	748440	0.8901921	5.902646	2
ATACT	434910	0.86547023	5.6184855	6
TATAC	434560	0.86477375	6.9041843	5
GTATA	395715	0.7954738	7.4423175	1
>>END_MODULE
