##FastQC	0.8.0
>>Basic Statistics	pass
#Measure	Value	
Filename	1_140716_AH9BY4ADXX_P1260_1011_2.fastq.gz	
File type	Conventional base calls	
Total Sequences	768699	
Sequence length	101	
%GC	37	
>>END_MODULE
>>Per base sequence quality	pass
#Base	Mean	Median	Lower Quartile	Upper Quartile	10th Percentile	90th Percentile
1	32.485133973115616	33.0	33.0	33.0	33.0	33.0
2	32.510474190808104	33.0	33.0	33.0	33.0	33.0
3	32.491884339643995	33.0	33.0	33.0	33.0	33.0
4	36.37671051998247	37.0	37.0	37.0	37.0	37.0
5	36.45806355933857	37.0	37.0	37.0	37.0	37.0
6	36.45492188750083	37.0	37.0	37.0	37.0	37.0
7	36.427021499962926	37.0	37.0	37.0	37.0	37.0
8	36.42407626392125	37.0	37.0	37.0	37.0	37.0
9	36.42438327615881	37.0	37.0	37.0	37.0	37.0
10	36.41015273858819	37.0	37.0	37.0	37.0	37.0
11	36.435122199976846	37.0	37.0	37.0	37.0	37.0
12	36.41676390889022	37.0	37.0	37.0	37.0	37.0
13	36.40850970275751	37.0	37.0	37.0	37.0	37.0
14	38.59131857853334	40.0	37.0	40.0	37.0	40.0
15	38.647824441036086	40.0	37.0	40.0	37.0	40.0
16	38.627240311227155	40.0	37.0	40.0	37.0	40.0
17	38.5901464682535	40.0	37.0	40.0	37.0	40.0
18	38.50746000710291	40.0	37.0	40.0	37.0	40.0
19	38.624426466015954	40.0	37.0	40.0	37.0	40.0
20	38.627319666085164	40.0	37.0	40.0	37.0	40.0
21	38.61254144990432	40.0	37.0	40.0	37.0	40.0
22	38.58262987203054	40.0	37.0	40.0	37.0	40.0
23	38.55431840031014	40.0	37.0	40.0	37.0	40.0
24	38.54680830858372	40.0	37.0	40.0	37.0	40.0
25	38.51900678939351	40.0	37.0	40.0	37.0	40.0
26	38.52619555898993	40.0	37.0	40.0	37.0	40.0
27	38.534928496069334	40.0	37.0	40.0	37.0	40.0
28	38.49431962315549	40.0	37.0	40.0	37.0	40.0
29	38.475326493204754	40.0	37.0	40.0	37.0	40.0
30	38.413522067805474	40.0	37.0	40.0	37.0	40.0
31	38.444195972675914	40.0	37.0	40.0	37.0	40.0
32	38.44096974238291	40.0	37.0	40.0	37.0	40.0
33	38.42770447210157	40.0	37.0	40.0	37.0	40.0
34	38.4020221178901	40.0	37.0	40.0	37.0	40.0
35	38.37422450139782	40.0	37.0	40.0	37.0	40.0
36	38.33903517501649	40.0	37.0	40.0	37.0	40.0
37	38.34256191305049	40.0	37.0	40.0	37.0	40.0
38	38.30348029592857	40.0	37.0	40.0	37.0	40.0
39	38.276238163442386	40.0	37.0	40.0	37.0	40.0
40	38.27389134108409	40.0	37.0	40.0	37.0	40.0
41	38.23484224644497	40.0	37.0	40.0	37.0	40.0
42	38.21815561097387	40.0	37.0	40.0	37.0	40.0
43	38.14129587784035	40.0	37.0	40.0	37.0	40.0
44	38.086779090385185	40.0	37.0	40.0	37.0	40.0
45	38.050015675836704	40.0	37.0	40.0	37.0	40.0
46	38.01062964827585	40.0	37.0	40.0	37.0	40.0
47	37.98527381979162	40.0	37.0	40.0	37.0	40.0
48	37.88916337864366	40.0	37.0	40.0	37.0	40.0
49	37.866927106708864	40.0	37.0	40.0	33.0	40.0
50	37.84922576977465	40.0	37.0	40.0	33.0	40.0
51	37.80045505457923	40.0	37.0	40.0	33.0	40.0
52	37.75732764059794	40.0	37.0	40.0	33.0	40.0
53	37.70821478888355	40.0	37.0	40.0	33.0	40.0
54	37.64062396334586	40.0	37.0	40.0	33.0	40.0
55	37.598755819898294	40.0	37.0	40.0	33.0	40.0
56	37.53026867473484	40.0	37.0	40.0	33.0	40.0
57	37.45374327272444	40.0	37.0	40.0	33.0	40.0
58	37.399914661005155	40.0	37.0	40.0	33.0	40.0
59	37.3443870747848	40.0	37.0	40.0	33.0	40.0
60	37.26672598767528	40.0	37.0	40.0	33.0	40.0
61	37.17689498750486	40.0	37.0	40.0	33.0	40.0
62	37.0771030013048	37.0	37.0	40.0	33.0	40.0
63	36.98877193804077	37.0	37.0	40.0	33.0	40.0
64	36.88337827940455	37.0	37.0	40.0	33.0	40.0
65	36.756096989849084	37.0	37.0	40.0	33.0	40.0
66	36.64915265923333	37.0	37.0	40.0	33.0	40.0
67	36.52085146461749	37.0	37.0	40.0	33.0	40.0
68	36.38781499650708	37.0	37.0	40.0	33.0	40.0
69	36.27440519631221	37.0	37.0	40.0	33.0	40.0
70	36.13847032453535	37.0	37.0	40.0	33.0	40.0
71	35.99856640895851	37.0	37.0	40.0	33.0	40.0
72	35.82613870969001	37.0	37.0	37.0	33.0	40.0
73	35.70104032917956	37.0	37.0	37.0	33.0	40.0
74	35.55679661349891	37.0	37.0	37.0	33.0	40.0
75	35.41928635265559	37.0	37.0	37.0	33.0	40.0
76	35.28118548352476	37.0	33.0	37.0	33.0	40.0
77	35.14945121562536	37.0	33.0	37.0	33.0	40.0
78	34.996948090214765	37.0	33.0	37.0	33.0	37.0
79	34.86799124234583	37.0	33.0	37.0	33.0	37.0
80	34.75002048916416	37.0	33.0	37.0	33.0	37.0
81	34.61679669155287	37.0	33.0	37.0	33.0	37.0
82	34.50404644730902	37.0	33.0	37.0	33.0	37.0
83	34.602957724675065	37.0	33.0	37.0	33.0	37.0
84	34.581025863179214	37.0	33.0	37.0	33.0	37.0
85	34.52126645149792	37.0	33.0	37.0	33.0	37.0
86	34.45239684193683	37.0	33.0	37.0	33.0	37.0
87	34.381358633223144	37.0	33.0	37.0	33.0	37.0
88	34.31467843720364	37.0	33.0	37.0	33.0	37.0
89	34.40387069581202	37.0	33.0	37.0	33.0	37.0
90	34.400146221082636	37.0	33.0	37.0	33.0	37.0
91	34.35724906627952	37.0	33.0	37.0	33.0	37.0
92	34.309532079526576	37.0	33.0	37.0	33.0	37.0
93	34.22628102807471	37.0	33.0	37.0	33.0	37.0
94	34.204701710292326	37.0	33.0	37.0	33.0	37.0
95	34.16797992452182	37.0	33.0	37.0	33.0	37.0
96	34.10032405401854	37.0	33.0	37.0	33.0	37.0
97	34.0378002312999	37.0	33.0	37.0	33.0	37.0
98	33.95998043447435	37.0	33.0	37.0	33.0	37.0
99	33.918698996616364	37.0	33.0	37.0	33.0	37.0
100	33.84519948640495	37.0	33.0	37.0	33.0	37.0
101	33.436655960265334	37.0	33.0	37.0	27.0	37.0
>>END_MODULE
>>Per sequence quality scores	pass
#Quality	Count
2	2191.0
3	438.0
4	335.0
5	292.0
6	282.0
7	282.0
8	351.0
9	410.0
10	445.0
11	492.0
12	433.0
13	568.0
14	577.0
15	638.0
16	732.0
17	743.0
18	743.0
19	752.0
20	766.0
21	847.0
22	956.0
23	1143.0
24	1424.0
25	1803.0
26	2342.0
27	3058.0
28	3907.0
29	5145.0
30	6823.0
31	9363.0
32	12948.0
33	18403.0
34	27397.0
35	42617.0
36	78286.0
37	218672.0
38	320969.0
39	1126.0
>>END_MODULE
>>Per base sequence content	fail
#Base	G	A	T	C
1	270612	213802	116417	167866
2	96019	183649	345926	143105
3	99124	253439	262550	153586
4	77986	158215	362748	169748
5	75393	311619	309144	72542
6	171063	358195	162274	77165
7	155198	272522	239335	101644
8	143434	311503	196237	117522
9	167574	136645	213052	251417
10	99395	229343	292383	147577
11	205973	222253	228261	112209
12	132061	222610	279446	134580
13	172418	199802	243271	153207
14	134952	190347	248278	195117
15	150420	262039	206367	149860
16	143273	260332	227435	137652
17	135252	250110	247413	135915
18	138297	251543	244024	134828
19	142998	246769	243318	135613
20	143515	244911	240816	139445
21	142201	242819	242426	141248
22	144092	241137	241454	142006
23	142021	241646	241101	143901
24	142876	243240	241085	141465
25	144445	240198	241585	142441
26	143236	241346	241647	142443
27	143392	244769	238219	142302
28	145160	241874	239076	142558
29	143599	241430	240396	143233
30	144288	243148	239604	141619
31	145447	240135	239780	143295
32	143077	242334	238876	144364
33	143400	242659	239707	142874
34	145474	240372	239994	142788
35	144179	241433	239175	143829
36	144359	241120	239107	144006
37	146263	240358	239323	142660
38	144156	239717	239915	144817
39	144390	241277	239059	143865
40	145898	239060	241000	142547
41	144901	239594	239543	144479
42	144826	240266	239199	144232
43	146205	239777	238536	143934
44	144661	238790	239459	145487
45	144374	240178	239734	144123
46	146865	237064	239823	144621
47	144714	238497	239901	145209
48	145416	239208	238564	145080
49	145396	238452	240615	143776
50	143125	239401	239086	146619
51	143685	239744	239970	144838
52	145738	237441	239903	145157
53	143434	239068	239092	146695
54	144443	239524	239601	144784
55	146094	237439	239164	145606
56	144756	237917	239264	146387
57	144341	239560	237900	146494
58	146764	235913	238869	146769
59	143551	238069	238311	148387
60	144853	239582	237155	146699
61	146041	236477	239770	145977
62	144063	237517	238427	148205
63	144781	237532	238172	147680
64	146141	236310	238609	147174
65	144676	237738	237353	148471
66	144704	237599	237643	148360
67	147092	236581	237832	146771
68	146387	235717	237557	148599
69	146586	237576	236838	147252
70	147103	236761	237035	147323
71	145180	236641	237915	148466
72	145680	238744	236458	147285
73	148730	235093	238169	146180
74	145925	237378	236560	148397
75	147200	237177	236122	147710
76	148303	236653	235842	147353
77	146759	236116	236028	149171
78	146933	238705	235743	146758
79	148846	235982	236222	147032
80	147305	236727	235662	148428
81	147144	237479	235670	147810
82	148567	235737	236057	147763
83	147000	235903	236800	148414
84	146623	238757	236424	146335
85	148725	234970	237397	147059
86	148219	236518	235383	148017
87	148256	236794	235589	147485
88	149860	235143	236423	146741
89	147330	235584	236618	148524
90	148529	236758	235026	147846
91	150494	234321	236465	146844
92	149352	234612	235722	148376
93	149369	236410	234586	147717
94	150608	233365	236439	147681
95	148438	234388	236029	149225
96	149549	235689	235228	147639
97	150873	234363	234904	147819
98	149776	234275	234466	149501
99	150114	235894	233604	148481
100	151597	232888	235234	148375
101	151559	232936	234374	149211
>>END_MODULE
>>Per base GC content	fail
#Base	%GC
1	57.04172125037563
2	31.10762470095577
3	32.87502650582347
4	32.227782858525536
5	19.244879003197614
6	32.29204745172675
7	33.412558101415506
8	33.94788056656988
9	54.507290344066774
10	32.12861227686295
11	41.39243602152216
12	34.68739958657313
13	42.36058894390255
14	42.93893278729898
15	39.06406517095407
16	36.54584671103641
17	35.276509386098425
18	35.53113600765976
19	36.24453296353054
20	36.81082156976767
21	36.87410074750161
22	37.2189533088154
23	37.19702498734826
24	36.99148915133491
25	37.32243657543104
26	37.165266849839725
27	37.16673474856963
28	37.430724317910986
29	37.31594545298429
30	37.19555745785843
31	37.56447934514354
32	37.39551499965524
33	37.24422356369692
34	37.50344770161899
35	37.470986812660676
36	37.518605449965655
37	37.590618836227755
38	37.597075220692034
39	37.50434236154209
40	37.53326263329451
41	37.6543394615864
42	37.61214693639618
43	37.75629447252398
44	37.76016824636223
45	37.54471902333263
46	37.93548185581742
47	37.734618733576205
48	37.81180525545773
49	37.64089039999271
50	37.715739146168275
51	37.55650925430564
52	37.86516956311773
53	37.76300324487269
54	37.64251280663029
55	37.96679174752669
56	37.8932585732061
57	37.854600121047255
58	38.204772781996965
59	37.997027272561624
60	37.94822000575304
61	38.010061632379454
62	38.045227098769615
63	38.07267969772119
64	38.18042419367016
65	38.15835717577105
66	38.14417692950465
67	38.249665484799735
68	38.39663655533283
69	38.24760625419784
70	38.32564024461679
71	38.225102251751494
72	38.138191304755345
73	38.391141567253165
74	38.310207481842085
75	38.38929249722406
76	38.48930744085472
77	38.52883966909438
78	38.234095651958825
79	38.52166825937856
80	38.50078503154447
81	38.40031870725671
82	38.578406611432534
83	38.45950551803957
84	38.13867021463563
85	38.50597083125583
86	38.56551630763783
87	38.501726283777096
88	38.611525879138256
89	38.51984751111898
90	38.58250700701287
91	38.70963542344726
92	38.763537318601884
93	38.67894313367583
94	38.83501086456979
95	38.75416623268409
96	38.69106437270946
97	38.89426388648352
98	38.967446075482606
99	38.874849790324866
100	39.05407411072082
101	39.15868138735548
>>END_MODULE
>>Per sequence GC content	pass
#GC Content	Count
0	0.0
1	1.5
2	2.5
3	2.0
4	3.0
5	6.5
6	8.5
7	10.0
8	19.5
9	35.0
10	43.0
11	51.5
12	73.0
13	102.0
14	135.5
15	182.0
16	245.5
17	326.5
18	420.5
19	580.0
20	797.5
21	1157.5
22	1682.0
23	2429.0
24	3853.0
25	5742.5
26	8138.0
27	11569.0
28	15610.5
29	20201.5
30	25346.5
31	30552.0
32	35538.0
33	40130.0
34	44025.5
35	47069.0
36	48389.5
37	47998.0
38	46857.0
39	45096.5
40	42021.0
41	37891.0
42	34114.0
43	30215.0
44	26033.5
45	22048.5
46	18685.0
47	15872.5
48	13108.0
49	10410.5
50	8269.0
51	6498.5
52	4953.5
53	3688.0
54	2593.5
55	1915.5
56	1448.0
57	1128.0
58	910.0
59	676.5
60	458.0
61	319.5
62	226.0
63	177.0
64	134.5
65	102.5
66	72.0
67	47.5
68	28.5
69	23.0
70	19.5
71	12.5
72	14.0
73	14.5
74	9.5
75	8.0
76	8.5
77	6.0
78	3.0
79	4.5
80	7.0
81	7.0
82	6.5
83	6.5
84	6.5
85	5.5
86	3.0
87	1.5
88	2.0
89	1.5
90	1.5
91	1.0
92	1.0
93	2.0
94	1.5
95	2.5
96	3.0
97	1.0
98	1.0
99	5.0
100	19.0
>>END_MODULE
>>Per base N content	pass
#Base	N-Count
1	2.6017986233883486E-4
2	0.0
3	0.0
4	2.6017986233883486E-4
5	1.3008993116941743E-4
6	2.6017986233883486E-4
7	0.0
8	3.9026979350825227E-4
9	0.0014309892428635918
10	1.3008993116941743E-4
11	3.9026979350825227E-4
12	2.6017986233883486E-4
13	1.3008993116941743E-4
14	6.504496558470871E-4
15	0.0016911691052024264
16	9.106295181859219E-4
17	0.0011708093805247568
18	9.106295181859219E-4
19	1.3008993116941743E-4
20	0.001561079174033009
21	6.504496558470871E-4
22	0.0013008993116941743
23	0.0039026979350825224
24	0.0042929677285907745
25	0.0039026979350825224
26	0.0035124281415742703
27	0.002211528829880096
28	0.00403278786625194
29	0.005333687177946114
30	0.005203597246776697
31	0.005463777109115531
32	0.006244316696132036
33	0.007675305938995628
34	0.009236385113028637
35	0.010797464287061647
36	0.013919622635127664
37	0.012358543461094655
38	0.012228453529925236
39	0.014049712566297081
40	0.025237446646866977
41	0.02367636747283397
42	0.02289582788581747
43	0.0321322129988461
44	0.03928715921316406
45	0.03772608003913105
46	0.04240931756123008
47	0.04917399398203979
48	0.056068760334018905
49	0.059841368337932015
50	0.06088208778728735
51	0.060101548200270846
52	0.059841368337932015
53	0.05333687177946114
54	0.04514120611578785
55	0.0515156127430893
56	0.04878372418853153
57	0.052556332192444634
58	0.04995453356905629
59	0.04956426377554804
60	0.05333687177946114
61	0.056459030127527156
62	0.06335379647950629
63	0.0694680232444689
64	0.0604918179937791
65	0.05997145826910143
66	0.05112534294958105
67	0.05502804088466357
68	0.05710947978337425
69	0.058150199232729585
70	0.06205289716781211
71	0.06465469579120046
72	0.06920784338213007
73	0.06855739372628299
74	0.05710947978337425
75	0.06374406627301453
76	0.07128928228084075
77	0.08130620698088589
78	0.07285036145487375
79	0.08026548753153055
80	0.07506189028475385
81	0.07753359897697278
82	0.07480171042241501
83	0.07571233994060095
84	0.07285036145487375
85	0.07128928228084075
86	0.07311054131721259
87	0.07480171042241501
88	0.06920784338213007
89	0.08364782574193541
90	0.0702485628314854
91	0.07480171042241501
92	0.0828672861549189
93	0.08026548753153055
94	0.07883449828866695
95	0.08052566739386938
96	0.07727341911463395
97	0.0962665490653689
98	0.08859124312637326
99	0.07883449828866695
100	0.07870440835749754
101	0.08052566739386938
>>END_MODULE
>>Sequence Length Distribution	pass
#Length	Count
101	768699.0
>>END_MODULE
>>Sequence Duplication Levels	pass
#Total Duplicate Percentage	14.844289503888593
#Duplication Level	Relative count
1	100.0
2	7.906981946712602
3	1.484866110377844
4	0.6716851971991677
5	0.431757678799132
6	0.2785172591217199
7	0.18623744435247533
8	0.16498512337531598
9	0.1124135925370797
10++	0.6168765799422832
>>END_MODULE
>>Overrepresented sequences	pass
>>END_MODULE
>>Kmer Content	warn
#Sequence	Count	Obs/Exp Overall	Obs/Exp Max	Max Obs/Exp Position
TCCAA	133440	1.6936227	5.2575693	2
GTCTT	87880	1.1011635	5.220656	1
ATACC	84540	1.072983	5.2271085	6
TATAC	127805	0.98299885	5.9845533	5
GTATT	128815	0.98266083	6.968184	1
AATAC	124025	0.9583305	5.5077744	5
ATATA	193190	0.904618	5.2324753	1
TAATA	188525	0.88277406	5.0189505	4
TATTA	188800	0.879998	6.1659856	2
ATACT	103170	0.79352134	5.3532405	6
GTATA	95425	0.73130786	7.2762556	1
TATAA	155885	0.72993624	5.214494	2
>>END_MODULE
