##FastQC	0.8.0
>>Basic Statistics	pass
#Measure	Value	
Filename	1_140716_AH9BY4ADXX_P1260_1010_1.fastq.gz	
File type	Conventional base calls	
Total Sequences	1319601	
Sequence length	101	
%GC	37	
>>END_MODULE
>>Per base sequence quality	pass
#Base	Mean	Median	Lower Quartile	Upper Quartile	10th Percentile	90th Percentile
1	32.75331861676371	33.0	33.0	33.0	33.0	33.0
2	32.777145515955205	33.0	33.0	33.0	33.0	33.0
3	32.77892559948045	33.0	33.0	33.0	33.0	33.0
4	36.729486412938456	37.0	37.0	37.0	37.0	37.0
5	36.66373168859375	37.0	37.0	37.0	37.0	37.0
6	36.64718880934464	37.0	37.0	37.0	37.0	37.0
7	36.59941451999506	37.0	37.0	37.0	37.0	37.0
8	36.597391938927	37.0	37.0	37.0	37.0	37.0
9	36.57436376601715	37.0	37.0	37.0	37.0	37.0
10	36.57206155497003	37.0	37.0	37.0	37.0	37.0
11	36.58665839143802	37.0	37.0	37.0	37.0	37.0
12	36.561779659154546	37.0	37.0	37.0	37.0	37.0
13	36.56224798253412	37.0	37.0	37.0	37.0	37.0
14	38.71498430207313	40.0	37.0	40.0	37.0	40.0
15	38.73651505265607	40.0	37.0	40.0	37.0	40.0
16	38.74804656862188	40.0	37.0	40.0	37.0	40.0
17	38.735910324408664	40.0	37.0	40.0	37.0	40.0
18	38.74783286766227	40.0	37.0	40.0	37.0	40.0
19	38.788981669459176	40.0	37.0	40.0	37.0	40.0
20	38.7831708220894	40.0	37.0	40.0	37.0	40.0
21	38.768692960978356	40.0	37.0	40.0	37.0	40.0
22	38.773037456018905	40.0	37.0	40.0	37.0	40.0
23	38.764595510309555	40.0	37.0	40.0	37.0	40.0
24	38.756786331625996	40.0	37.0	40.0	37.0	40.0
25	38.73521238616824	40.0	37.0	40.0	37.0	40.0
26	38.69147568090658	40.0	37.0	40.0	37.0	40.0
27	38.68212285380202	40.0	37.0	40.0	37.0	40.0
28	38.688067832625165	40.0	37.0	40.0	37.0	40.0
29	38.679281085722124	40.0	37.0	40.0	37.0	40.0
30	38.66862634993456	40.0	37.0	40.0	37.0	40.0
31	38.66063302467943	40.0	37.0	40.0	37.0	40.0
32	38.64034280058897	40.0	37.0	40.0	37.0	40.0
33	38.61476764567472	40.0	37.0	40.0	37.0	40.0
34	38.61355288454616	40.0	37.0	40.0	37.0	40.0
35	38.599805547282855	40.0	37.0	40.0	37.0	40.0
36	38.58945393342381	40.0	37.0	40.0	37.0	40.0
37	38.57201153985182	40.0	37.0	40.0	37.0	40.0
38	38.55965477443561	40.0	37.0	40.0	37.0	40.0
39	38.54391137927298	40.0	37.0	40.0	37.0	40.0
40	38.54739046120759	40.0	37.0	40.0	37.0	40.0
41	38.53251551037018	40.0	37.0	40.0	37.0	40.0
42	38.506985065940384	40.0	37.0	40.0	37.0	40.0
43	38.510175424238085	40.0	37.0	40.0	37.0	40.0
44	38.48610299628448	40.0	37.0	40.0	37.0	40.0
45	38.46181383615199	40.0	37.0	40.0	37.0	40.0
46	38.4681096786074	40.0	37.0	40.0	37.0	40.0
47	38.445095146184336	40.0	37.0	40.0	37.0	40.0
48	38.42779446211393	40.0	37.0	40.0	37.0	40.0
49	38.41399786753723	40.0	37.0	40.0	37.0	40.0
50	38.38282026157907	40.0	37.0	40.0	37.0	40.0
51	38.34189046537552	40.0	37.0	40.0	37.0	40.0
52	38.31781500620263	40.0	37.0	40.0	37.0	40.0
53	38.28682078901122	40.0	37.0	40.0	37.0	40.0
54	38.242752165237825	40.0	37.0	40.0	37.0	40.0
55	38.18592210827364	40.0	37.0	40.0	37.0	40.0
56	38.15247108785155	40.0	37.0	40.0	37.0	40.0
57	38.109224682309275	40.0	37.0	40.0	37.0	40.0
58	38.05880641193816	40.0	37.0	40.0	37.0	40.0
59	38.00537283618306	40.0	37.0	40.0	33.0	40.0
60	37.95469766997751	40.0	37.0	40.0	33.0	40.0
61	37.85832156841348	40.0	37.0	40.0	33.0	40.0
62	37.79422492101779	40.0	37.0	40.0	33.0	40.0
63	37.72320496877465	40.0	37.0	40.0	33.0	40.0
64	37.6401412245065	40.0	37.0	40.0	33.0	40.0
65	37.533048247159556	37.0	37.0	40.0	33.0	40.0
66	37.48631745504891	37.0	37.0	40.0	33.0	40.0
67	37.40545134476255	37.0	37.0	40.0	33.0	40.0
68	37.31560827856299	37.0	37.0	40.0	33.0	40.0
69	37.20139193589578	37.0	37.0	40.0	33.0	40.0
70	37.07436490272438	37.0	37.0	40.0	33.0	40.0
71	36.93764630369331	37.0	37.0	40.0	33.0	40.0
72	36.80429538928813	37.0	37.0	40.0	33.0	40.0
73	36.685792144746785	37.0	37.0	40.0	33.0	40.0
74	36.64241691238488	37.0	37.0	37.0	33.0	40.0
75	36.55305959907578	37.0	37.0	37.0	33.0	40.0
76	36.40266641204425	37.0	37.0	37.0	33.0	40.0
77	36.29133957916067	37.0	37.0	37.0	33.0	40.0
78	36.167249797476664	37.0	37.0	37.0	33.0	40.0
79	36.0715451109843	37.0	37.0	37.0	33.0	40.0
80	35.96717871538442	37.0	37.0	37.0	33.0	37.0
81	35.86874138470644	37.0	37.0	37.0	33.0	37.0
82	35.764276474479786	37.0	37.0	37.0	33.0	37.0
83	35.687858678494486	37.0	37.0	37.0	33.0	37.0
84	35.606236278996455	37.0	37.0	37.0	33.0	37.0
85	35.53986167030792	37.0	37.0	37.0	33.0	37.0
86	35.483121792117466	37.0	37.0	37.0	33.0	37.0
87	35.4213841911305	37.0	37.0	37.0	33.0	37.0
88	35.384250239276874	37.0	33.0	37.0	33.0	37.0
89	35.33911159509579	37.0	33.0	37.0	33.0	37.0
90	35.29659798681571	37.0	33.0	37.0	33.0	37.0
91	35.25939583252816	37.0	33.0	37.0	33.0	37.0
92	35.217239908123744	37.0	33.0	37.0	33.0	37.0
93	35.16963233583485	37.0	33.0	37.0	33.0	37.0
94	35.14431938138877	37.0	33.0	37.0	33.0	37.0
95	35.112047505268634	37.0	33.0	37.0	33.0	37.0
96	35.09182472580727	37.0	33.0	37.0	33.0	37.0
97	35.06715060082555	37.0	33.0	37.0	33.0	37.0
98	35.02828582276006	37.0	33.0	37.0	33.0	37.0
99	34.98966202662775	37.0	33.0	37.0	33.0	37.0
100	34.94511371240246	37.0	33.0	37.0	33.0	37.0
101	34.52992457568614	37.0	33.0	37.0	33.0	37.0
>>END_MODULE
>>Per sequence quality scores	pass
#Quality	Count
3	1.0
4	0.0
5	0.0
6	1.0
7	8.0
8	16.0
9	45.0
10	69.0
11	104.0
12	130.0
13	167.0
14	187.0
15	220.0
16	245.0
17	295.0
18	330.0
19	421.0
20	546.0
21	646.0
22	809.0
23	1082.0
24	1393.0
25	1974.0
26	2827.0
27	4073.0
28	5707.0
29	7881.0
30	10762.0
31	15025.0
32	21078.0
33	30476.0
34	44567.0
35	65724.0
36	110785.0
37	305788.0
38	682012.0
39	4207.0
>>END_MODULE
>>Per base sequence content	fail
#Base	G	A	T	C
1	440847	373801	205206	299339
2	154461	317185	593646	254309
3	164410	437637	446953	270601
4	131719	282523	607300	298059
5	129455	531422	527679	130879
6	293323	607746	282323	136209
7	269386	464684	405917	179614
8	244195	546337	330658	198411
9	278907	249440	366305	424949
10	168941	401868	493029	255763
11	352163	384762	387912	194764
12	227414	382638	477811	231738
13	292299	344096	420678	262528
14	227374	327657	425907	338663
15	251164	454661	356663	257113
16	241504	452921	389386	235790
17	228008	436674	423921	230997
18	232045	436301	423105	228017
19	240286	427692	420236	231387
20	239498	422632	419322	238149
21	238437	419343	421257	240564
22	241580	414712	420388	242921
23	238879	418147	418992	243583
24	239932	422710	415787	241172
25	243160	416062	418673	241706
26	240541	418618	416699	243743
27	241820	421856	413642	242279
28	244167	417529	417091	240802
29	241662	418259	416470	243192
30	242934	420665	415319	240666
31	245166	416345	416640	241411
32	241166	417046	416255	245074
33	242514	419020	415454	242551
34	244424	416357	416765	241982
35	242119	416971	416633	243780
36	243235	417687	415939	242620
37	245268	415381	416180	242630
38	241312	416202	416961	244978
39	243120	418041	414858	243456
40	244874	415618	417225	241747
41	242488	416704	416167	244077
42	243008	418367	415366	242701
43	245192	415064	415143	244033
44	242039	415140	415107	247132
45	243436	417204	414328	244456
46	244825	413821	417331	243436
47	242423	414612	416118	246299
48	243845	416743	413889	244970
49	244715	413954	416322	244443
50	242059	415794	415275	246323
51	242009	417771	414502	245188
52	245542	413703	416287	243935
53	242449	415019	414711	247284
54	243372	417105	414350	244655
55	245720	413782	416184	243789
56	243552	413125	414992	247827
57	242379	416895	414507	245704
58	245423	414006	414295	245785
59	241465	413322	415593	249123
60	243384	418152	413321	244636
61	244944	412904	416668	244954
62	242738	413677	413989	249095
63	242319	416137	414397	246653
64	245152	412646	416063	245671
65	242519	413579	414381	249048
66	243012	416316	413606	246611
67	245131	412490	415869	246036
68	243218	414248	412336	249721
69	244815	415809	412587	246330
70	247169	412823	412590	246963
71	241917	412504	414560	250553
72	243037	415624	412810	248039
73	245768	411935	414569	247257
74	242449	413646	413057	250379
75	242888	416539	412618	247469
76	246053	412543	413164	247769
77	243426	412848	412914	250333
78	243809	415601	411419	248698
79	245557	412329	414144	247489
80	242819	413246	413030	250428
81	243524	415573	411133	249291
82	245519	412513	412870	248621
83	242467	413012	412674	251366
84	242969	414745	413273	248535
85	245815	411064	413395	249236
86	243831	412575	412653	250487
87	244665	414829	411719	248303
88	246587	411399	412428	249090
89	243148	410960	413191	252208
90	243477	414346	412551	249125
91	246543	411543	412860	248568
92	243487	412897	412098	251030
93	243816	412742	412119	250849
94	244675	409770	414517	250570
95	242078	411465	413885	252127
96	243948	413824	413339	248439
97	247199	409697	412875	249790
98	243874	410053	413295	252344
99	243487	413635	411947	250492
100	246730	410437	412778	249602
101	244726	410235	412015	252616
>>END_MODULE
>>Per base GC content	fail
#Base	%GC
1	56.10899997195254
2	30.97678768051858
3	32.96534331210722
4	32.56878404911788
5	19.730718072508306
6	32.550142050513756
7	34.02543647663195
8	33.540896073889
9	53.33854703050391
10	32.184273882787295
11	41.44639175023359
12	34.794759931221634
13	42.0450575590652
14	42.894556763749044
15	38.517476115886545
16	36.16956943803468
17	34.7836465595635
18	34.867234370215876
19	35.74360734797867
20	36.19631994822677
21	36.298926721031584
22	36.715719372749795
23	36.56120296968554
24	36.4582930749522
25	36.74337924872745
26	36.69927500812746
27	36.68536682032469
28	36.75151884412495
29	36.742971074953225
30	36.647913281761525
31	36.87412944598283
32	36.84917710021894
33	36.76018670156774
34	36.86212039456533
35	36.82439524578572
36	36.82167458265788
37	36.9771247155084
38	36.85542417956532
39	36.876484965611326
40	36.880202870256404
41	36.87674127430205
42	36.81169767219779
43	37.078454971533205
44	37.07475568773504
45	36.97765085370585
46	37.00592612017617
47	37.039771056468894
48	37.04695982483571
49	37.07332083302386
50	37.014030835552056
51	36.92368905696984
52	37.09657005442349
53	37.116084346434874
54	36.98625672801902
55	37.098770344265716
56	37.239900689354116
57	36.990416715612525
58	37.226574430337344
59	37.1797563173407
60	36.98541788399029
61	37.128392460609184
62	37.27422301949452
63	37.057201710337054
64	37.196748544180814
65	37.25327333203489
66	37.105441648447
67	37.22298764859502
68	37.35736322898502
69	37.22089726654951
70	37.44715034348961
71	37.321508956949955
72	37.21654250441452
73	37.36371083924643
74	37.34872466050438
75	37.16193992636683
76	37.42411117906465
77	37.41956361437219
78	37.32451098007089
79	37.36558548986411
80	37.38070499718459
81	37.34802250210493
82	37.448380967971
83	37.42522843551324
84	37.24864003783188
85	37.51779069503073
86	37.46121772185282
87	37.359759184428235
88	37.56540336368817
89	37.54099068818885
90	37.332502715045635
91	37.52222409159736
92	37.47726432196145
93	37.48808284186897
94	37.531867359033356
95	37.45239872532785
96	37.31476639763556
97	37.66320768801139
98	37.604636675998016
99	37.43510152240025
100	37.61381746917692
101	37.68907359244372
>>END_MODULE
>>Per sequence GC content	pass
#GC Content	Count
0	0.0
1	0.0
2	0.0
3	0.0
4	1.0
5	1.5
6	1.0
7	2.5
8	6.0
9	15.5
10	20.5
11	30.0
12	49.5
13	62.5
14	99.5
15	148.5
16	223.0
17	343.0
18	508.5
19	791.5
20	1254.5
21	1929.5
22	2929.5
23	4494.5
24	7058.0
25	10973.0
26	16306.0
27	22856.5
28	30877.5
29	39994.5
30	49557.5
31	59177.0
32	68471.0
33	77077.5
34	83332.5
35	86646.0
36	87676.5
37	86423.5
38	82965.0
39	77366.0
40	70099.0
41	61693.0
42	53665.0
43	46129.5
44	38261.0
45	31361.0
46	26009.0
47	21393.5
48	16948.0
49	13035.0
50	9998.0
51	7611.5
52	5836.0
53	4363.5
54	3242.5
55	2522.0
56	1839.5
57	1474.5
58	1172.5
59	840.0
60	629.0
61	521.0
62	417.5
63	281.5
64	187.5
65	137.0
66	89.0
67	58.0
68	44.0
69	29.5
70	13.5
71	9.5
72	8.5
73	3.5
74	2.0
75	3.5
76	1.5
77	0.0
78	0.0
79	0.0
80	0.0
81	0.0
82	0.0
83	0.0
84	0.0
85	0.0
86	0.0
87	0.0
88	0.0
89	0.0
90	0.5
91	0.5
92	0.0
93	0.0
94	0.0
95	0.0
96	0.0
97	0.0
98	0.0
99	0.0
100	0.0
>>END_MODULE
>>Per base N content	pass
#Base	N-Count
1	0.030918436709278033
2	0.0
3	0.0
4	0.0
5	0.012579560033676846
6	0.0
7	0.0
8	0.0
9	0.0
10	0.0
11	0.0
12	0.0
13	0.0
14	0.0
15	0.0
16	0.0
17	7.578048213058342E-5
18	0.010078804123367594
19	0.0
20	0.0
21	0.0
22	0.0
23	0.0
24	0.0
25	0.0
26	0.0
27	3.031219285223337E-4
28	9.09365785567001E-4
29	0.0013640486783505015
30	0.0012882681962199179
31	0.0029554388030927532
32	0.004546828927835004
33	0.004698389892096172
34	0.005531975195532589
35	0.0074264872487971745
36	0.009093657855670009
37	0.010760828462542844
38	0.011215511355326344
39	0.00954834074845351
40	0.010381926051889928
41	0.012503779551546263
42	0.012049096658762762
43	0.012806901480068595
44	0.013867828229896764
45	0.013413145337113264
46	0.01424673064054968
47	0.011291291837456929
48	0.011670194248109845
49	0.01265534051580743
50	0.011367072319587512
51	0.009927243159106426
52	0.010154584605498177
53	0.01045770653402051
54	0.009017877373539426
55	0.00954834074845351
56	0.007956950623711259
57	0.008790535927147675
58	0.006971804356013674
59	0.0074264872487971745
60	0.008184292070103008
61	0.009927243159106426
62	0.007729609177319508
63	0.007199145802405424
64	0.005228853267010255
65	0.005607755677663172
66	0.0042437069993126715
67	0.005683536159793756
68	0.0059108776061855064
69	0.004546828927835004
70	0.0042437069993126715
71	0.0050772923027490886
72	0.00689602387388309
73	0.005456194713402006
74	0.005304633749140839
75	0.0065929019453607575
76	0.005456194713402006
77	0.006062438570446673
78	0.005607755677663172
79	0.006213999534707839
80	0.0059108776061855064
81	0.006062438570446673
82	0.0059108776061855064
83	0.006213999534707839
84	0.005986658088316089
85	0.00689602387388309
86	0.004167926517182088
87	0.00644134098109959
88	0.007350706766666591
89	0.00712336532027484
90	0.007729609177319508
91	0.0065929019453607575
92	0.0067444629096219235
93	0.005683536159793756
94	0.005228853267010255
95	0.003485902178006837
96	0.003864804588659754
97	0.0030312192852233366
98	0.0026523168745704196
99	0.0030312192852233366
100	0.004092146035051504
101	6.820243391752508E-4
>>END_MODULE
>>Sequence Length Distribution	pass
#Length	Count
101	1319601.0
>>END_MODULE
>>Sequence Duplication Levels	warn
#Total Duplicate Percentage	26.610371642574304
#Duplication Level	Relative count
1	100.0
2	20.170705704924853
3	5.488454937854282
4	1.6882053148889697
5	0.7189661448853295
6	0.39328618232877427
7	0.2736751781163867
8	0.189817463206615
9	0.15276405429299494
10++	0.9360861199230329
>>END_MODULE
>>Overrepresented sequences	pass
>>END_MODULE
>>Kmer Content	warn
#Sequence	Count	Obs/Exp Overall	Obs/Exp Max	Max Obs/Exp Position
GCACC	68750	1.443485	5.1600237	6
GTCTT	152090	1.1175483	5.011894	1
ATACC	148930	1.0849167	5.563224	6
GTCCA	85910	1.0684766	5.038553	1
GTATT	226270	0.9874417	6.192002	1
AATAC	224190	0.96994984	5.4908123	5
ATATA	369725	0.94753116	5.166615	1
TATAC	196025	0.8458772	6.3588176	5
TATTA	329720	0.8427967	5.393583	2
ATACT	193220	0.8337732	5.536521	6
GTATA	174965	0.7655488	7.060924	1
>>END_MODULE
