##FastQC	0.8.0
>>Basic Statistics	pass
#Measure	Value	
Filename	8_140619_BC47HDACXX_P1260_1010_2.fastq.gz	
File type	Conventional base calls	
Total Sequences	1909206	
Sequence length	101	
%GC	37	
>>END_MODULE
>>Per base sequence quality	pass
#Base	Mean	Median	Lower Quartile	Upper Quartile	10th Percentile	90th Percentile
1	31.880527821513237	33.0	33.0	33.0	33.0	33.0
2	31.885422526432453	33.0	33.0	33.0	33.0	33.0
3	31.867680072239455	33.0	33.0	33.0	33.0	33.0
4	35.70181949983396	37.0	37.0	37.0	33.0	37.0
5	35.7313778607442	37.0	37.0	37.0	33.0	37.0
6	35.784604699545255	37.0	37.0	37.0	33.0	37.0
7	35.739768259684915	37.0	37.0	37.0	33.0	37.0
8	35.75532813117076	37.0	37.0	37.0	33.0	37.0
9	35.77053550009795	37.0	37.0	37.0	33.0	37.0
10	35.739866206161096	37.0	37.0	37.0	33.0	37.0
11	35.77166686046451	37.0	37.0	37.0	33.0	37.0
12	35.73394908668839	37.0	37.0	37.0	33.0	37.0
13	35.73347402009003	37.0	37.0	37.0	33.0	37.0
14	37.680306891974986	40.0	37.0	40.0	33.0	40.0
15	37.69413043956493	40.0	37.0	40.0	33.0	40.0
16	37.68578979952923	40.0	37.0	40.0	33.0	40.0
17	37.64520957927012	40.0	37.0	40.0	33.0	40.0
18	37.637647797042334	40.0	37.0	40.0	33.0	40.0
19	37.6759993421349	40.0	37.0	40.0	33.0	40.0
20	37.64550289492072	40.0	37.0	40.0	33.0	40.0
21	37.59997559194765	40.0	37.0	40.0	33.0	40.0
22	37.54377264684901	40.0	37.0	40.0	33.0	40.0
23	37.508185077985296	40.0	37.0	40.0	33.0	40.0
24	37.458817958879244	40.0	37.0	40.0	33.0	40.0
25	37.40405330802438	40.0	37.0	40.0	33.0	40.0
26	37.35068138273188	40.0	37.0	40.0	33.0	40.0
27	37.312453973012865	40.0	37.0	40.0	33.0	40.0
28	37.27571147377496	40.0	37.0	40.0	33.0	40.0
29	37.22255796388656	40.0	37.0	40.0	33.0	40.0
30	37.21436764812179	40.0	37.0	40.0	33.0	40.0
31	37.179557889510086	40.0	37.0	40.0	33.0	40.0
32	37.180134045252316	40.0	37.0	40.0	33.0	40.0
33	37.16792582885241	40.0	37.0	40.0	33.0	40.0
34	37.15053063943859	40.0	37.0	40.0	33.0	40.0
35	37.14394360797106	40.0	37.0	40.0	33.0	40.0
36	37.115253147119795	40.0	37.0	40.0	33.0	40.0
37	37.09975508143176	40.0	37.0	40.0	33.0	40.0
38	37.0499092292817	40.0	37.0	40.0	33.0	40.0
39	37.01459402495069	40.0	37.0	40.0	33.0	40.0
40	37.00145976913963	40.0	37.0	40.0	33.0	40.0
41	36.908832258017206	40.0	37.0	40.0	33.0	40.0
42	36.891122278056955	40.0	37.0	40.0	33.0	40.0
43	36.86817347106598	40.0	37.0	40.0	33.0	40.0
44	36.843936694102155	40.0	37.0	40.0	33.0	40.0
45	36.8031286304359	40.0	37.0	40.0	33.0	40.0
46	36.73799736644448	40.0	37.0	40.0	33.0	40.0
47	36.65540439323991	40.0	37.0	40.0	33.0	40.0
48	36.59033598260219	40.0	37.0	40.0	33.0	40.0
49	36.520788222957606	40.0	37.0	40.0	33.0	40.0
50	36.40904386430799	40.0	37.0	40.0	33.0	40.0
51	34.92701468568609	37.0	37.0	37.0	27.0	40.0
52	35.421654342171564	37.0	37.0	40.0	33.0	40.0
53	35.91941728655787	37.0	37.0	40.0	33.0	40.0
54	36.11784061018036	37.0	37.0	40.0	33.0	40.0
55	36.17613290551151	37.0	37.0	40.0	33.0	40.0
56	36.147641480280285	37.0	37.0	40.0	33.0	40.0
57	36.362189308016	40.0	37.0	40.0	33.0	40.0
58	36.41114264254355	40.0	37.0	40.0	33.0	40.0
59	36.405095626139875	40.0	37.0	40.0	33.0	40.0
60	36.35486165453073	40.0	37.0	40.0	33.0	40.0
61	36.29163694226815	40.0	37.0	40.0	33.0	40.0
62	36.20342068901942	37.0	37.0	40.0	33.0	40.0
63	36.118583327309885	37.0	37.0	40.0	33.0	40.0
64	36.021412042493054	37.0	37.0	40.0	33.0	40.0
65	35.939565976641596	37.0	37.0	40.0	33.0	40.0
66	36.006468133873454	37.0	37.0	40.0	33.0	40.0
67	35.95098276456286	37.0	37.0	40.0	33.0	40.0
68	35.853080809509294	37.0	37.0	40.0	33.0	40.0
69	35.73145328476864	37.0	37.0	40.0	33.0	40.0
70	35.60504628625722	37.0	37.0	40.0	33.0	40.0
71	35.45100842968229	37.0	37.0	40.0	33.0	40.0
72	35.31956425864993	37.0	37.0	40.0	33.0	40.0
73	35.14154941897312	37.0	37.0	40.0	27.0	40.0
74	34.98180395410448	37.0	37.0	37.0	27.0	40.0
75	34.79498074068487	37.0	37.0	37.0	27.0	40.0
76	34.59657836818028	37.0	33.0	37.0	27.0	40.0
77	34.410693764842556	37.0	33.0	37.0	27.0	40.0
78	34.23071423408474	37.0	33.0	37.0	27.0	40.0
79	34.07752175511705	37.0	33.0	37.0	27.0	37.0
80	33.98969885910687	37.0	33.0	37.0	27.0	37.0
81	33.868195469739774	37.0	33.0	37.0	27.0	37.0
82	33.7552369938079	37.0	33.0	37.0	27.0	37.0
83	33.649346377499334	37.0	33.0	37.0	27.0	37.0
84	33.55117048657924	37.0	33.0	37.0	27.0	37.0
85	33.46267610724039	37.0	33.0	37.0	27.0	37.0
86	33.347786985794095	37.0	33.0	37.0	27.0	37.0
87	33.276555280048356	37.0	33.0	37.0	27.0	37.0
88	33.208442148201925	37.0	33.0	37.0	27.0	37.0
89	33.138860866768695	37.0	33.0	37.0	27.0	37.0
90	33.0474349022578	37.0	33.0	37.0	27.0	37.0
91	32.98060555016064	37.0	33.0	37.0	27.0	37.0
92	32.89518679492941	37.0	33.0	37.0	27.0	37.0
93	32.80818099251731	37.0	33.0	37.0	27.0	37.0
94	32.75241121178123	37.0	33.0	37.0	27.0	37.0
95	32.670531100363185	37.0	33.0	37.0	27.0	37.0
96	32.57902866427195	37.0	33.0	37.0	27.0	37.0
97	32.489175081159395	37.0	33.0	37.0	27.0	37.0
98	32.396573235156396	37.0	33.0	37.0	27.0	37.0
99	32.31296832295729	37.0	33.0	37.0	27.0	37.0
100	32.20005646326274	37.0	33.0	37.0	27.0	37.0
101	31.43768980403372	33.0	33.0	37.0	22.0	37.0
>>END_MODULE
>>Per sequence quality scores	pass
#Quality	Count
2	14822.0
3	3467.0
4	2610.0
5	2923.0
6	2439.0
7	2130.0
8	2303.0
9	2774.0
10	3252.0
11	3259.0
12	2926.0
13	2587.0
14	2771.0
15	3172.0
16	3486.0
17	3649.0
18	4049.0
19	4063.0
20	4175.0
21	4588.0
22	5301.0
23	6074.0
24	7185.0
25	8759.0
26	10568.0
27	13016.0
28	15955.0
29	19592.0
30	24817.0
31	31437.0
32	42105.0
33	57386.0
34	80734.0
35	121278.0
36	212171.0
37	529762.0
38	645722.0
39	1899.0
>>END_MODULE
>>Per base sequence content	fail
#Base	G	A	T	C
1	676830	527315	286250	411349
2	236359	444354	868719	352707
3	253478	629163	639439	379958
4	198753	396095	887790	420198
5	189020	765198	761076	188813
6	423608	873556	412944	196468
7	391025	671565	586385	258649
8	354125	789051	479489	285775
9	403405	365333	532785	607285
10	248178	581379	712236	367068
11	507124	557888	562693	281206
12	331438	554483	689752	333220
13	422708	500712	608541	377088
14	332845	473389	616351	486503
15	364794	657691	515695	370895
16	351591	655467	563391	338681
17	331456	629854	612773	335009
18	337492	630784	611764	329032
19	349946	618907	608821	331375
20	348251	610262	607427	342825
21	347542	605323	607898	347235
22	352034	600440	605998	348666
23	346363	601937	605744	352551
24	345483	609034	603139	347613
25	352194	600917	603464	347704
26	348254	602473	601676	350790
27	349273	609905	595881	347369
28	353332	601371	600726	346665
29	348736	603380	597656	352641
30	350441	605971	600301	346263
31	354751	600825	600990	347402
32	348008	603879	599484	353089
33	350623	605624	600710	348984
34	354524	600230	602380	350023
35	351411	602276	601196	353244
36	352144	605282	601514	349569
37	356519	601351	602091	348806
38	351570	601609	601347	354382
39	351869	604215	600834	352015
40	355351	600645	603324	349714
41	351940	602509	601203	353462
42	352469	605270	601269	350080
43	357251	599196	600522	352103
44	352422	599348	600702	356483
45	351930	605589	598881	352502
46	355308	599066	601244	353002
47	351790	600780	600420	354847
48	352830	603212	597964	353101
49	354040	599096	601033	352178
50	350746	598968	599440	356267
51	348431	602275	601202	353003
52	354154	595738	602320	351858
53	349331	598043	598680	356888
54	350395	600972	598907	352104
55	354130	596618	599657	351792
56	351716	595514	597405	357847
57	349825	602378	596724	353781
58	354725	596556	597939	354333
59	349959	595635	599999	358311
60	351954	602203	596785	353403
61	355355	596549	599068	353712
62	351615	597713	598313	357854
63	350593	601639	598984	355278
64	356131	596317	600673	354552
65	351414	597532	600474	358657
66	353122	600352	600596	354157
67	357185	595806	600744	354577
68	352557	597635	597244	360905
69	354296	601192	596560	356247
70	357945	597236	596824	356420
71	351194	596913	598917	360635
72	353032	601669	594909	357320
73	358676	594698	597044	355552
74	352131	597175	594912	360294
75	353182	599468	595500	354605
76	356537	594330	596214	354253
77	353357	595414	592838	358505
78	353598	600071	592226	353650
79	357859	593401	595031	353729
80	353692	594438	593038	360737
81	353744	598587	592578	357979
82	357888	595203	594479	355795
83	354175	595778	595552	359034
84	353608	601257	596137	354654
85	358488	594715	596664	356195
86	354919	596067	595658	359855
87	355801	600534	593975	356445
88	360424	594387	595866	356701
89	355113	593805	598429	360506
90	356647	599037	594538	357651
91	360511	594400	596796	356626
92	356628	595580	594719	361474
93	357501	597906	594413	358708
94	360382	593084	598537	356600
95	355619	595244	597075	360710
96	358541	598956	594998	356205
97	362389	592953	595270	357687
98	359435	594621	594024	360504
99	358977	596974	593186	359351
100	363075	593509	593898	357299
101	360399	592339	593833	359898
>>END_MODULE
>>Per base GC content	fail
#Base	%GC
1	57.22005695824465
2	30.96860954956499
3	33.30301497656724
4	32.5278163751369
5	19.843055038398578
6	32.52301508043739
7	34.05671138547219
8	33.530003563119614
9	52.94875126256805
10	32.23105296823603
11	41.29736797577257
12	34.81902862025268
13	41.89499588538587
14	42.918293970733664
15	38.53641161295392
16	36.156364417300026
17	34.91005147997058
18	34.91350771474308
19	35.68902631624437
20	36.20539982658945
21	36.41392705862375
22	36.740917542411715
23	36.65770653966889
24	36.3778553054713
25	36.75396304848187
26	36.7300636351647
27	36.618573738401665
28	36.8013883646129
29	36.86775689611036
30	36.61128674244972
31	36.87840341854485
32	36.81342742824737
33	36.706645168974276
34	36.94226537196465
35	36.929145701517776
36	36.76760235346022
37	36.951864737812414
38	36.98198132125802
39	36.87316422315503
40	36.933077147918794
41	36.94918166227894
42	36.80024179084464
43	37.15700612653687
44	37.13576276025365
45	36.9024706349514
46	37.11110645387767
47	37.03864638331262
48	37.015804566812456
49	37.045616564035825
50	37.10534312364564
51	36.82240272642659
52	37.07909898270547
53	37.111956118473394
54	36.92741400499796
55	37.110877579977256
56	37.29669978480742
57	36.9791896602106
58	37.249186127205284
59	37.20093029900667
60	37.039349487619106
61	37.22754010639035
62	37.23279252897541
63	37.024559217075954
64	37.25392140057547
65	37.21395939472044
66	37.06472028747104
67	37.29798900808673
68	37.386504822775386
69	37.234442263905734
70	37.432175747016515
71	37.31426843057381
72	37.25107895937449
73	37.473202621237476
74	37.407220327306945
75	37.1980102535534
76	37.38375267049345
77	37.464173202239444
78	37.23249515015438
79	37.451605772570815
80	37.56386359991693
81	37.40225383732516
82	37.495856023411164
83	37.44785483521209
84	37.16630913449227
85	37.49526510680135
86	37.49144374059467
87	37.35382888729805
88	37.59742431757103
89	37.50912675137969
90	37.43949413823666
91	37.57923800510707
92	37.6284648771406
93	37.52677456133732
94	37.56580074536192
95	37.530702361043
96	37.4467438570755
97	37.733919055661616
98	37.721106328042154
99	37.63859138752772
100	37.75978479710197
101	37.781731567625805
>>END_MODULE
>>Per sequence GC content	pass
#GC Content	Count
0	59.5
1	28.5
2	39.0
3	50.5
4	58.0
5	65.5
6	74.0
7	80.5
8	107.0
9	134.0
10	143.5
11	173.0
12	211.5
13	258.0
14	319.0
15	397.0
16	499.0
17	608.5
18	827.5
19	1206.0
20	1769.0
21	2628.0
22	3967.5
23	6045.5
24	9570.0
25	15232.5
26	22999.5
27	32643.5
28	44268.5
29	57532.5
30	71942.0
31	86085.5
32	99709.0
33	112523.5
34	121298.0
35	126083.5
36	127452.0
37	125505.5
38	120210.0
39	111954.5
40	101575.0
41	89284.0
42	77051.0
43	65815.5
44	55230.5
45	45078.5
46	36845.0
47	30140.0
48	24053.5
49	18939.5
50	14571.5
51	11081.0
52	8484.5
53	6340.0
54	4726.0
55	3676.5
56	2723.5
57	2101.0
58	1688.0
59	1228.0
60	933.0
61	787.5
62	585.0
63	404.5
64	297.5
65	209.0
66	135.0
67	92.0
68	65.0
69	49.5
70	39.0
71	29.0
72	21.5
73	15.0
74	12.5
75	9.5
76	7.0
77	8.0
78	9.5
79	9.0
80	8.5
81	6.0
82	4.0
83	4.5
84	4.0
85	2.0
86	2.0
87	2.5
88	2.5
89	2.0
90	1.5
91	1.5
92	1.5
93	1.0
94	1.0
95	1.0
96	0.0
97	0.0
98	1.0
99	1.0
100	0.0
>>END_MODULE
>>Per base N content	pass
#Base	N-Count
1	0.3908431044109436
2	0.37015387548541123
3	0.37544403275497773
4	0.3336465525459275
5	0.26707437542098655
6	0.137753600187722
7	0.08286167129162594
8	0.040121390777108384
9	0.020846362309776944
10	0.01807033918812323
11	0.015451449450714066
12	0.016394249756181364
13	0.008223313775464775
14	0.006180579780285627
15	0.00686149111201201
16	0.0039807124008619296
17	0.0059710686012928935
18	0.0070186244962565595
19	0.008223313775464775
20	0.023098607483948826
21	0.06327237605580541
22	0.10831727953924301
23	0.13675842208750655
24	0.20621137792359756
25	0.25806539472429896
26	0.31494767982082605
27	0.3550166928031862
28	0.37251087624907947
29	0.355802359724409
30	0.3263136612811818
31	0.27435488889098403
32	0.24858501387487786
33	0.1710134998528184
34	0.10732210143902753
35	0.05651564053328976
36	0.03650732293948374
37	0.02299385189445246
38	0.015608582834958617
39	0.014299137966254033
40	0.009008980696687523
41	0.004818757116832862
42	0.006180579780285627
43	0.0070186244962565595
44	0.013146826481794003
45	0.015922849603447718
46	0.0306933877224354
47	0.07170520101026291
48	0.10994099117643669
49	0.14974811518505599
50	0.19824995312187368
51	0.2249626284434472
52	0.26901235382666927
53	0.32809450630262005
54	0.3576355825405954
55	0.36711596339001656
56	0.35218829188678435
57	0.34035091027369496
58	0.29609167371148004
59	0.27770706775486775
60	0.25460846027091893
61	0.2368523878512848
62	0.19437399631050814
63	0.14204857935707305
64	0.08029515934896497
65	0.05913453027069892
66	0.05127786105847143
67	0.04682574850487585
68	0.04530679245717853
69	0.047716171015594964
70	0.04090705769833114
71	0.08102844847543952
72	0.11921186084686514
73	0.16949454380512108
74	0.2458613685479723
75	0.3378891539205303
76	0.41231800025769877
77	0.4762189098504823
78	0.5060218750621986
79	0.4811424225568116
80	0.3824102794564861
81	0.33092290721902196
82	0.3059386991241385
83	0.24444716808977135
84	0.18594117135605062
85	0.16467578668828822
86	0.14178669038333214
87	0.1283779749277972
88	0.09574660879967903
89	0.07086715629429197
90	0.0698196003993283
91	0.045725814815163995
92	0.04216412477228754
93	0.03551214483926826
94	0.03158381023315452
95	0.02922680946948627
96	0.026503164142580738
97	0.04750665983660223
98	0.032578988333369995
99	0.03760725662919559
100	0.07463835751616117
101	0.14335802422577762
>>END_MODULE
>>Sequence Length Distribution	pass
#Length	Count
101	1909206.0
>>END_MODULE
>>Sequence Duplication Levels	warn
#Total Duplicate Percentage	29.852821990859518
#Duplication Level	Relative count
1	100.0
2	22.990572422798465
3	7.202286136197384
4	2.662145440375189
5	1.1533228962282855
6	0.602982095123502
7	0.37874385566714297
8	0.26047185741729506
9	0.17022963909949204
10++	1.3098794719462923
>>END_MODULE
>>Overrepresented sequences	pass
>>END_MODULE
>>Kmer Content	warn
#Sequence	Count	Obs/Exp Overall	Obs/Exp Max	Max Obs/Exp Position
GTCTT	216910	1.1039045	5.3131623	1
ATACC	211575	1.081251	5.484991	6
ATACA	330320	0.99756104	5.024295	6
GTATT	328670	0.98844916	7.033047	1
AATAC	317965	0.9602491	5.431631	5
ATATA	526660	0.93754727	5.373861	1
TATAC	287400	0.8657793	6.4852214	5
TATTA	477520	0.84795004	5.691176	2
ATACT	276330	0.83243144	5.523645	6
GTATA	252950	0.76262873	7.7886844	1
>>END_MODULE
