##FastQC	0.8.0
>>Basic Statistics	pass
#Measure	Value	
Filename	1_140716_AH9BY4ADXX_P1260_1004_2.fastq.gz	
File type	Conventional base calls	
Total Sequences	1558691	
Sequence length	101	
%GC	37	
>>END_MODULE
>>Per base sequence quality	pass
#Base	Mean	Median	Lower Quartile	Upper Quartile	10th Percentile	90th Percentile
1	30.890937331388965	33.0	33.0	33.0	27.0	33.0
2	30.937816411334897	33.0	33.0	33.0	27.0	33.0
3	30.87558342224341	33.0	33.0	33.0	27.0	33.0
4	34.61324791122807	37.0	37.0	37.0	33.0	37.0
5	34.609719950907525	37.0	37.0	37.0	33.0	37.0
6	34.70349414989886	37.0	37.0	37.0	33.0	37.0
7	34.60460091191904	37.0	37.0	37.0	33.0	37.0
8	34.6230105902966	37.0	37.0	37.0	33.0	37.0
9	34.55869123514539	37.0	37.0	37.0	33.0	37.0
10	34.54105271667059	37.0	37.0	37.0	33.0	37.0
11	34.5435734215441	37.0	37.0	37.0	33.0	37.0
12	34.49282763549671	37.0	37.0	37.0	33.0	37.0
13	34.45848599882851	37.0	37.0	37.0	33.0	37.0
14	36.15847977565791	40.0	37.0	40.0	33.0	40.0
15	36.195728980278965	40.0	37.0	40.0	33.0	40.0
16	36.16735196392357	40.0	37.0	40.0	33.0	40.0
17	36.12381222448837	40.0	37.0	40.0	33.0	40.0
18	36.01678331369078	40.0	37.0	40.0	27.0	40.0
19	36.114931695890974	40.0	37.0	40.0	27.0	40.0
20	36.09469933424906	40.0	37.0	40.0	27.0	40.0
21	36.07096852422963	40.0	37.0	40.0	27.0	40.0
22	36.03898463518426	40.0	37.0	40.0	27.0	40.0
23	36.00249375918639	40.0	37.0	40.0	27.0	40.0
24	35.95767987368888	40.0	37.0	40.0	27.0	40.0
25	35.93183831817852	40.0	37.0	40.0	27.0	40.0
26	35.89340735270814	40.0	37.0	40.0	27.0	40.0
27	35.87321605116088	40.0	37.0	40.0	27.0	40.0
28	35.829700049592894	40.0	37.0	40.0	27.0	40.0
29	35.77834734402136	40.0	37.0	40.0	27.0	40.0
30	35.7299169623742	40.0	37.0	40.0	27.0	40.0
31	35.71754696729499	40.0	37.0	40.0	27.0	40.0
32	35.68068205949736	40.0	37.0	40.0	27.0	40.0
33	35.6376299086862	40.0	37.0	40.0	27.0	40.0
34	35.592699258544506	40.0	37.0	40.0	27.0	40.0
35	35.540346996293685	40.0	37.0	40.0	27.0	40.0
36	35.516814429543764	40.0	37.0	40.0	27.0	40.0
37	35.495978356197604	40.0	37.0	40.0	27.0	40.0
38	35.459461176076594	40.0	37.0	40.0	27.0	40.0
39	35.37930802192352	40.0	37.0	40.0	27.0	40.0
40	35.34898321732787	40.0	37.0	40.0	27.0	40.0
41	35.292496716796336	40.0	37.0	40.0	27.0	40.0
42	35.28365147421779	40.0	37.0	40.0	27.0	40.0
43	35.19329937749047	40.0	37.0	40.0	27.0	40.0
44	35.10242504768424	40.0	37.0	40.0	27.0	40.0
45	35.03903211091871	37.0	37.0	40.0	27.0	40.0
46	34.97213302700792	37.0	37.0	40.0	27.0	40.0
47	34.93581986423223	37.0	37.0	40.0	27.0	40.0
48	34.81675970413635	37.0	37.0	40.0	22.0	40.0
49	34.7867255280232	37.0	37.0	40.0	22.0	40.0
50	34.74428286299209	37.0	37.0	40.0	22.0	40.0
51	34.684068234178554	37.0	37.0	40.0	22.0	40.0
52	34.621187907032244	37.0	37.0	40.0	22.0	40.0
53	34.565272398442026	37.0	37.0	40.0	22.0	40.0
54	34.48234832946363	37.0	37.0	40.0	22.0	40.0
55	34.437661473633966	37.0	37.0	40.0	22.0	40.0
56	34.35544440816044	37.0	33.0	40.0	22.0	40.0
57	34.252998188864886	37.0	33.0	40.0	22.0	40.0
58	34.19408529336475	37.0	33.0	40.0	22.0	40.0
59	34.13030741821182	37.0	33.0	40.0	22.0	40.0
60	34.03753149277182	37.0	33.0	40.0	22.0	40.0
61	33.940175442085696	37.0	33.0	40.0	22.0	40.0
62	33.83677265089745	37.0	33.0	40.0	22.0	40.0
63	33.75139780751926	37.0	33.0	40.0	22.0	40.0
64	33.653794754701224	37.0	33.0	40.0	22.0	40.0
65	33.513040108655275	37.0	33.0	40.0	22.0	40.0
66	33.39949804034283	37.0	33.0	40.0	22.0	40.0
67	33.26151559225016	37.0	33.0	40.0	22.0	40.0
68	33.132370687968304	37.0	33.0	40.0	22.0	40.0
69	33.02884984900792	37.0	33.0	37.0	22.0	40.0
70	32.888604604761305	37.0	33.0	37.0	22.0	40.0
71	32.73758685974321	37.0	33.0	37.0	15.0	40.0
72	32.55671714278199	37.0	33.0	37.0	15.0	40.0
73	32.43938984699341	37.0	33.0	37.0	15.0	40.0
74	32.304502303535465	37.0	33.0	37.0	15.0	40.0
75	32.15190566956504	37.0	33.0	37.0	15.0	40.0
76	32.02582679953884	37.0	33.0	37.0	15.0	40.0
77	31.887460054622757	37.0	33.0	37.0	15.0	37.0
78	31.72941397621466	37.0	33.0	37.0	15.0	37.0
79	31.598443180848545	37.0	33.0	37.0	15.0	37.0
80	31.47948695411727	37.0	33.0	37.0	15.0	37.0
81	31.339745979158153	37.0	33.0	37.0	15.0	37.0
82	31.221306211429976	37.0	33.0	37.0	15.0	37.0
83	31.30219074851911	37.0	33.0	37.0	15.0	37.0
84	31.281849321000763	37.0	33.0	37.0	15.0	37.0
85	31.20737529118985	37.0	33.0	37.0	15.0	37.0
86	31.13423507289129	37.0	33.0	37.0	6.0	37.0
87	31.05841119246855	37.0	33.0	37.0	6.0	37.0
88	30.98328020114314	37.0	33.0	37.0	6.0	37.0
89	31.060793961086578	37.0	33.0	37.0	6.0	37.0
90	31.053947831866612	37.0	33.0	37.0	6.0	37.0
91	31.000655678386543	37.0	33.0	37.0	6.0	37.0
92	30.945656323158342	37.0	33.0	37.0	2.0	37.0
93	30.845241295420323	37.0	33.0	37.0	2.0	37.0
94	30.81571267172262	37.0	33.0	37.0	2.0	37.0
95	30.778350551841257	37.0	33.0	37.0	2.0	37.0
96	30.69088100207161	37.0	33.0	37.0	2.0	37.0
97	30.605808335327527	37.0	33.0	37.0	2.0	37.0
98	30.528804618747397	33.0	33.0	37.0	2.0	37.0
99	30.473565960155028	33.0	33.0	37.0	2.0	37.0
100	30.375860898664328	33.0	33.0	37.0	2.0	37.0
101	29.933796371442448	33.0	33.0	37.0	2.0	37.0
>>END_MODULE
>>Per sequence quality scores	pass
#Quality	Count
2	44234.0
3	7999.0
4	4817.0
5	3789.0
6	3310.0
7	3641.0
8	4060.0
9	4227.0
10	4230.0
11	4461.0
12	4499.0
13	4488.0
14	4681.0
15	4905.0
16	5182.0
17	5094.0
18	5094.0
19	5064.0
20	5186.0
21	5473.0
22	5930.0
23	6854.0
24	8174.0
25	9862.0
26	12099.0
27	14570.0
28	17710.0
29	21556.0
30	26674.0
31	33655.0
32	43453.0
33	57465.0
34	78704.0
35	111606.0
36	183226.0
37	390985.0
38	400549.0
39	1185.0
>>END_MODULE
>>Per base sequence content	fail
#Base	G	A	T	C
1	551548	433992	237258	335892
2	193176	359905	718163	287446
3	206889	524213	516135	311453
4	159827	319790	734649	344421
5	151813	633063	624552	149259
6	344891	722487	333372	157937
7	317111	542412	490770	208397
8	287107	648039	390691	232849
9	333813	291985	433122	499748
10	202064	472508	581669	302449
11	421286	453635	455169	228600
12	273288	449793	563986	271618
13	349308	406830	493702	308850
14	276047	380810	502209	399616
15	307157	531516	415982	304016
16	290828	529993	458354	279506
17	275246	506542	500600	276282
18	282784	508496	494793	272606
19	291429	500271	493513	273474
20	290805	495554	487827	284477
21	288979	493317	491251	285129
22	291970	486835	491505	288357
23	289322	489412	488790	291098
24	290587	493253	488558	286213
25	293620	488011	488993	287995
26	289992	490446	487798	290392
27	291967	494134	484174	288389
28	293384	490544	487484	287214
29	291829	490196	485040	291536
30	293168	493701	486106	285624
31	295276	488091	485442	289759
32	293192	489709	485350	290308
33	293395	492074	484372	288696
34	295561	487866	486864	288232
35	292019	486009	488818	291640
36	292859	490879	485056	289644
37	296685	485019	488632	288117
38	292947	486902	486648	291954
39	295034	490645	483788	288951
40	296667	486762	487016	287820
41	294064	486635	485489	292060
42	293164	491931	485196	287955
43	295586	487291	486261	288999
44	293532	486712	485135	292642
45	294685	490616	483375	289359
46	296934	484960	487032	289051
47	294289	485637	485375	292581
48	296436	489136	482521	289726
49	297297	484015	486532	289904
50	293609	485335	484958	293842
51	293215	488937	486281	289337
52	296437	483795	486180	291356
53	293190	486266	484378	294015
54	293568	488527	485454	290375
55	296781	486986	484892	289169
56	295495	485261	484264	292887
57	296049	489028	481925	290820
58	297918	484340	483895	291711
59	293572	484951	485652	293693
60	294323	489127	483849	290516
61	297724	483542	486302	290212
62	295250	485549	482846	294049
63	294016	488756	482637	292209
64	297253	484347	484326	291808
65	294497	486686	483333	293231
66	294852	487027	483016	292975
67	298442	483583	484788	290979
68	295879	485045	482022	294836
69	296038	488590	481750	291335
70	298118	484945	482196	292393
71	294106	484418	484441	294679
72	294501	487288	483167	292623
73	299469	482804	483935	291396
74	294690	485311	483717	294015
75	296950	487658	482085	290958
76	299265	483115	481708	293481
77	295735	483846	482229	295611
78	295234	487631	481785	292867
79	297940	483150	483294	293030
80	295529	483015	483136	295822
81	297388	485911	480915	293260
82	298018	483455	483020	293004
83	295330	483548	482276	296364
84	295121	487452	481935	293026
85	298211	482322	484242	292788
86	295878	483753	482298	295613
87	295619	486101	482872	292940
88	299077	481855	483714	292949
89	294510	484643	482668	295568
90	296117	486791	481212	293478
91	298647	481388	484097	293401
92	295759	481954	482721	296982
93	297346	485938	480902	293273
94	297186	481821	484704	293752
95	293270	483966	483822	296413
96	296891	487255	481048	292330
97	298817	482436	482830	293119
98	297236	483132	480444	296520
99	297156	486372	480146	293825
100	299120	481313	483425	293621
101	297710	481883	480877	296956
>>END_MODULE
>>Per base GC content	fail
#Base	%GC
1	56.93499028029948
2	30.834996054378998
3	33.254976935760155
4	32.35081834903351
5	19.315744597857044
6	32.259716030222876
7	33.714721978071324
8	33.35861103519247
9	53.47906032586799
10	32.367757539985504
11	41.69437155560118
12	34.95934072631738
13	42.22507361951382
14	43.348354571362215
15	39.21116130344377
16	36.59080979366529
17	35.384526551483
18	35.63209615321693
19	36.24223465006124
20	36.908683916921106
21	36.83305574731375
22	37.23226320952455
23	37.23930497580555
24	37.007309713584725
25	37.31604709040503
26	37.236851897951276
27	37.23419543917098
28	37.25062972130581
29	37.42875822612715
30	37.135401729373626
31	37.53670035571114
32	37.43842870241037
33	37.348551879102004
34	37.458093335805756
35	37.450384539867535
36	37.37736117830802
37	37.52451950748595
38	37.53092012517558
39	37.47293729923551
40	37.50883193808499
41	37.614295028775906
42	37.29314883529302
43	37.51820282812102
44	37.62298454257035
45	37.48593581017114
46	37.61191596538331
47	37.671017445480466
48	37.62709274954279
49	37.695506590282896
50	37.711652235540626
51	37.39653479011664
52	37.73302571371347
53	37.69331944238498
54	37.482123646596364
55	37.61326667642384
56	37.76746622230981
57	37.672404164275505
58	37.848554174176954
59	37.69671114625886
60	37.54226272054127
61	37.74191477615581
62	37.83149963985225
63	37.635992907118435
64	37.815249586899945
65	37.72936169994229
66	37.73273764819914
67	37.836951274624596
68	37.92026098645382
69	37.707395393117984
70	37.91032913641815
71	37.799715467719196
72	37.694653048095795
73	37.93422461678321
74	37.79242013875292
75	37.74324287019365
76	38.055842148887145
77	37.969566353606375
78	37.758881604502555
79	37.9455944276859
80	37.96791272178142
81	37.923458112302356
82	37.94691097318326
83	37.98954490413594
84	37.7614228646052
85	37.94382634923916
86	37.97592617085125
87	37.78792345839443
88	38.008981795652915
89	37.88892819969834
90	37.85283494200686
91	38.01190729185192
92	38.05925969683116
93	37.92196134858125
94	37.94234598189492
95	37.86157174034059
96	37.83062090857027
97	38.01279474339231
98	38.126488121993255
99	37.94422981973022
100	38.05772020040077
101	38.18261670217397
>>END_MODULE
>>Per sequence GC content	pass
#GC Content	Count
0	0.0
1	0.0
2	1.0
3	3.5
4	8.5
5	12.5
6	20.5
7	27.5
8	33.0
9	60.5
10	78.0
11	94.0
12	129.5
13	180.5
14	275.5
15	354.0
16	418.0
17	561.0
18	751.0
19	1095.0
20	1638.5
21	2579.0
22	3955.0
23	5854.5
24	8753.0
25	12743.5
26	18209.5
27	25108.0
28	33332.5
29	43036.0
30	53135.5
31	63814.0
32	74651.5
33	84029.0
34	91284.0
35	96616.0
36	99326.0
37	98881.0
38	96292.0
39	91621.0
40	84666.5
41	76105.5
42	67522.0
43	59225.5
44	50689.5
45	42309.0
46	35267.5
47	29284.5
48	23700.0
49	18980.0
50	15005.5
51	11647.0
52	9000.0
53	6738.5
54	4968.5
55	3699.5
56	2688.0
57	2005.5
58	1468.0
59	1079.5
60	790.0
61	568.5
62	456.5
63	341.5
64	255.0
65	206.5
66	165.5
67	131.0
68	105.0
69	75.0
70	58.0
71	53.0
72	40.5
73	35.0
74	32.5
75	23.0
76	20.0
77	26.0
78	20.5
79	10.5
80	11.5
81	18.5
82	18.0
83	12.5
84	10.0
85	7.5
86	4.5
87	5.0
88	7.0
89	7.0
90	4.5
91	1.5
92	3.5
93	6.0
94	5.5
95	5.0
96	3.0
97	3.5
98	7.0
99	14.0
100	59.5
>>END_MODULE
>>Per base N content	pass
#Base	N-Count
1	6.415639790054604E-5
2	6.415639790054604E-5
3	6.415639790054604E-5
4	2.5662559160218414E-4
5	2.5662559160218414E-4
6	2.5662559160218414E-4
7	6.415639790054604E-5
8	3.207819895027302E-4
9	0.0014755971517125587
10	6.415639790054604E-5
11	6.415639790054604E-5
12	3.849383874032762E-4
13	6.415639790054604E-5
14	5.774075811049143E-4
15	0.0012831279580109208
16	6.415639790054604E-4
17	0.0013472843559114668
18	7.698767748065524E-4
19	2.5662559160218414E-4
20	0.001796379141215289
21	9.623459685081906E-4
22	0.0015397535496131049
23	0.004426791455137676
24	0.005132511832043683
25	0.004619260648839315
26	0.0040418530677344
27	0.001732222743314743
28	0.004170165863535492
29	0.005774075811049143
30	0.005902388606850235
31	0.007891236941767164
32	0.008468644522872076
33	0.009880085276684089
34	0.010778274847291734
35	0.013152061569611937
36	0.016231568668838146
37	0.015269222700329958
38	0.01539753549613105
39	0.017514696626849065
40	0.027330625505632613
41	0.028421284269941893
42	0.028549597065742983
43	0.035542644436902505
44	0.04298478659336585
45	0.0420865970227582
46	0.045807668100989865
47	0.05190252590154174
48	0.05594437896927615
49	0.06049948322021491
50	0.06075610881181709
51	0.059088042466402896
52	0.059216355262203986
53	0.05401968703225976
54	0.049207957189718814
55	0.05536697138817123
56	0.05029861595402809
57	0.0557519097755745
58	0.053057341063751574
59	0.05280071547214939
60	0.05620100456087833
61	0.05844647848739743
62	0.0639639287068444
63	0.0688398149472859
64	0.06139767279082256
65	0.060563639618115464
66	0.05267240267634829
67	0.05767660171259088
68	0.05831816569159635
69	0.06274495714673402
70	0.06665849741866733
71	0.0671717486018717
72	0.07134191446540719
73	0.06973800451789354
74	0.0614618291887231
75	0.06672265381656788
76	0.07198347844441265
77	0.08147862533369346
78	0.07531961113524105
79	0.0819277201189973
80	0.07628195710374923
81	0.07807833624496452
82	0.07660273909325196
83	0.0752554547373405
84	0.07422895237093176
85	0.07236841683181593
86	0.07371570118772738
87	0.07435726516673286
88	0.07031541209899846
89	0.08353163006651093
90	0.07012294290529682
91	0.07429310876883231
92	0.0817994073231962
93	0.07904068221347271
94	0.07878405662187053
95	0.07827080543866616
96	0.07487051634993723
97	0.09552887647391305
98	0.08718854474684205
99	0.07647442629745087
100	0.0777575542554618
101	0.08115784334419074
>>END_MODULE
>>Sequence Length Distribution	pass
#Length	Count
101	1558691.0
>>END_MODULE
>>Sequence Duplication Levels	warn
#Total Duplicate Percentage	20.136738095813293
#Duplication Level	Relative count
1	100.0
2	13.70629624475918
3	3.360780209209324
4	1.2656619617760407
5	0.5783808964903896
6	0.4035356254802195
7	0.2770904294901657
8	0.23353036197206106
9	0.1730302681969157
10++	1.0018815529164071
>>END_MODULE
>>Overrepresented sequences	pass
>>END_MODULE
>>Kmer Content	warn
#Sequence	Count	Obs/Exp Overall	Obs/Exp Max	Max Obs/Exp Position
TATTG	334375	1.2433146	5.0813146	2
ACACC	114830	1.2138281	5.1195803	6
ATACC	184215	1.1627204	6.0835257	6
GTCTT	178825	1.11232	5.395119	1
ATATA	469385	1.0574839	6.0904384	1
GTATT	277220	1.0307938	7.533624	1
AATAC	272425	1.0278814	5.9819946	5
TATAT	453530	1.0205948	5.0551558	2
ATACA	257320	0.970889	5.382527	6
TAATA	416400	0.9381133	5.3020988	4
TATTA	407660	0.91737187	6.4680066	2
ATACT	235440	0.88731754	6.00952	6
TATAC	228095	0.85963595	7.317432	5
GTATA	219955	0.818801	8.575048	1
TATAA	352530	0.7942197	5.4956694	2
>>END_MODULE
