##FastQC	0.8.0
>>Basic Statistics	pass
#Measure	Value	
Filename	8_140619_BC47HDACXX_P1260_1013_2.fastq.gz	
File type	Conventional base calls	
Total Sequences	2736996	
Sequence length	101	
%GC	37	
>>END_MODULE
>>Per base sequence quality	pass
#Base	Mean	Median	Lower Quartile	Upper Quartile	10th Percentile	90th Percentile
1	31.831388865749165	33.0	33.0	33.0	33.0	33.0
2	31.83940860710063	33.0	33.0	33.0	33.0	33.0
3	31.82542795093599	33.0	33.0	33.0	27.0	33.0
4	35.65500351480236	37.0	37.0	37.0	33.0	37.0
5	35.685134358983355	37.0	37.0	37.0	33.0	37.0
6	35.736768340180255	37.0	37.0	37.0	33.0	37.0
7	35.688188802614256	37.0	37.0	37.0	33.0	37.0
8	35.70104450280527	37.0	37.0	37.0	33.0	37.0
9	35.71691409121533	37.0	37.0	37.0	33.0	37.0
10	35.67791476494668	37.0	37.0	37.0	33.0	37.0
11	35.7144270579862	37.0	37.0	37.0	33.0	37.0
12	35.672752170627945	37.0	37.0	37.0	33.0	37.0
13	35.673171608581086	37.0	37.0	37.0	33.0	37.0
14	37.59728329891604	40.0	37.0	40.0	33.0	40.0
15	37.6086179884808	40.0	37.0	40.0	33.0	40.0
16	37.59422227873186	40.0	37.0	40.0	33.0	40.0
17	37.547667588845584	40.0	37.0	40.0	33.0	40.0
18	37.54296864153254	40.0	37.0	40.0	33.0	40.0
19	37.58044914935937	40.0	37.0	40.0	33.0	40.0
20	37.5514458187005	40.0	37.0	40.0	33.0	40.0
21	37.50405225290793	40.0	37.0	40.0	33.0	40.0
22	37.44446173834379	40.0	37.0	40.0	33.0	40.0
23	37.41380878890579	40.0	37.0	40.0	33.0	40.0
24	37.36352592404227	40.0	37.0	40.0	33.0	40.0
25	37.3053888277513	40.0	37.0	40.0	33.0	40.0
26	37.245892577117395	40.0	37.0	40.0	33.0	40.0
27	37.20834009256864	40.0	37.0	40.0	33.0	40.0
28	37.17695933790185	40.0	37.0	40.0	33.0	40.0
29	37.1151817540106	40.0	37.0	40.0	33.0	40.0
30	37.10857304870011	40.0	37.0	40.0	33.0	40.0
31	37.06365701667083	40.0	37.0	40.0	33.0	40.0
32	37.06272533829059	40.0	37.0	40.0	33.0	40.0
33	37.05403515386943	40.0	37.0	40.0	33.0	40.0
34	37.03315715477845	40.0	37.0	40.0	33.0	40.0
35	37.02353383052076	40.0	37.0	40.0	33.0	40.0
36	36.990155265115476	40.0	37.0	40.0	33.0	40.0
37	36.97092615407549	40.0	37.0	40.0	33.0	40.0
38	36.92443211462494	40.0	37.0	40.0	33.0	40.0
39	36.888220881579656	40.0	37.0	40.0	33.0	40.0
40	36.859760481929825	40.0	37.0	40.0	33.0	40.0
41	36.769645991444634	40.0	37.0	40.0	33.0	40.0
42	36.74861271262362	40.0	37.0	40.0	33.0	40.0
43	36.718087640610364	40.0	37.0	40.0	33.0	40.0
44	36.69433313019091	40.0	37.0	40.0	33.0	40.0
45	36.64307583935088	40.0	37.0	40.0	33.0	40.0
46	36.57797015413979	40.0	37.0	40.0	33.0	40.0
47	36.49619984830084	40.0	37.0	40.0	33.0	40.0
48	36.431957883752844	40.0	37.0	40.0	33.0	40.0
49	36.35084998297403	40.0	37.0	40.0	33.0	40.0
50	36.23046434850471	40.0	37.0	40.0	33.0	40.0
51	34.756365007475345	37.0	33.0	37.0	27.0	40.0
52	35.24862440427388	37.0	37.0	40.0	33.0	40.0
53	35.74004565589427	37.0	37.0	40.0	33.0	40.0
54	35.93793962431805	37.0	37.0	40.0	33.0	40.0
55	35.98333611010027	37.0	37.0	40.0	33.0	40.0
56	35.95141059760409	37.0	37.0	40.0	33.0	40.0
57	36.167393741167324	37.0	37.0	40.0	33.0	40.0
58	36.21221149026159	40.0	37.0	40.0	33.0	40.0
59	36.19715849054949	40.0	37.0	40.0	33.0	40.0
60	36.145983771989435	37.0	37.0	40.0	33.0	40.0
61	36.07490548031492	37.0	37.0	40.0	33.0	40.0
62	35.97999083666911	37.0	37.0	40.0	33.0	40.0
63	35.88300932847545	37.0	37.0	40.0	33.0	40.0
64	35.783856096245664	37.0	37.0	40.0	33.0	40.0
65	35.69645662616971	37.0	37.0	40.0	27.0	40.0
66	35.75169053955504	37.0	37.0	40.0	33.0	40.0
67	35.69410696983116	37.0	37.0	40.0	33.0	40.0
68	35.593943140581864	37.0	37.0	40.0	33.0	40.0
69	35.466587455736146	37.0	37.0	40.0	33.0	40.0
70	35.33928292186032	37.0	37.0	40.0	27.0	40.0
71	35.18772223269599	37.0	37.0	40.0	27.0	40.0
72	35.05420029842937	37.0	37.0	40.0	27.0	40.0
73	34.883027596678986	37.0	37.0	37.0	27.0	40.0
74	34.72657322115195	37.0	33.0	37.0	27.0	40.0
75	34.55409288139259	37.0	33.0	37.0	27.0	40.0
76	34.354809433408015	37.0	33.0	37.0	27.0	40.0
77	34.17863416680185	37.0	33.0	37.0	27.0	40.0
78	34.00509938633451	37.0	33.0	37.0	27.0	40.0
79	33.86034068007407	37.0	33.0	37.0	27.0	37.0
80	33.77967925418963	37.0	33.0	37.0	27.0	37.0
81	33.66548288707766	37.0	33.0	37.0	27.0	37.0
82	33.56006110348718	37.0	33.0	37.0	27.0	37.0
83	33.46359548936133	37.0	33.0	37.0	27.0	37.0
84	33.36945468681723	37.0	33.0	37.0	27.0	37.0
85	33.28689190630896	37.0	33.0	37.0	27.0	37.0
86	33.176683853392554	37.0	33.0	37.0	27.0	37.0
87	33.10885584049082	37.0	33.0	37.0	27.0	37.0
88	33.04398143073647	37.0	33.0	37.0	27.0	37.0
89	32.97819982199462	37.0	33.0	37.0	27.0	37.0
90	32.88915182923176	37.0	33.0	37.0	27.0	37.0
91	32.82055289814088	37.0	33.0	37.0	27.0	37.0
92	32.74270660242105	37.0	33.0	37.0	27.0	37.0
93	32.66128339244924	37.0	33.0	37.0	27.0	37.0
94	32.60859387445214	37.0	33.0	37.0	27.0	37.0
95	32.526322654472274	37.0	33.0	37.0	27.0	37.0
96	32.43609818940181	37.0	33.0	37.0	27.0	37.0
97	32.35831364020992	37.0	33.0	37.0	27.0	37.0
98	32.272326667631226	37.0	33.0	37.0	27.0	37.0
99	32.185231545826156	37.0	33.0	37.0	27.0	37.0
100	32.06632709729937	37.0	33.0	37.0	22.0	37.0
101	31.29735629865736	33.0	33.0	37.0	22.0	37.0
>>END_MODULE
>>Per sequence quality scores	pass
#Quality	Count
2	23153.0
3	5112.0
4	4004.0
5	4388.0
6	3680.0
7	3311.0
8	3650.0
9	4326.0
10	4749.0
11	4914.0
12	4422.0
13	4132.0
14	4217.0
15	4805.0
16	5373.0
17	5624.0
18	5933.0
19	6289.0
20	6622.0
21	7022.0
22	8009.0
23	8925.0
24	10819.0
25	13274.0
26	16170.0
27	19170.0
28	23723.0
29	29143.0
30	36577.0
31	47237.0
32	62290.0
33	85721.0
34	121189.0
35	181122.0
36	319056.0
37	780979.0
38	854271.0
39	3595.0
>>END_MODULE
>>Per base sequence content	fail
#Base	G	A	T	C
1	971236	755929	408804	590790
2	339377	626577	1251802	509577
3	360271	911545	906404	548981
4	278363	559310	1286203	604471
5	265342	1107932	1095718	261180
6	607003	1264761	585236	276488
7	557622	953446	854627	369143
8	509817	1134861	679441	411830
9	582673	514919	761197	877692
10	353721	831334	1022147	529327
11	740453	796346	795431	404386
12	477156	790374	987305	481770
13	614271	715538	862030	544951
14	481836	671932	879593	703478
15	534226	933912	731955	536741
16	510862	932609	802031	491401
17	482858	892049	876238	485707
18	490213	897929	866271	482412
19	509331	877766	867495	482208
20	508086	870872	858984	498473
21	503360	865185	864175	502639
22	512283	854394	861468	506031
23	505252	859548	859164	509472
24	505926	866468	856163	503172
25	511853	855627	857361	505501
26	504668	858252	856193	509761
27	507084	867428	850365	502849
28	514415	858458	850495	503841
29	505622	859730	851671	510714
30	509374	865358	853565	500269
31	514025	858174	852163	505578
32	507476	860490	852206	510447
33	510195	862163	851312	508935
34	514746	857045	853692	508745
35	510373	855924	856553	512724
36	510112	861462	854094	510383
37	516032	856284	858987	505125
38	511926	857005	856220	511462
39	515638	864089	848072	508852
40	517766	857154	856871	504970
41	514908	857002	853386	511580
42	514334	863285	853038	506191
43	518196	853727	855245	509645
44	513774	853186	854089	515610
45	513188	863416	850306	509691
46	516737	852154	856674	510651
47	509732	856950	854141	514332
48	515023	857407	850189	511556
49	518127	852693	853181	509135
50	509942	856539	849996	515448
51	508066	860108	853075	509951
52	515500	848314	854785	511470
53	508433	853166	851965	514988
54	510853	857058	850881	508905
55	516169	851360	850206	509738
56	513179	850854	850238	513561
57	511394	856126	848838	511792
58	518070	848128	849780	513418
59	507011	850900	852540	519362
60	510889	859352	848323	511841
61	513904	849803	857130	510050
62	512303	853241	849708	516800
63	509143	859037	850471	514767
64	515726	851797	854773	512615
65	511959	854959	850877	517664
66	512016	855967	852421	515262
67	516817	850770	855068	513109
68	513945	850838	848964	522047
69	517183	858516	847047	513003
70	518980	853157	850845	512929
71	510246	850919	853328	520352
72	510336	858076	849730	515802
73	519511	846497	852540	514073
74	510105	849794	851504	519272
75	512423	854122	848289	513369
76	516597	847766	847284	514596
77	511411	847525	845973	519578
78	509345	850954	846684	516649
79	514299	847744	848945	513317
80	511956	849650	844641	520676
81	511343	853217	846500	517369
82	516589	848899	848729	514896
83	514020	847322	847154	522182
84	508871	860565	847866	514882
85	517012	845159	851842	518712
86	512266	851790	848245	521012
87	515507	854900	847397	515866
88	521163	846459	850323	516566
89	510610	850469	850417	523660
90	511799	853673	848651	521039
91	517165	847708	851864	519074
92	515679	848762	846834	524613
93	514240	854511	849088	518241
94	517428	847826	853866	517047
95	511910	851063	849045	524214
96	516476	857173	847782	514864
97	522808	847320	846654	518957
98	516799	849026	847590	522732
99	514952	855304	846156	519605
100	521571	845364	849780	518316
101	518140	845286	846504	523352
>>END_MODULE
>>Per base GC content	fail
#Base	%GC
1	57.28507726572095
2	31.12762541281171
3	33.34011684507303
4	32.35783424908929
5	19.2853051016566
6	32.32101256709377
7	33.88738199483845
8	33.68655629180222
9	53.36653168795983
10	32.268907071695565
11	41.834111910476295
12	35.04071650822826
13	42.356994873556246
14	43.309599139737486
15	39.13160242820719
16	36.62033327450772
17	35.38974705245296
18	35.538443269116584
19	36.22986699795381
20	36.78385771164096
21	36.77758568436538
22	37.243908219514765
23	37.12265441737067
24	36.93990143238952
25	37.26104641836078
26	37.17390396185387
27	37.024723157677855
28	37.336925772832224
29	37.25931055669957
30	37.00269665457973
31	37.348916093393996
32	37.27810434190929
33	37.29518170390525
34	37.43254037337047
35	37.39971940075465
36	37.29809861000398
37	37.31715214140478
38	37.396153566470666
39	37.435902495422326
40	37.37030745468822
41	37.50582781244017
42	37.288333148205524
43	37.556128241133024
44	37.61462425534201
45	37.377717833180654
46	37.547766696781245
47	37.4408031720323
48	37.5462068082694
49	37.58546958512127
50	37.53360725495759
51	37.27361599297012
52	37.61699795865965
53	37.50784298778253
54	37.38531075848967
55	37.61382789123852
56	37.63941474401649
57	37.504755970162925
58	37.79180448714661
59	37.5986560251563
60	37.457080542996366
61	37.495289991859785
62	37.6677676706007
63	37.45896163704197
64	37.60052886547314
65	37.63986226808736
66	37.55129463903854
67	37.64674145869307
68	37.86805585508265
69	37.65645167009108
70	37.71719913403616
71	37.683963807820916
72	37.53324866932169
73	37.82390605942061
74	37.69679657960028
75	37.59954812746705
76	37.82469134262793
77	37.84158265390879
78	37.67006702814477
79	37.72029930569448
80	37.86802927695428
81	37.70345499186528
82	37.795613446566705
83	37.94669309233824
84	37.470133783083426
85	37.900776697252745
86	37.80313487697896
87	37.728511488219134
88	37.94934450803087
89	37.813930905586375
90	37.7614927379073
91	37.87684894899538
92	38.02392495599235
93	37.735775269728954
94	37.807451080288594
95	37.86681831072804
96	37.69111152123583
97	38.07983875654804
98	37.99251282917183
99	37.81252090173417
100	38.021031571488585
101	38.10408146689584
>>END_MODULE
>>Per sequence GC content	pass
#GC Content	Count
0	70.5
1	36.0
2	58.0
3	68.0
4	70.0
5	84.5
6	113.5
7	138.5
8	148.0
9	165.0
10	219.5
11	265.5
12	306.5
13	431.0
14	581.5
15	732.5
16	962.5
17	1241.0
18	1636.0
19	2324.0
20	3295.5
21	4919.5
22	7323.0
23	10442.5
24	15451.5
25	22835.0
26	32868.5
27	45235.5
28	60919.0
29	78487.5
30	96846.0
31	115969.0
32	133275.5
33	148572.5
34	161385.0
35	170162.5
36	173540.0
37	172710.5
38	167009.0
39	157857.5
40	145232.5
41	130092.5
42	116383.0
43	101625.0
44	86153.0
45	71916.0
46	60134.5
47	50258.5
48	41391.0
49	33483.5
50	26798.5
51	21193.5
52	16196.0
53	11910.0
54	8759.0
55	6816.5
56	5142.5
57	3893.0
58	2900.0
59	1974.0
60	1311.0
61	1089.5
62	879.5
63	688.0
64	528.5
65	360.0
66	254.0
67	174.5
68	115.0
69	80.5
70	61.0
71	48.0
72	47.0
73	43.5
74	34.5
75	34.5
76	29.5
77	24.5
78	21.0
79	15.5
80	14.0
81	12.5
82	8.0
83	6.0
84	7.0
85	7.0
86	4.5
87	4.0
88	3.5
89	1.0
90	3.0
91	3.5
92	2.0
93	2.0
94	1.0
95	1.0
96	2.0
97	1.5
98	1.0
99	2.0
100	2.0
>>END_MODULE
>>Per base N content	pass
#Base	N-Count
1	0.374023199157032
2	0.3530513014998926
3	0.3578741072328933
4	0.3160033847327508
5	0.2493244418333092
6	0.12816971599520058
7	0.07884556645314791
8	0.03825361820039196
9	0.01881624964011639
10	0.017062502100843407
11	0.013883834685911122
12	0.014285735163661181
13	0.0075264998560465556
14	0.005736215909705385
15	0.005918897945046321
16	0.0033978858573414064
17	0.0052612426178189516
18	0.006247725608660005
19	0.0071611357853646855
20	0.02122765250661674
21	0.059810098370622386
22	0.10303266793228781
23	0.1300696091627463
24	0.1924372560281418
25	0.24311325263171743
26	0.29674869820781613
27	0.338692493522095
28	0.35758181597634775
29	0.33829059304434494
30	0.3080019115848178
31	0.25780088827312864
32	0.23299266787382955
33	0.16043136343640985
34	0.10113277476474208
35	0.05195477085096215
36	0.03452690467943687
37	0.02075267921473031
38	0.013993443907115686
39	0.01260506043852457
40	0.008586055661023984
41	0.00438436884818246
42	0.005407388246091701
43	0.00668616249347825
44	0.012312769181979075
45	0.014431880791933931
46	0.028498397513185992
47	0.06726352541253257
48	0.103069204339356
49	0.14103053128320245
50	0.18527612024277712
51	0.2117650153672128
52	0.2530876917613325
53	0.3085134212837724
54	0.3397520493270724
55	0.34793620451034635
56	0.33481963437286716
57	0.32320105692518364
58	0.27767669371822246
59	0.2624410119707884
60	0.2408114589864216
61	0.2232009107795554
62	0.18063599654511733
63	0.13072726448997368
64	0.07617840873717023
65	0.05615645766380368
66	0.04859342140068893
67	0.04501285350800659
68	0.04391676129596098
69	0.0455608996140294
70	0.03964200166898307
71	0.0785898116036706
72	0.11150911437210723
73	0.15984678092331886
74	0.23094662907801108
75	0.32126462735056976
76	0.39287598520421657
77	0.4570339160159533
78	0.4882725440592533
79	0.46368354210236334
80	0.36803122839784935
81	0.31300739935315947
82	0.2880164969185194
83	0.23083701985680655
84	0.17581319081211663
85	0.15604699458822738
86	0.13456358723213335
87	0.12152008990879051
88	0.0907929715644451
89	0.0672269890054644
90	0.06700777056305526
91	0.04329564237580179
92	0.04048233903155138
93	0.03346734887445944
94	0.03028868145952716
95	0.02791381500009499
96	0.025612021354799203
97	0.04592626368471127
98	0.0310194096008909
99	0.035769142519755236
100	0.07179403988898778
101	0.13569621585124714
>>END_MODULE
>>Sequence Length Distribution	pass
#Length	Count
101	2736996.0
>>END_MODULE
>>Sequence Duplication Levels	warn
#Total Duplicate Percentage	38.20504742244772
#Duplication Level	Relative count
1	100.0
2	27.773085264239242
3	10.537609861887912
4	4.487311189742419
5	2.356656393866758
6	1.3385077806947456
7	0.8522619183502644
8	0.5813643800175018
9	0.4238481147509797
10++	3.838983373283111
>>END_MODULE
>>Overrepresented sequences	pass
>>END_MODULE
>>Kmer Content	warn
#Sequence	Count	Obs/Exp Overall	Obs/Exp Max	Max Obs/Exp Position
ACACC	206795	1.2291732	5.206885	6
ATACC	323305	1.1505703	6.105163	6
GTCTT	314865	1.1179914	5.274931	1
ATATA	831765	1.0620267	5.8481197	1
GTATT	495105	1.0534595	7.55676	1
TATAT	811655	1.0354459	5.079423	2
AATAC	476145	1.0154216	5.6791806	5
TAATA	740940	0.9460582	5.3939743	4
TATTA	727740	0.92839384	6.3280005	2
ATACT	412465	0.87885135	6.000487	6
TATAC	406760	0.8666956	7.0283523	5
GTATA	393600	0.8382132	8.904498	1
TATAA	627065	0.8006586	5.477939	2
GTGTA	207670	0.73762864	5.128423	1
GTCTA	205680	0.7309455	5.1464796	1
>>END_MODULE
