##FastQC	0.8.0
>>Basic Statistics	pass
#Measure	Value	
Filename	8_140619_BC47HDACXX_P1260_1004_2.fastq.gz	
File type	Conventional base calls	
Total Sequences	2449087	
Sequence length	101	
%GC	37	
>>END_MODULE
>>Per base sequence quality	pass
#Base	Mean	Median	Lower Quartile	Upper Quartile	10th Percentile	90th Percentile
1	31.39833864619754	33.0	33.0	33.0	27.0	33.0
2	31.407501652656684	33.0	33.0	33.0	27.0	33.0
3	31.385557965070248	33.0	33.0	33.0	27.0	33.0
4	35.16697038529052	37.0	37.0	37.0	33.0	37.0
5	35.19385428120765	37.0	37.0	37.0	33.0	37.0
6	35.24496638951577	37.0	37.0	37.0	33.0	37.0
7	35.18030270055739	37.0	37.0	37.0	33.0	37.0
8	35.188080292778494	37.0	37.0	37.0	33.0	37.0
9	35.2018715545834	37.0	37.0	37.0	33.0	37.0
10	35.15101709330865	37.0	37.0	37.0	33.0	37.0
11	35.18491339833987	37.0	37.0	37.0	33.0	37.0
12	35.14197086506114	37.0	37.0	37.0	33.0	37.0
13	35.13411365133211	37.0	37.0	37.0	33.0	37.0
14	36.93367528389151	40.0	37.0	40.0	33.0	40.0
15	36.94085224412199	40.0	37.0	40.0	33.0	40.0
16	36.925665768508836	40.0	37.0	40.0	33.0	40.0
17	36.87593049981483	40.0	37.0	40.0	33.0	40.0
18	36.86556173790478	40.0	37.0	40.0	33.0	40.0
19	36.910841876993345	40.0	37.0	40.0	33.0	40.0
20	36.87084574782358	40.0	37.0	40.0	33.0	40.0
21	36.825082979902305	40.0	37.0	40.0	33.0	40.0
22	36.755973144277846	40.0	37.0	40.0	33.0	40.0
23	36.72518575289485	40.0	37.0	40.0	33.0	40.0
24	36.66200261566861	40.0	37.0	40.0	33.0	40.0
25	36.60023102486763	40.0	37.0	40.0	33.0	40.0
26	36.54165817710845	40.0	37.0	40.0	33.0	40.0
27	36.498402874213944	40.0	37.0	40.0	33.0	40.0
28	36.454110041823746	40.0	37.0	40.0	33.0	40.0
29	36.391497729562076	40.0	37.0	40.0	33.0	40.0
30	36.38031805321738	40.0	37.0	40.0	33.0	40.0
31	36.33165012104511	40.0	37.0	40.0	33.0	40.0
32	36.33279299592052	40.0	37.0	40.0	33.0	40.0
33	36.314874481796686	40.0	37.0	40.0	33.0	40.0
34	36.285061739333884	40.0	37.0	40.0	33.0	40.0
35	36.26868461594055	40.0	37.0	40.0	33.0	40.0
36	36.23399250414542	40.0	37.0	40.0	33.0	40.0
37	36.20811714732878	40.0	37.0	40.0	33.0	40.0
38	36.156277829248204	40.0	37.0	40.0	33.0	40.0
39	36.118648296283475	40.0	37.0	40.0	33.0	40.0
40	36.0905855937335	40.0	37.0	40.0	33.0	40.0
41	35.99760767992317	40.0	37.0	40.0	33.0	40.0
42	35.97520586242955	40.0	37.0	40.0	33.0	40.0
43	35.93577198360042	40.0	37.0	40.0	33.0	40.0
44	35.909899484991755	40.0	37.0	40.0	33.0	40.0
45	35.85882085854851	40.0	37.0	40.0	27.0	40.0
46	35.785393903932366	40.0	37.0	40.0	27.0	40.0
47	35.69401862816633	37.0	37.0	40.0	27.0	40.0
48	35.62427835352521	37.0	37.0	40.0	27.0	40.0
49	35.54382143223169	37.0	37.0	40.0	27.0	40.0
50	35.42043218554506	37.0	37.0	40.0	27.0	40.0
51	34.012881535037344	37.0	33.0	37.0	27.0	40.0
52	34.48684877262425	37.0	37.0	37.0	27.0	40.0
53	34.96481178496313	37.0	37.0	40.0	27.0	40.0
54	35.154340780870584	37.0	37.0	40.0	27.0	40.0
55	35.206382215086684	37.0	37.0	40.0	27.0	40.0
56	35.1715537259395	37.0	37.0	40.0	27.0	40.0
57	35.384337918579455	37.0	37.0	40.0	27.0	40.0
58	35.42509351444028	37.0	37.0	40.0	27.0	40.0
59	35.40781932205757	37.0	37.0	40.0	27.0	40.0
60	35.356928929025386	37.0	37.0	40.0	27.0	40.0
61	35.29042945391487	37.0	37.0	40.0	27.0	40.0
62	35.189737645089785	37.0	37.0	40.0	27.0	40.0
63	35.099404390289116	37.0	37.0	40.0	27.0	40.0
64	34.993840153493935	37.0	37.0	40.0	27.0	40.0
65	34.908791725242914	37.0	37.0	40.0	27.0	40.0
66	34.97229539007802	37.0	37.0	40.0	27.0	40.0
67	34.91407083537661	37.0	37.0	40.0	27.0	40.0
68	34.80899045236041	37.0	37.0	40.0	27.0	40.0
69	34.682081526707705	37.0	37.0	40.0	27.0	40.0
70	34.55386150022437	37.0	33.0	40.0	27.0	40.0
71	34.40279581738011	37.0	33.0	40.0	27.0	40.0
72	34.26391426682678	37.0	33.0	37.0	27.0	40.0
73	34.0929321824827	37.0	33.0	37.0	27.0	40.0
74	33.930044543129746	37.0	33.0	37.0	27.0	40.0
75	33.750467010767686	37.0	33.0	37.0	27.0	40.0
76	33.54797889989208	37.0	33.0	37.0	27.0	40.0
77	33.36287726814115	37.0	33.0	37.0	27.0	40.0
78	33.18398693063987	37.0	33.0	37.0	27.0	40.0
79	33.039120700897925	37.0	33.0	37.0	27.0	37.0
80	32.95078859999665	37.0	33.0	37.0	27.0	37.0
81	32.833654745625616	37.0	33.0	37.0	27.0	37.0
82	32.728812410502364	37.0	33.0	37.0	27.0	37.0
83	32.62344457342675	37.0	33.0	37.0	22.0	37.0
84	32.526855517995074	37.0	33.0	37.0	22.0	37.0
85	32.43619152769991	37.0	33.0	37.0	22.0	37.0
86	32.3182430840554	37.0	33.0	37.0	22.0	37.0
87	32.24570870695896	37.0	33.0	37.0	22.0	37.0
88	32.17716806303737	37.0	33.0	37.0	22.0	37.0
89	32.1040812351705	37.0	33.0	37.0	22.0	37.0
90	32.008583198555215	37.0	33.0	37.0	22.0	37.0
91	31.937340323148995	37.0	33.0	37.0	22.0	37.0
92	31.842957804275635	37.0	33.0	37.0	22.0	37.0
93	31.758917915125107	37.0	33.0	37.0	22.0	37.0
94	31.70061006407694	37.0	33.0	37.0	22.0	37.0
95	31.615774776477927	37.0	33.0	37.0	15.0	37.0
96	31.519505023708835	37.0	33.0	37.0	15.0	37.0
97	31.424430410189593	37.0	33.0	37.0	15.0	37.0
98	31.32665193192402	37.0	33.0	37.0	15.0	37.0
99	31.232014215909846	37.0	33.0	37.0	15.0	37.0
100	31.106389033954287	37.0	33.0	37.0	2.0	37.0
101	30.344677016373858	33.0	33.0	37.0	2.0	37.0
>>END_MODULE
>>Per sequence quality scores	pass
#Quality	Count
2	37585.0
3	8115.0
4	5782.0
5	5674.0
6	4627.0
7	4411.0
8	4721.0
9	5370.0
10	5779.0
11	5763.0
12	5272.0
13	4918.0
14	5136.0
15	5639.0
16	6096.0
17	6515.0
18	6792.0
19	7159.0
20	7457.0
21	7985.0
22	8779.0
23	10180.0
24	11981.0
25	14549.0
26	17250.0
27	20368.0
28	24590.0
29	29882.0
30	36955.0
31	47185.0
32	61167.0
33	81932.0
34	114102.0
35	168150.0
36	290816.0
37	674457.0
38	683286.0
39	2662.0
>>END_MODULE
>>Per base sequence content	fail
#Base	G	A	T	C
1	864123	679313	371593	524834
2	301318	565833	1124440	448739
3	318877	824023	810086	487218
4	248013	502762	1152107	538332
5	237673	993679	978424	233088
6	538607	1137767	523564	245980
7	495122	853778	772301	325925
8	450156	1020253	613098	364632
9	522643	459163	683683	783105
10	314128	746722	914556	473249
11	657687	715178	717022	358844
12	426769	708974	886094	426871
13	546872	641726	775194	485078
14	431229	601245	789985	626478
15	478058	836350	657005	477501
16	454350	835370	719537	439733
17	429477	800196	785671	433597
18	437827	806126	776762	428199
19	454693	788025	776266	429896
20	452754	781293	770350	444150
21	449831	774776	774689	448323
22	455751	766487	772407	451857
23	450910	770354	769595	454964
24	452631	776544	765695	449433
25	457760	767254	768381	449587
26	450374	770774	765664	454790
27	453423	778028	759610	449563
28	457455	770564	763021	449111
29	453868	770921	762215	453639
30	454018	776350	762757	448199
31	458961	767788	764299	451585
32	454210	772038	761555	455435
33	453760	774518	763211	453621
34	459029	768203	765933	453333
35	453730	769086	768550	456407
36	454694	773081	765395	455058
37	460956	766265	767544	453783
38	455668	768111	766684	458257
39	458588	774724	761253	454178
40	461623	767647	767713	451880
41	457896	770273	761742	459055
42	458186	773954	764073	452715
43	460750	766828	767579	453757
44	457329	765024	766414	460005
45	456628	773727	763656	454690
46	461373	765082	767530	454384
47	456918	767610	763105	459762
48	458168	771456	761783	455084
49	462796	764044	764449	454306
50	456494	767086	760587	460298
51	454165	770866	764237	454567
52	459053	762897	764963	455837
53	452266	767467	761222	460353
54	455453	768934	762899	453270
55	459127	763249	762333	455603
56	456701	763294	761567	459127
57	456247	769932	760343	454452
58	460341	761122	762558	458076
59	454012	764136	764066	460331
60	455005	771200	760953	455898
61	459893	760993	765942	456673
62	455928	764752	762627	461245
63	454985	769417	762718	458669
64	460855	764115	764450	457792
65	455596	768659	761369	462094
66	456490	768373	763380	459642
67	461220	761770	766202	458819
68	458244	763774	761774	464248
69	459212	769879	761273	457635
70	460307	763285	764702	459836
71	455238	764030	765096	462778
72	457191	769738	760180	459165
73	462153	760656	764387	457924
74	454959	764027	761578	462717
75	456911	767105	760438	456612
76	460087	760577	760329	458290
77	454707	759866	759384	463716
78	455370	764025	757492	460044
79	459771	759856	759798	458128
80	456113	762144	758728	462899
81	456787	766276	756662	461522
82	462148	759585	760855	459245
83	456826	761124	761070	464267
84	455705	768671	758694	461628
85	461056	761040	762919	460166
86	457122	763271	759933	465378
87	456631	767308	761501	460593
88	464984	760050	762150	459624
89	456891	762810	761672	466054
90	457824	767499	759508	462571
91	463256	759179	764672	460884
92	457151	762450	760675	467800
93	459954	766698	758901	462705
94	462565	760583	763334	461832
95	454905	762366	764633	466487
96	458798	768801	760526	460308
97	463885	759398	761021	463674
98	461291	762860	758040	466122
99	460380	766887	758450	462475
100	464109	758530	762346	462338
101	461210	758814	759517	466161
>>END_MODULE
>>Per base GC content	fail
#Base	%GC
1	56.92766356143767
2	30.735884081251307
3	33.03391847566843
4	32.21122769245138
5	19.27086403500154
6	32.07740406669398
7	33.551480389648916
8	33.28193374640901
9	53.3264395812454
10	32.15548944216315
11	41.512563037753026
12	34.86083273301676
13	42.13984409135642
14	43.19045365397313
15	39.01970424441201
16	36.50823400667213
17	35.24274370023615
18	35.363675490441885
19	36.122186468916404
20	36.63005039315153
21	36.69500849601184
22	37.09819162216095
23	37.03759429852446
24	36.90475362506203
25	37.14096133332133
26	37.07254499300049
27	36.99816112600712
28	37.15204509884839
29	37.18311117193297
30	36.9560533546551
31	37.2772332151412
32	37.23112525263605
33	37.11002776971179
34	37.292570850252076
35	37.18224688318729
36	37.15961095126762
37	37.35842629999493
38	37.32256035806462
39	37.27487939730711
40	37.303148440725344
41	37.44237363850703
42	37.19590776045682
43	37.34336934657566
44	37.46098044244217
45	37.21638534063571
46	37.40273627055399
47	37.45533516248909
48	37.32905618700416
49	37.50015844814861
50	37.50481189135455
51	37.18467081451898
52	37.45328011462491
53	37.38237862653954
54	37.234261373228065
55	37.484141372086846
56	37.52333869657298
57	37.30883655458845
58	37.60771992267301
59	37.43402885105495
60	37.28539173887132
61	37.51035911178264
62	37.51906279760055
63	37.35620693363164
64	37.53851321422092
65	37.49165549299388
66	37.425450950514424
67	37.58312360524524
68	37.682880998676495
69	37.45291562619102
70	37.58554488527979
71	37.51380181452486
72	37.45925435989591
73	37.62911431749771
74	37.559167365522015
75	37.42311760517741
76	37.64946502722316
77	37.67621826225256
78	37.56421499008384
79	37.65657608265338
80	37.66621691850924
81	37.616390312000384
82	37.7336615567076
83	37.69892771500032
84	37.52336689439759
85	37.675002382236734
86	37.7192006882272
87	37.49843113318585
88	37.78833484278292
89	37.71082855586704
90	37.6070216498965
91	37.75095578374267
92	37.78277308384217
93	37.68634678207934
94	37.75647241326072
95	37.63255133677587
96	37.53853995596367
97	37.89082254824186
98	37.87967469845563
99	37.69536866389564
100	37.85552622191676
101	37.91839725363106
>>END_MODULE
>>Per sequence GC content	pass
#GC Content	Count
0	75.5
1	42.5
2	52.5
3	61.0
4	66.5
5	82.0
6	91.0
7	95.0
8	127.5
9	173.0
10	206.0
11	236.5
12	296.0
13	380.5
14	519.5
15	664.5
16	801.0
17	1037.5
18	1383.5
19	1987.0
20	2893.5
21	4432.5
22	6634.5
23	9572.5
24	14152.0
25	20943.0
26	29923.5
27	41011.5
28	54363.0
29	69465.0
30	85759.5
31	103062.5
32	119690.5
33	134334.5
34	146228.5
35	154409.0
36	158238.5
37	157594.5
38	152353.0
39	144036.0
40	132729.5
41	118660.5
42	104531.0
43	90979.5
44	77454.5
45	64077.5
46	52843.5
47	43786.5
48	35487.0
49	27779.0
50	21463.5
51	16723.5
52	12649.0
53	9059.0
54	6490.5
55	4741.5
56	3404.5
57	2442.0
58	1742.0
59	1181.0
60	793.5
61	607.0
62	442.0
63	296.5
64	246.0
65	206.0
66	142.5
67	109.0
68	88.0
69	63.0
70	46.5
71	40.0
72	32.5
73	25.0
74	24.5
75	25.0
76	22.0
77	19.5
78	16.5
79	13.0
80	15.0
81	11.5
82	6.5
83	6.5
84	4.5
85	4.5
86	5.0
87	4.5
88	4.0
89	2.0
90	1.5
91	1.5
92	1.0
93	0.5
94	0.0
95	0.0
96	0.5
97	1.0
98	0.5
99	0.0
100	0.5
>>END_MODULE
>>Per base N content	pass
#Base	N-Count
1	0.3766301482960793
2	0.3575618179346018
3	0.362706592293373
4	0.32146673433814316
5	0.25409468916375777
6	0.1293951582773499
7	0.08007065490119379
8	0.03870830231837415
9	0.020129950467255756
10	0.017639226372929993
11	0.014536029140655273
12	0.015475154618843674
13	0.008860444728994929
14	0.006124731379489581
15	0.007063856857677984
16	0.003960659625403262
17	0.0059614052093698595
18	0.007063856857677984
19	0.008452129303695622
20	0.022049032966162493
21	0.05994070443393803
22	0.10554953743987046
23	0.13327415481769328
24	0.1953380994631877
25	0.24927656714522597
26	0.3056240958365301
27	0.34555734443080216
28	0.3648706640474593
29	0.3447815451227335
30	0.31697526465985076
31	0.2635267754881717
32	0.23882369225756372
33	0.16238704464153375
34	0.10571286360999017
35	0.05365264688432873
36	0.035074295033210336
37	0.022008201423632565
38	0.014985176108484507
39	0.014046050630296106
40	0.009146265526704441
41	0.004940616646121596
42	0.006492215262258956
43	0.007063856857677984
44	0.01286193589692812
45	0.015760975416553188
46	0.02931704753649013
47	0.06908696996064248
48	0.10599868440769969
49	0.14258374651451744
50	0.18872338957333898
51	0.2144472613671952
52	0.2587494850121698
53	0.3176285693403297
54	0.34833388932283743
55	0.3582967857001405
56	0.3429032941663567
57	0.33126630454532646
58	0.28541248228421445
59	0.2671199512308056
60	0.2462550329980111
61	0.228084996572192
62	0.185171045373235
63	0.13466242726371094
64	0.07655914224361976
65	0.055898381723474916
66	0.04907951412097652
67	0.043934739762205265
68	0.04275062502883728
69	0.04442471827256443
70	0.039075786201143534
71	0.0794173502207149
72	0.11485912913669462
73	0.16197872921623446
74	0.23706793592877673
75	0.32750980263257284
76	0.400312442963439
77	0.4660512264366272
78	0.4963482309938356
79	0.4709510115402189
80	0.37577268590295076
81	0.32011929343465545
82	0.29619200951211616
83	0.23682294667359713
84	0.17920964016386515
85	0.1594880051219087
86	0.13813310837875503
87	0.12469953088640787
88	0.0930550854257117
89	0.0677803605996847
90	0.06880114916293296
91	0.04475137061280387
92	0.04128068949775978
93	0.033849348757312415
94	0.03156278237563631
95	0.028418753600831653
96	0.026703828814574573
97	0.04528218066569297
98	0.03160361391816624
99	0.036544230564287836
100	0.07202684102279748
101	0.1382147714638149
>>END_MODULE
>>Sequence Length Distribution	pass
#Length	Count
101	2449087.0
>>END_MODULE
>>Sequence Duplication Levels	warn
#Total Duplicate Percentage	27.220681505775673
#Duplication Level	Relative count
1	100.0
2	19.63988681020829
3	5.901376435581887
4	2.2319860567141827
5	1.1497909169831078
6	0.6640291059464403
7	0.401598441320901
8	0.32207399749498
9	0.27833555339072347
10++	1.9516623922278111
>>END_MODULE
>>Overrepresented sequences	pass
>>END_MODULE
>>Kmer Content	warn
#Sequence	Count	Obs/Exp Overall	Obs/Exp Max	Max Obs/Exp Position
ACCAT	334175	1.3283161	5.042738	8
ACACC	179650	1.1986943	5.034722	6
ATACC	287745	1.1437607	6.00244	6
GTCTT	278860	1.1086687	5.1945195	1
GTCCA	159595	1.0652207	5.0555573	1
ATATA	742200	1.0471088	5.888872	1
GTATT	436670	1.0343467	7.552987	1
AATAC	427085	1.0114373	5.7667513	5
ATACA	409320	0.9693656	5.1119814	6
TAATA	657995	0.9283109	5.2245455	4
TATTA	650070	0.91702247	6.424454	2
ATACT	372605	0.88231224	5.876326	6
TATAC	366735	0.8684123	6.9470224	5
GTATA	347025	0.82209975	8.651193	1
TATAA	557400	0.78638965	5.3193526	2
>>END_MODULE
