##FastQC	0.8.0
>>Basic Statistics	pass
#Measure	Value	
Filename	8_140619_BC47HDACXX_P1260_1007_1.fastq.gz	
File type	Conventional base calls	
Total Sequences	3473851	
Sequence length	101	
%GC	37	
>>END_MODULE
>>Per base sequence quality	pass
#Base	Mean	Median	Lower Quartile	Upper Quartile	10th Percentile	90th Percentile
1	32.70082654667687	33.0	33.0	33.0	33.0	33.0
2	32.76438770689935	33.0	33.0	33.0	33.0	33.0
3	32.75979971507126	33.0	33.0	33.0	33.0	33.0
4	36.71339588255225	37.0	37.0	37.0	37.0	37.0
5	36.62062103412035	37.0	37.0	37.0	37.0	37.0
6	36.59933946504902	37.0	37.0	37.0	37.0	37.0
7	36.565218542764214	37.0	37.0	37.0	37.0	37.0
8	36.5558997780849	37.0	37.0	37.0	37.0	37.0
9	36.51897735395099	37.0	37.0	37.0	37.0	37.0
10	36.519833176494906	37.0	37.0	37.0	37.0	37.0
11	36.5486729281135	37.0	37.0	37.0	37.0	37.0
12	36.50859694327707	37.0	37.0	37.0	37.0	37.0
13	36.52003525770103	37.0	37.0	37.0	37.0	37.0
14	38.615240262175895	40.0	37.0	40.0	37.0	40.0
15	38.6319629137807	40.0	37.0	40.0	37.0	40.0
16	38.61183107738357	40.0	37.0	40.0	37.0	40.0
17	38.60063888750554	40.0	37.0	40.0	37.0	40.0
18	38.59932967764018	40.0	37.0	40.0	37.0	40.0
19	38.63714390743875	40.0	37.0	40.0	37.0	40.0
20	38.6140168360704	40.0	37.0	40.0	37.0	40.0
21	38.58597331894776	40.0	37.0	40.0	37.0	40.0
22	38.55217279037011	40.0	37.0	40.0	37.0	40.0
23	38.529261041996335	40.0	37.0	40.0	37.0	40.0
24	38.52205232751779	40.0	37.0	40.0	37.0	40.0
25	38.48555277701893	40.0	37.0	40.0	37.0	40.0
26	38.43422012055209	40.0	37.0	40.0	37.0	40.0
27	38.407564976160465	40.0	37.0	40.0	37.0	40.0
28	38.400770499367994	40.0	37.0	40.0	37.0	40.0
29	38.371553356778975	40.0	37.0	40.0	37.0	40.0
30	38.35647959569941	40.0	37.0	40.0	37.0	40.0
31	38.32724575694237	40.0	37.0	40.0	37.0	40.0
32	38.313112162841755	40.0	37.0	40.0	37.0	40.0
33	38.27984418445121	40.0	37.0	40.0	37.0	40.0
34	38.26383457436718	40.0	37.0	40.0	37.0	40.0
35	38.23223995502398	40.0	37.0	40.0	37.0	40.0
36	38.18618702989852	40.0	37.0	40.0	37.0	40.0
37	38.28117930216351	40.0	37.0	40.0	37.0	40.0
38	38.30231146931748	40.0	37.0	40.0	37.0	40.0
39	38.287541981506976	40.0	37.0	40.0	37.0	40.0
40	38.25598910258385	40.0	37.0	40.0	37.0	40.0
41	38.24546475942693	40.0	37.0	40.0	37.0	40.0
42	38.240670656283186	40.0	37.0	40.0	37.0	40.0
43	38.20140443559612	40.0	37.0	40.0	37.0	40.0
44	38.17169561964517	40.0	37.0	40.0	37.0	40.0
45	38.15233957933141	40.0	37.0	40.0	37.0	40.0
46	38.11129780753406	40.0	37.0	40.0	37.0	40.0
47	38.086894342906476	40.0	37.0	40.0	37.0	40.0
48	38.04698963772482	40.0	37.0	40.0	37.0	40.0
49	38.01321674418391	40.0	37.0	40.0	33.0	40.0
50	38.0561089119827	40.0	37.0	40.0	37.0	40.0
51	38.05442346260677	40.0	37.0	40.0	37.0	40.0
52	38.025224167645646	40.0	37.0	40.0	33.0	40.0
53	37.99382529647932	40.0	37.0	40.0	33.0	40.0
54	37.937028962957825	40.0	37.0	40.0	33.0	40.0
55	37.88276900765174	40.0	37.0	40.0	33.0	40.0
56	37.81484726892432	40.0	37.0	40.0	33.0	40.0
57	37.746169021066244	40.0	37.0	40.0	33.0	40.0
58	37.66737088032849	40.0	37.0	40.0	33.0	40.0
59	37.605877742021754	40.0	37.0	40.0	33.0	40.0
60	37.523799667861404	40.0	37.0	40.0	33.0	40.0
61	37.467542793286185	40.0	37.0	40.0	33.0	40.0
62	37.34803277400211	37.0	37.0	40.0	33.0	40.0
63	37.24078896878421	37.0	37.0	40.0	33.0	40.0
64	37.14336941912592	37.0	37.0	40.0	33.0	40.0
65	37.031444065965985	37.0	37.0	40.0	33.0	40.0
66	36.93193001081509	37.0	37.0	40.0	33.0	40.0
67	36.81329826754227	37.0	37.0	40.0	33.0	40.0
68	36.696436605945394	37.0	37.0	40.0	33.0	40.0
69	36.55256630177863	37.0	37.0	40.0	33.0	40.0
70	36.439968783923085	37.0	37.0	40.0	33.0	40.0
71	36.31350538638531	37.0	37.0	40.0	33.0	40.0
72	36.17033948779035	37.0	37.0	37.0	33.0	40.0
73	36.038987567399985	37.0	37.0	37.0	33.0	40.0
74	35.8614350471566	37.0	37.0	37.0	33.0	40.0
75	35.726378016788864	37.0	37.0	37.0	33.0	40.0
76	34.12714160739767	37.0	33.0	37.0	27.0	37.0
77	34.754257163015915	37.0	33.0	37.0	33.0	37.0
78	35.182453421289516	37.0	33.0	37.0	33.0	37.0
79	35.31561630018098	37.0	33.0	37.0	33.0	37.0
80	35.29187780362485	37.0	33.0	37.0	33.0	37.0
81	35.217283354985575	37.0	33.0	37.0	33.0	37.0
82	35.12496621184962	37.0	33.0	37.0	33.0	37.0
83	35.03104393366325	37.0	33.0	37.0	33.0	37.0
84	34.9540524334521	37.0	33.0	37.0	33.0	37.0
85	34.86552704764827	37.0	33.0	37.0	33.0	37.0
86	34.78037198486636	37.0	33.0	37.0	33.0	37.0
87	34.68922184630256	37.0	33.0	37.0	33.0	37.0
88	34.58950311916084	37.0	33.0	37.0	33.0	37.0
89	34.52407170025427	37.0	33.0	37.0	33.0	37.0
90	34.46008334842225	37.0	33.0	37.0	33.0	37.0
91	34.364141697499406	37.0	33.0	37.0	33.0	37.0
92	34.29251197014495	37.0	33.0	37.0	33.0	37.0
93	34.24804259019745	37.0	33.0	37.0	33.0	37.0
94	34.183618122941944	37.0	33.0	37.0	33.0	37.0
95	34.10957522357752	37.0	33.0	37.0	33.0	37.0
96	34.031215501182984	37.0	33.0	37.0	33.0	37.0
97	33.9220386827184	37.0	33.0	37.0	27.0	37.0
98	33.82651702678094	37.0	33.0	37.0	27.0	37.0
99	33.73919779518465	37.0	33.0	37.0	27.0	37.0
100	33.648843027521906	37.0	33.0	37.0	27.0	37.0
101	32.641024902910345	33.0	33.0	37.0	27.0	37.0
>>END_MODULE
>>Per sequence quality scores	pass
#Quality	Count
3	1.0
4	3.0
5	1.0
6	7.0
7	13.0
8	83.0
9	159.0
10	272.0
11	396.0
12	541.0
13	729.0
14	825.0
15	1008.0
16	1231.0
17	1553.0
18	1818.0
19	2084.0
20	2539.0
21	3097.0
22	3788.0
23	4847.0
24	6353.0
25	8613.0
26	11759.0
27	16129.0
28	21798.0
29	29778.0
30	39749.0
31	53262.0
32	72327.0
33	101157.0
34	144412.0
35	218102.0
36	394051.0
37	1068186.0
38	1259249.0
39	3931.0
>>END_MODULE
>>Per base sequence content	fail
#Base	G	A	T	C
1	1158531	987185	554287	772464
2	409960	819347	1578546	665998
3	441516	1161745	1158693	711561
4	344750	729251	1613341	786275
5	341605	1405526	1393022	333698
6	780566	1605398	736498	351386
7	713358	1203897	1084759	471837
8	645739	1445670	858942	523500
9	744535	640450	958570	1130296
10	447321	1053882	1294713	677935
11	950528	1002596	1004805	515922
12	606157	1005067	1244146	618481
13	778958	899601	1095730	699562
14	612189	847495	1113767	900400
15	686793	1180564	923912	682582
16	646672	1176477	1019516	631183
17	616088	1126343	1108921	622499
18	623678	1136440	1096217	617516
19	645334	1111102	1099296	618119
20	649099	1101248	1084691	638813
21	641376	1091936	1095980	644559
22	652731	1075878	1094885	650357
23	647610	1089447	1087608	649176
24	644061	1101529	1085494	642754
25	657543	1079394	1087160	649741
26	649427	1087216	1085019	652187
27	650718	1097486	1077673	647948
28	655037	1091899	1079253	647623
29	651321	1086869	1079836	655791
30	651384	1097303	1085059	640075
31	653446	1089907	1078566	651891
32	647113	1089322	1082531	654842
33	654196	1094881	1072228	652429
34	657858	1078447	1085613	651852
35	651820	1083538	1082788	655687
36	652697	1088084	1076720	656349
37	656384	1080599	1090242	646626
38	656129	1083649	1080003	654070
39	658701	1087491	1074502	653142
40	660041	1078432	1088848	646530
41	653832	1083602	1077530	658887
42	653512	1091643	1081555	647141
43	659553	1077279	1083936	653083
44	656551	1079863	1081294	656143
45	653396	1086685	1078904	654866
46	658546	1069121	1088979	657205
47	648194	1084135	1080673	660844
48	659456	1081580	1078376	654439
49	658701	1078085	1082861	654204
50	653862	1082244	1076672	661073
51	651876	1084689	1083474	653812
52	660120	1071984	1085822	655925
53	648951	1081381	1076667	666852
54	652210	1084955	1080518	656168
55	655991	1078323	1083036	656501
56	658326	1072415	1080709	662401
57	653546	1082052	1075382	662871
58	660667	1072174	1077987	663023
59	646335	1073542	1084027	669947
60	649170	1090902	1077522	656257
61	656854	1070639	1084053	662305
62	655347	1077238	1077698	663568
63	650174	1083447	1075498	664732
64	657564	1080377	1080833	655077
65	655710	1081901	1070466	665774
66	653193	1083855	1076857	659759
67	657982	1075512	1079009	661249
68	653958	1072713	1072733	674253
69	657585	1084621	1071185	660214
70	661586	1076301	1074337	661613
71	650891	1077736	1080212	664932
72	650901	1088852	1072067	661899
73	666729	1067548	1078698	660835
74	652076	1078220	1075043	668297
75	658329	1080212	1073071	662180
76	664312	1077705	1073173	658625
77	657773	1074515	1067248	674314
78	651207	1078577	1077117	666808
79	658357	1072083	1078388	665013
80	660873	1076319	1066736	669761
81	654228	1081403	1070499	667676
82	660622	1076587	1071014	665479
83	659135	1070804	1071654	672258
84	653366	1087114	1069056	664210
85	660863	1067473	1079775	665373
86	650077	1076818	1072302	674552
87	661054	1074244	1075404	662834
88	664411	1064973	1075310	668325
89	654636	1078744	1069068	670343
90	654355	1076555	1070448	671384
91	661123	1065883	1077311	667980
92	655864	1071068	1071310	674473
93	658296	1077957	1070140	666722
94	657476	1066253	1078669	670343
95	649646	1071136	1072101	679599
96	660065	1082217	1068020	662663
97	666769	1064303	1069951	671777
98	661264	1068424	1070202	673180
99	659795	1076812	1067551	668653
100	663433	1067156	1073621	668849
101	661172	1067910	1068549	675817
>>END_MODULE
>>Per base GC content	fail
#Base	%GC
1	55.60873580656058
2	30.973061308616863
3	33.196257969232896
4	32.56044060125224
5	19.439607513390758
6	32.58496053943638
7	34.11761183769828
8	33.65829449795055
9	53.96981620685516
10	32.39217801799789
11	42.21395793889835
12	35.253037623087465
13	42.56141095285895
14	43.54213810552036
15	39.41950878146472
16	36.78500037998209
17	35.65458046415923
18	35.72962686079512
19	36.370385488611916
20	37.074474408948454
21	37.017563505170486
22	37.51133828134828
23	37.33003323986331
24	37.0430342462717
25	37.63226725022871
26	37.46892855734374
27	37.384324195951145
28	37.49943865701425
29	37.62754341981745
30	37.17690117020998
31	37.57652260774193
32	37.479187105332244
33	37.614422981149396
34	37.702841581336706
35	37.63874083757049
36	37.68285907566533
37	37.509092934613484
38	37.71603905867005
39	37.76352712102701
40	37.61160164900567
41	37.78858103010175
42	37.44124316212756
43	37.786191750883965
44	37.78786136768675
45	37.66027961475608
46	37.87586168779259
47	37.682672173723304
48	37.82243395010321
49	37.79393531846933
50	37.85237190656709
51	37.58618317250797
52	37.88432491779296
53	37.87735858561579
54	37.66361884836166
55	37.78204649537358
56	38.01910329487362
57	37.89503349452812
58	38.104397684299066
59	37.89114731748713
60	37.578669896895406
61	37.973966068204994
62	37.96694216303463
63	37.85153709816569
64	37.786335683366964
65	38.04089467279972
66	37.79732294200015
67	37.97712099194185
68	38.23667679336216
69	37.9375029688177
70	38.09041702302094
71	37.87880663405849
72	37.79234877662816
73	38.216367619414996
74	38.011265429077774
75	38.013473460702315
76	38.083116112976654
77	38.346128934755384
78	37.942585288520135
79	38.09529566839703
80	38.30607748707498
81	38.05347794321271
82	38.17543934396215
83	38.326140067607966
84	37.929543495696
85	38.18172186772704
86	38.132547861114894
87	38.113553451007846
88	38.37399104352726
89	38.15314540955675
90	38.1755684701023
91	38.27734205916141
92	38.30826889047906
93	38.15070908967886
94	38.235474514223775
95	38.27939208900147
96	38.086418953257514
97	38.54371112646856
98	38.42260593653454
99	38.25281594650558
100	38.360477031919125
101	38.49169470796742
>>END_MODULE
>>Per sequence GC content	pass
#GC Content	Count
0	0.0
1	0.0
2	0.0
3	0.0
4	0.0
5	2.0
6	6.5
7	10.0
8	15.0
9	32.0
10	52.0
11	82.5
12	154.5
13	319.0
14	537.5
15	783.0
16	1011.5
17	1282.5
18	1797.5
19	2834.5
20	4204.5
21	6444.5
22	9568.5
23	13338.5
24	19773.0
25	29193.5
26	41123.5
27	55212.5
28	73623.0
29	94521.5
30	116085.0
31	138703.0
32	158673.0
33	176797.5
34	193757.0
35	205447.0
36	211993.5
37	213373.0
38	208393.5
39	200514.5
40	188820.5
41	172986.5
42	158071.5
43	139628.0
44	119637.0
45	101236.5
46	84673.0
47	70850.5
48	58228.5
49	48034.0
50	38286.0
51	29456.0
52	22037.0
53	16747.0
54	13082.0
55	10748.5
56	7462.5
57	4292.5
58	2983.0
59	1876.5
60	1200.5
61	939.5
62	791.0
63	638.5
64	478.0
65	320.5
66	192.0
67	106.5
68	67.0
69	45.5
70	40.5
71	31.5
72	21.5
73	23.0
74	25.5
75	24.5
76	19.0
77	17.0
78	14.5
79	12.5
80	12.0
81	7.5
82	5.5
83	6.0
84	4.0
85	2.0
86	2.0
87	2.5
88	1.0
89	0.5
90	1.0
91	1.0
92	0.5
93	0.0
94	0.0
95	0.0
96	0.0
97	0.0
98	0.0
99	0.0
100	0.0
>>END_MODULE
>>Per base N content	pass
#Base	N-Count
1	0.039840511294238004
2	0.0
3	0.009672262857560673
4	0.006736040204372611
5	0.0
6	8.635948979964886E-5
7	0.0
8	0.0
9	0.0
10	0.0
11	0.0
12	0.0
13	0.0
14	0.0
15	0.0
16	8.635948979964886E-5
17	0.0
18	0.0
19	0.0
20	0.0
21	0.0
22	0.0
23	2.878649659988295E-4
24	3.742244557984784E-4
25	3.742244557984784E-4
26	5.757299319976591E-5
27	7.484489115969567E-4
28	0.0011226733673954353
29	9.787408843960205E-4
30	8.635948979964887E-4
31	0.001180246360595201
32	0.0012378193537949669
33	0.0033680201021863056
34	0.002331706224590519
35	5.181569387978931E-4
36	2.8786496599882955E-5
37	0.0
38	0.0
39	4.3179744899824433E-4
40	0.0
41	0.0
42	0.0
43	0.0
44	0.0
45	0.0
46	0.0
47	1.4393248299941476E-4
48	0.0
49	0.0
50	0.0
51	0.0
52	0.0
53	0.0
54	0.0
55	0.0
56	0.0
57	0.0
58	0.0
59	0.0
60	0.0
61	0.0
62	0.0
63	0.0
64	0.0
65	0.0
66	0.005383074864178113
67	0.0028498631633884124
68	0.005584580340377293
69	0.0070814781635712065
70	4.030109523983613E-4
71	0.002302919727990636
72	0.00379981755118455
73	0.001180246360595201
74	0.006189096768974835
75	0.0016984032993930943
76	0.0010363138775957863
77	2.8786496599882955E-5
78	0.00408768251718338
79	2.878649659988295E-4
80	0.004663412449181038
81	0.0012953923469947329
82	0.00428918799338256
83	0.0
84	0.00302258214298771
85	0.010564644252157043
86	0.0029362226531880614
87	0.00906774642896313
88	0.023950365171102616
89	0.03051368639587593
90	0.031924224729270194
91	0.044734215716218106
92	0.03270146013746704
93	0.021186861497513854
94	0.03195301122587008
95	0.039408713845239765
96	0.025504835987496297
97	0.03025460792647698
98	0.022482253844508585
99	0.029937956463878274
100	0.0227989053071073
101	0.011600958129752831
>>END_MODULE
>>Sequence Length Distribution	pass
#Length	Count
101	3473851.0
>>END_MODULE
>>Sequence Duplication Levels	warn
#Total Duplicate Percentage	47.94406503485919
#Duplication Level	Relative count
1	100.0
2	33.95622910020782
3	14.083145894446963
4	6.585305361464846
5	3.422648319036664
6	1.9473688711760329
7	1.3119296655178017
8	0.9031275924294645
9	0.6482677225961497
10++	8.188869978704663
>>END_MODULE
>>Overrepresented sequences	pass
>>END_MODULE
>>Kmer Content	warn
#Sequence	Count	Obs/Exp Overall	Obs/Exp Max	Max Obs/Exp Position
ACACC	261120	1.1897428	5.1963835	6
ATACC	413900	1.1472019	6.091958	6
ATATA	1042610	1.0711646	6.058307	1
GTATT	622320	1.0559598	6.8114176	1
TATAT	1025120	1.0514342	5.188581	2
AATAC	600435	1.0140721	5.744415	5
ATACA	599480	1.0124593	5.14614	6
TACTG	348900	0.9732022	5.3957143	7
TAATA	922550	0.94781643	5.238204	4
TATTA	916695	0.9402261	6.1643634	2
TATAC	530910	0.89515203	7.167296	5
ATACT	525250	0.885609	6.234965	6
GTATA	490905	0.83436865	8.079214	1
TATAA	776030	0.7972836	5.4837914	2
>>END_MODULE
