##FastQC	0.8.0
>>Basic Statistics	pass
#Measure	Value	
Filename	8_140619_BC47HDACXX_P1260_1008_1.fastq.gz	
File type	Conventional base calls	
Total Sequences	1940489	
Sequence length	101	
%GC	37	
>>END_MODULE
>>Per base sequence quality	pass
#Base	Mean	Median	Lower Quartile	Upper Quartile	10th Percentile	90th Percentile
1	32.67760600549655	33.0	33.0	33.0	33.0	33.0
2	32.748662837047775	33.0	33.0	33.0	33.0	33.0
3	32.743028690190975	33.0	33.0	33.0	33.0	33.0
4	36.68988744589637	37.0	37.0	37.0	37.0	37.0
5	36.59018938009955	37.0	37.0	37.0	37.0	37.0
6	36.567530143175254	37.0	37.0	37.0	37.0	37.0
7	36.531922623627345	37.0	37.0	37.0	37.0	37.0
8	36.52429825677961	37.0	37.0	37.0	37.0	37.0
9	36.48683192741623	37.0	37.0	37.0	37.0	37.0
10	36.490600049781264	37.0	37.0	37.0	37.0	37.0
11	36.51710934718002	37.0	37.0	37.0	37.0	37.0
12	36.47706995504741	37.0	37.0	37.0	37.0	37.0
13	36.4880213183378	37.0	37.0	37.0	37.0	37.0
14	38.537059988487435	40.0	37.0	40.0	37.0	40.0
15	38.55089567629603	40.0	37.0	40.0	37.0	40.0
16	38.52838537090393	40.0	37.0	40.0	37.0	40.0
17	38.52024412403265	40.0	37.0	40.0	37.0	40.0
18	38.52157832381425	40.0	37.0	40.0	37.0	40.0
19	38.5591399899716	40.0	37.0	40.0	37.0	40.0
20	38.53783350485367	40.0	37.0	40.0	37.0	40.0
21	38.50743961960104	40.0	37.0	40.0	37.0	40.0
22	38.46793462884871	40.0	37.0	40.0	37.0	40.0
23	38.442936806134945	40.0	37.0	40.0	37.0	40.0
24	38.434031318909824	40.0	37.0	40.0	37.0	40.0
25	38.39342248268349	40.0	37.0	40.0	37.0	40.0
26	38.34256468343804	40.0	37.0	40.0	37.0	40.0
27	38.312963381910436	40.0	37.0	40.0	37.0	40.0
28	38.300362949751324	40.0	37.0	40.0	37.0	40.0
29	38.27436434836786	40.0	37.0	40.0	37.0	40.0
30	38.2576979307793	40.0	37.0	40.0	37.0	40.0
31	38.23128860818072	40.0	37.0	40.0	37.0	40.0
32	38.21290922030478	40.0	37.0	40.0	37.0	40.0
33	38.17494095560449	40.0	37.0	40.0	37.0	40.0
34	38.1610547650618	40.0	37.0	40.0	37.0	40.0
35	38.12510506372363	40.0	37.0	40.0	37.0	40.0
36	38.07399732747776	40.0	37.0	40.0	37.0	40.0
37	38.17853386440222	40.0	37.0	40.0	37.0	40.0
38	38.193415680274406	40.0	37.0	40.0	37.0	40.0
39	38.18179077541795	40.0	37.0	40.0	37.0	40.0
40	38.1557926893685	40.0	37.0	40.0	37.0	40.0
41	38.14481349804096	40.0	37.0	40.0	37.0	40.0
42	38.142692898542585	40.0	37.0	40.0	37.0	40.0
43	38.098313363281115	40.0	37.0	40.0	37.0	40.0
44	38.06826835916102	40.0	37.0	40.0	37.0	40.0
45	38.04731436251378	40.0	37.0	40.0	37.0	40.0
46	38.00059727213089	40.0	37.0	40.0	33.0	40.0
47	37.97581846637626	40.0	37.0	40.0	33.0	40.0
48	37.94011715603644	40.0	37.0	40.0	33.0	40.0
49	37.902094265929875	40.0	37.0	40.0	33.0	40.0
50	37.951032961279346	40.0	37.0	40.0	33.0	40.0
51	37.94941584311996	40.0	37.0	40.0	33.0	40.0
52	37.91642106706093	40.0	37.0	40.0	33.0	40.0
53	37.880629573267356	40.0	37.0	40.0	33.0	40.0
54	37.82290185618161	40.0	37.0	40.0	33.0	40.0
55	37.76691854475856	40.0	37.0	40.0	33.0	40.0
56	37.697140772248645	40.0	37.0	40.0	33.0	40.0
57	37.62616690947488	40.0	37.0	40.0	33.0	40.0
58	37.548090713217135	40.0	37.0	40.0	33.0	40.0
59	37.48529726270028	40.0	37.0	40.0	33.0	40.0
60	37.39946219741519	40.0	37.0	40.0	33.0	40.0
61	37.34342168391576	37.0	37.0	40.0	33.0	40.0
62	37.22086082425616	37.0	37.0	40.0	33.0	40.0
63	37.1176657017896	37.0	37.0	40.0	33.0	40.0
64	37.0177929377595	37.0	37.0	40.0	33.0	40.0
65	36.9014949324629	37.0	37.0	40.0	33.0	40.0
66	36.809453699557174	37.0	37.0	40.0	33.0	40.0
67	36.68667330760442	37.0	37.0	40.0	33.0	40.0
68	36.572113008628236	37.0	37.0	40.0	33.0	40.0
69	36.42439818004637	37.0	37.0	40.0	33.0	40.0
70	36.30804915668164	37.0	37.0	40.0	33.0	40.0
71	36.182109767177245	37.0	37.0	40.0	33.0	40.0
72	36.03042738196403	37.0	37.0	37.0	33.0	40.0
73	35.89550262846117	37.0	37.0	37.0	33.0	40.0
74	35.71138305860018	37.0	37.0	37.0	33.0	40.0
75	35.57480562889045	37.0	33.0	37.0	33.0	40.0
76	33.9715458320042	37.0	33.0	37.0	27.0	37.0
77	34.60237033036518	37.0	33.0	37.0	33.0	37.0
78	35.02389552324182	37.0	33.0	37.0	33.0	37.0
79	35.163445914921446	37.0	33.0	37.0	33.0	37.0
80	35.141770450644145	37.0	33.0	37.0	33.0	37.0
81	35.06636677662177	37.0	33.0	37.0	33.0	37.0
82	34.968876917106975	37.0	33.0	37.0	33.0	37.0
83	34.87321700870245	37.0	33.0	37.0	33.0	37.0
84	34.79398388756648	37.0	33.0	37.0	33.0	37.0
85	34.701901943273064	37.0	33.0	37.0	33.0	37.0
86	34.61467702213205	37.0	33.0	37.0	33.0	37.0
87	34.52273731002855	37.0	33.0	37.0	33.0	37.0
88	34.414244038487205	37.0	33.0	37.0	33.0	37.0
89	34.3456448348844	37.0	33.0	37.0	33.0	37.0
90	34.276283967597855	37.0	33.0	37.0	33.0	37.0
91	34.18296985965909	37.0	33.0	37.0	33.0	37.0
92	34.107574946315076	37.0	33.0	37.0	33.0	37.0
93	34.058831562559746	37.0	33.0	37.0	27.0	37.0
94	33.98934856111011	37.0	33.0	37.0	27.0	37.0
95	33.91314199668228	37.0	33.0	37.0	27.0	37.0
96	33.82501833300781	37.0	33.0	37.0	27.0	37.0
97	33.70905941749734	37.0	33.0	37.0	27.0	37.0
98	33.606159581425096	37.0	33.0	37.0	27.0	37.0
99	33.51614258055572	37.0	33.0	37.0	27.0	37.0
100	33.417787990552895	37.0	33.0	37.0	27.0	37.0
101	32.40049338079216	33.0	33.0	37.0	27.0	37.0
>>END_MODULE
>>Per sequence quality scores	pass
#Quality	Count
3	1.0
4	1.0
5	1.0
6	5.0
7	11.0
8	35.0
9	95.0
10	175.0
11	235.0
12	318.0
13	403.0
14	491.0
15	641.0
16	761.0
17	944.0
18	1080.0
19	1418.0
20	1648.0
21	1907.0
22	2295.0
23	2999.0
24	3982.0
25	5238.0
26	7211.0
27	9854.0
28	13112.0
29	17858.0
30	23548.0
31	32117.0
32	43196.0
33	59849.0
34	85060.0
35	128994.0
36	234306.0
37	616138.0
38	643513.0
39	1049.0
>>END_MODULE
>>Per base sequence content	fail
#Base	G	A	T	C
1	637044	556766	315205	430713
2	230850	463780	873991	371868
3	244353	639978	656610	399392
4	197847	408829	892427	441245
5	194003	780582	775487	190417
6	441021	891844	406130	201493
7	400087	678643	597117	264642
8	362525	800527	481447	295988
9	418351	354369	536307	631462
10	253401	584176	723233	379679
11	524713	562485	562311	290980
12	338333	560459	695632	346065
13	432997	502067	613219	392206
14	341939	476056	618322	504172
15	381635	661395	516763	380696
16	360210	661148	568807	350323
17	341410	632488	620005	346586
18	348053	637124	613235	342077
19	360773	621988	613438	344290
20	360400	616083	609164	354842
21	357524	609741	614548	358676
22	363153	604489	612223	360624
23	359624	608564	609664	362632
24	359927	614111	606545	359902
25	364220	604306	609948	362009
26	361613	607858	606748	364270
27	362208	615916	602405	359950
28	365169	608458	606852	359996
29	361460	610466	603226	365325
30	363438	613284	605558	358199
31	366712	606193	605594	361975
32	362319	609529	603431	365189
33	364666	609717	602274	363756
34	367012	604800	605544	363081
35	363283	606581	604120	366499
36	363274	608979	602616	365620
37	366705	604703	607961	361120
38	365014	605748	604881	364845
39	364607	610350	601851	363672
40	367777	604835	607496	360380
41	364024	604882	605495	366088
42	365391	606746	605323	363029
43	368975	601513	605624	364377
44	365414	602975	603331	368769
45	365519	607341	601877	365752
46	368117	600112	606684	365576
47	361517	604407	605155	369407
48	366506	605662	603008	365313
49	366551	602067	607052	364819
50	362716	605831	603027	368914
51	362695	606238	605391	366165
52	367246	599431	607556	366256
53	362900	601601	604045	371943
54	364402	604937	603323	367827
55	367767	602045	604294	366383
56	365420	599546	604280	371243
57	364546	604732	602197	369014
58	368676	599744	603271	368798
59	360537	599520	605636	374796
60	363991	606174	602378	367946
61	365808	597377	607571	369733
62	365742	599452	602897	372398
63	362782	605674	600871	371162
64	366446	600314	603046	370683
65	365085	601999	599239	374166
66	365035	603425	600361	371566
67	366797	600376	602905	370357
68	364987	599919	599599	375883
69	366494	604131	598350	371384
70	368437	599703	601090	371249
71	362373	599799	603409	374852
72	364508	603534	599516	372850
73	371139	596776	601347	371209
74	365050	600123	599700	375491
75	366056	602535	599544	372319
76	369587	598947	598925	373007
77	366713	600594	595991	377191
78	365602	602258	599109	373413
79	368056	598817	601018	372593
80	366707	600081	596832	376769
81	365189	603286	597296	374689
82	368599	600465	598910	372446
83	366719	599662	596965	377140
84	364879	604167	596343	375046
85	368806	595922	600625	374931
86	364836	599078	597833	378693
87	369401	600087	596414	374413
88	370252	595086	599300	375365
89	364870	600018	596791	378178
90	366111	599007	596677	378047
91	369222	594757	599968	375639
92	367182	596124	596775	379744
93	366576	598672	597904	376911
94	367928	594241	601027	376630
95	364019	596228	598141	381323
96	368577	601469	596331	373596
97	372291	593669	596149	377767
98	367530	596595	595913	380008
99	368884	598554	595175	377274
100	369985	593904	598889	377262
101	367146	595594	596319	381213
>>END_MODULE
>>Per base GC content	fail
#Base	%GC
1	55.04673851179135
2	31.060109075598984
3	33.17703713743981
4	32.93697831523005
5	19.810470453581548
6	33.11094941066371
7	34.255746876174
8	33.935450224608566
9	54.10043550878155
10	32.62476623160451
11	42.035435397984735
12	35.269357363015196
13	42.52551805240844
14	43.602978424510525
15	39.285509992584345
16	36.61620169771728
17	35.45477454394227
18	35.56474682412526
19	36.33429511839542
20	36.85885361885586
21	36.90822261811327
22	37.29869120618566
23	37.2204048062236
24	37.09531380041587
25	37.42516682702193
26	37.40722055110851
27	37.215450411985906
28	37.37048918434919
29	37.4539352952908
30	37.18860137110476
31	37.55201048815908
32	37.49136806172532
33	37.53953410949112
34	37.62518443010518
35	37.60826557099443
36	37.56238762497494
37	37.50729841807915
38	37.61213674086106
39	37.53086865105541
40	37.52442684520595
41	37.62515530879072
42	37.53796079235698
43	37.792123531748956
44	37.83494778893362
45	37.68488252187979
46	37.80969642188129
47	37.66705866468503
48	37.71312282625668
49	37.689984328692404
50	37.70340244309679
51	37.56063548930192
52	37.7998535420711
53	37.86895983435103
54	37.734251521137196
55	37.833247186662746
56	37.96275062625967
57	37.80284247939566
58	38.004544215401374
59	37.89421120140336
60	37.7192037677101
61	37.90493014905006
62	38.03886546123168
63	37.82263130582034
64	37.98676519166045
65	38.09611907101767
66	37.96155096895619
67	37.98911068909806
68	38.18153894994197
69	38.027911329810614
70	38.1187325397492
71	37.99280882153622
72	38.00015254523791
73	38.2560728812747
74	38.1650556287377
75	38.05166213679891
76	38.26884882291161
77	38.335903991210465
78	38.08605728150437
79	38.16826111423748
80	38.315822239767385
81	38.129000340125536
82	38.18992795374198
83	38.33364425200697
84	38.13191372037713
85	38.33134736976649
86	38.31754653583723
87	38.334703385790455
88	38.433806545659984
89	38.304266757807405
90	38.36178410406621
91	38.40309220627495
92	38.50481357854446
93	38.32282766075122
94	38.38272092445405
95	38.425414920057676
96	38.25687264719664
97	38.66525489258076
98	38.531972953218634
99	38.46399300577817
100	38.517092431083896
101	38.56979846124667
>>END_MODULE
>>Per sequence GC content	pass
#GC Content	Count
0	0.0
1	0.0
2	0.0
3	0.0
4	0.0
5	0.0
6	0.5
7	2.0
8	2.0
9	4.5
10	10.5
11	17.5
12	31.5
13	63.0
14	99.5
15	156.5
16	237.0
17	337.5
18	518.5
19	832.0
20	1317.0
21	2189.0
22	3638.5
23	5641.0
24	8756.0
25	13404.5
26	19982.0
27	28568.0
28	38988.5
29	50610.0
30	63910.0
31	78039.5
32	91017.5
33	103390.0
34	113829.0
35	121079.0
36	124413.0
37	124738.5
38	121685.0
39	116090.5
40	107752.0
41	97313.0
42	87737.0
43	76855.5
44	65555.5
45	54929.0
46	45904.5
47	38291.0
48	31117.5
49	24513.5
50	18923.5
51	14664.5
52	11239.5
53	8264.0
54	6020.5
55	4855.5
56	3855.5
57	2803.5
58	1893.5
59	1249.5
60	819.5
61	639.5
62	513.0
63	391.5
64	285.0
65	197.0
66	120.0
67	71.5
68	41.5
69	25.0
70	17.0
71	9.0
72	6.0
73	5.0
74	4.5
75	2.0
76	1.5
77	1.5
78	1.5
79	0.5
80	0.0
81	0.0
82	0.0
83	0.0
84	0.0
85	0.0
86	0.0
87	0.0
88	0.0
89	0.0
90	0.0
91	0.0
92	0.0
93	0.0
94	0.0
95	0.0
96	0.0
97	0.0
98	0.0
99	0.0
100	0.0
>>END_MODULE
>>Per base N content	pass
#Base	N-Count
1	0.039216919034325885
2	0.0
3	0.008039210735026068
4	0.007266209702812023
5	0.0
6	5.1533402147603E-5
7	0.0
8	1.03066804295206E-4
9	0.0
10	0.0
11	0.0
12	0.0
13	0.0
14	0.0
15	0.0
16	5.1533402147603E-5
17	0.0
18	0.0
19	0.0
20	0.0
21	0.0
22	0.0
23	2.57667010738015E-4
24	2.06133608590412E-4
25	3.09200412885618E-4
26	0.0
27	5.1533402147603E-4
28	7.21467630066442E-4
29	6.18400825771236E-4
30	5.1533402147603E-4
31	7.73001032214045E-4
32	0.001082201445099663
33	0.003916538563217828
34	0.002679736911675356
35	3.09200412885618E-4
36	0.0
37	0.0
38	5.1533402147603E-5
39	4.6380061932842703E-4
40	5.1533402147603E-5
41	0.0
42	0.0
43	0.0
44	0.0
45	0.0
46	0.0
47	1.54600206442809E-4
48	0.0
49	0.0
50	5.1533402147603E-5
51	0.0
52	0.0
53	0.0
54	0.0
55	0.0
56	0.0
57	0.0
58	0.0
59	0.0
60	0.0
61	0.0
62	0.0
63	0.0
64	0.0
65	0.0
66	0.005256407019055507
67	0.002782803715970562
68	0.005204873616907903
69	0.00669934227918839
70	5.1533402147603E-4
71	0.002885870520265768
72	0.004174205573955843
73	9.276012386568541E-4
74	0.006441675268450376
75	0.001803669075166105
76	0.0011852682493948689
77	0.0
78	0.005514074029793521
79	2.57667010738015E-4
80	0.0051533402147603
81	0.001494468662280487
82	0.0035558047481846072
83	1.54600206442809E-4
84	0.002782803715970562
85	0.010564347440258614
86	0.002525136705232547
87	0.008966811973682922
88	0.025045233443735063
89	0.03256911015728509
90	0.03334211118949914
91	0.04653466213928551
92	0.03421817902600839
93	0.021953229314878878
94	0.03416664562386079
95	0.04009298687083514
96	0.02659123550816315
97	0.03158997551648064
98	0.02282929715138813
99	0.031023108092857007
100	0.023138497564273747
101	0.011182748266029852
>>END_MODULE
>>Sequence Length Distribution	pass
#Length	Count
101	1940489.0
>>END_MODULE
>>Sequence Duplication Levels	warn
#Total Duplicate Percentage	33.12105203790044
#Duplication Level	Relative count
1	100.0
2	24.513517502125836
3	7.673387351806433
4	2.831401926955593
5	1.2565268417464879
6	0.716107858914805
7	0.45960209983344696
8	0.34997224115757886
9	0.2803994462286626
10++	2.4701855977286944
>>END_MODULE
>>Overrepresented sequences	pass
>>END_MODULE
>>Kmer Content	warn
#Sequence	Count	Obs/Exp Overall	Obs/Exp Max	Max Obs/Exp Position
ATACC	221155	1.093953	5.6343145	6
GTATT	333210	1.0137035	6.5361867	1
AATAC	325775	0.9844714	5.4423895	5
ATATA	511700	0.94245595	5.402557	1
TATAC	297345	0.8964431	6.523602	5
TATTA	472720	0.868613	5.7576323	2
ATACT	279490	0.8426135	5.71177	6
GTATA	247805	0.75565964	7.284927	1
>>END_MODULE
