##FastQC	0.8.0
>>Basic Statistics	pass
#Measure	Value	
Filename	8_140619_BC47HDACXX_P1260_1015_2.fastq.gz	
File type	Conventional base calls	
Total Sequences	3181425	
Sequence length	101	
%GC	38	
>>END_MODULE
>>Per base sequence quality	pass
#Base	Mean	Median	Lower Quartile	Upper Quartile	10th Percentile	90th Percentile
1	32.12361630401471	33.0	33.0	33.0	33.0	33.0
2	32.12298796922762	33.0	33.0	33.0	33.0	33.0
3	32.10918943555168	33.0	33.0	33.0	33.0	33.0
4	35.97726459055298	37.0	37.0	37.0	33.0	37.0
5	36.00181365268708	37.0	37.0	37.0	37.0	37.0
6	36.054729563010284	37.0	37.0	37.0	37.0	37.0
7	36.017827231507894	37.0	37.0	37.0	37.0	37.0
8	36.038759675302735	37.0	37.0	37.0	37.0	37.0
9	36.05813872714271	37.0	37.0	37.0	37.0	37.0
10	36.02331156635784	37.0	37.0	37.0	33.0	37.0
11	36.06038237582216	37.0	37.0	37.0	37.0	37.0
12	36.02364255011512	37.0	37.0	37.0	33.0	37.0
13	36.02593806234628	37.0	37.0	37.0	33.0	37.0
14	38.05673621097464	40.0	37.0	40.0	37.0	40.0
15	38.07889389188807	40.0	37.0	40.0	37.0	40.0
16	38.06639509025044	40.0	37.0	40.0	37.0	40.0
17	38.02668238289446	40.0	37.0	40.0	33.0	40.0
18	38.02302804560849	40.0	37.0	40.0	33.0	40.0
19	38.06093653001407	40.0	37.0	40.0	33.0	40.0
20	38.031218086234944	40.0	37.0	40.0	33.0	40.0
21	37.9854128260135	40.0	37.0	40.0	33.0	40.0
22	37.92966736603881	40.0	37.0	40.0	33.0	40.0
23	37.900736305272005	40.0	37.0	40.0	33.0	40.0
24	37.85518344766889	40.0	37.0	40.0	33.0	40.0
25	37.79864211791886	40.0	37.0	40.0	33.0	40.0
26	37.74440132959287	40.0	37.0	40.0	33.0	40.0
27	37.7173832480728	40.0	37.0	40.0	33.0	40.0
28	37.68358392858546	40.0	37.0	40.0	33.0	40.0
29	37.63499280982579	40.0	37.0	40.0	33.0	40.0
30	37.62624012824442	40.0	37.0	40.0	33.0	40.0
31	37.595576510525945	40.0	37.0	40.0	33.0	40.0
32	37.59794620335227	40.0	37.0	40.0	33.0	40.0
33	37.59072868290153	40.0	37.0	40.0	33.0	40.0
34	37.571766111098015	40.0	37.0	40.0	33.0	40.0
35	37.56657566970776	40.0	37.0	40.0	33.0	40.0
36	37.53842916303229	40.0	37.0	40.0	33.0	40.0
37	37.52092851473789	40.0	37.0	40.0	33.0	40.0
38	37.48005249220082	40.0	37.0	40.0	33.0	40.0
39	37.450338763290034	40.0	37.0	40.0	33.0	40.0
40	37.42588934204012	40.0	37.0	40.0	33.0	40.0
41	37.34122099373708	40.0	37.0	40.0	33.0	40.0
42	37.32613341505772	40.0	37.0	40.0	33.0	40.0
43	37.29679027479824	40.0	37.0	40.0	33.0	40.0
44	37.276814949275874	40.0	37.0	40.0	33.0	40.0
45	37.23065513095547	40.0	37.0	40.0	33.0	40.0
46	37.165044594796356	40.0	37.0	40.0	33.0	40.0
47	37.08560786440039	40.0	37.0	40.0	33.0	40.0
48	37.02764012981604	40.0	37.0	40.0	33.0	40.0
49	36.9548290467322	40.0	37.0	40.0	33.0	40.0
50	36.837670855041374	40.0	37.0	40.0	33.0	40.0
51	35.31897090140424	37.0	37.0	37.0	33.0	40.0
52	35.817717846562466	37.0	37.0	40.0	33.0	40.0
53	36.32650746127914	37.0	37.0	40.0	33.0	40.0
54	36.52526682225732	37.0	37.0	40.0	33.0	40.0
55	36.57446081551506	37.0	37.0	40.0	33.0	40.0
56	36.54037986122571	37.0	37.0	40.0	33.0	40.0
57	36.75755235468383	40.0	37.0	40.0	33.0	40.0
58	36.805235075477185	40.0	37.0	40.0	33.0	40.0
59	36.78695647390713	40.0	37.0	40.0	33.0	40.0
60	36.73732179762214	40.0	37.0	40.0	33.0	40.0
61	36.67023707929623	40.0	37.0	40.0	33.0	40.0
62	36.57422224317719	37.0	37.0	40.0	33.0	40.0
63	36.47689007284472	37.0	37.0	40.0	33.0	40.0
64	36.372206165476165	37.0	37.0	40.0	33.0	40.0
65	36.2862864911164	37.0	37.0	40.0	33.0	40.0
66	36.339233205246074	37.0	37.0	40.0	33.0	40.0
67	36.27492743031817	37.0	37.0	40.0	33.0	40.0
68	36.16805205214644	37.0	37.0	40.0	33.0	40.0
69	36.040786125714106	37.0	37.0	40.0	33.0	40.0
70	35.91227201647061	37.0	37.0	40.0	33.0	40.0
71	35.7602916931878	37.0	37.0	40.0	33.0	40.0
72	35.62679113919077	37.0	37.0	40.0	33.0	40.0
73	35.45263238957386	37.0	37.0	37.0	33.0	40.0
74	35.29711151449429	37.0	37.0	37.0	33.0	40.0
75	35.12425972638047	37.0	37.0	37.0	33.0	40.0
76	34.93355367484696	37.0	37.0	37.0	33.0	40.0
77	34.75704692079807	37.0	33.0	37.0	33.0	40.0
78	34.59095279630983	37.0	33.0	37.0	27.0	40.0
79	34.45389408834092	37.0	33.0	37.0	27.0	37.0
80	34.374777026018215	37.0	33.0	37.0	27.0	37.0
81	34.26790950596038	37.0	33.0	37.0	27.0	37.0
82	34.17337953904304	37.0	33.0	37.0	27.0	37.0
83	34.07793771658926	37.0	33.0	37.0	27.0	37.0
84	33.9961630401471	37.0	33.0	37.0	27.0	37.0
85	33.92685478991333	37.0	33.0	37.0	27.0	37.0
86	33.82728588604163	37.0	33.0	37.0	27.0	37.0
87	33.765663185522214	37.0	33.0	37.0	27.0	37.0
88	33.70426994192854	37.0	33.0	37.0	27.0	37.0
89	33.6473152753876	37.0	33.0	37.0	27.0	37.0
90	33.568147292486856	37.0	33.0	37.0	27.0	37.0
91	33.50635925725108	37.0	33.0	37.0	27.0	37.0
92	33.433130122508	37.0	33.0	37.0	27.0	37.0
93	33.359789088223046	37.0	33.0	37.0	27.0	37.0
94	33.31844786534336	37.0	33.0	37.0	27.0	37.0
95	33.24427355666093	37.0	33.0	37.0	27.0	37.0
96	33.164061073261195	37.0	33.0	37.0	27.0	37.0
97	33.087329419992614	37.0	33.0	37.0	27.0	37.0
98	33.003849218510574	37.0	33.0	37.0	27.0	37.0
99	32.926600501347664	37.0	33.0	37.0	27.0	37.0
100	32.82366203823758	37.0	33.0	37.0	27.0	37.0
101	32.04748972551608	33.0	33.0	37.0	27.0	37.0
>>END_MODULE
>>Per sequence quality scores	pass
#Quality	Count
2	16382.0
3	3610.0
4	3099.0
5	3773.0
6	3019.0
7	2589.0
8	2916.0
9	3566.0
10	4208.0
11	4365.0
12	3940.0
13	3551.0
14	3606.0
15	4133.0
16	4530.0
17	4868.0
18	4997.0
19	5119.0
20	5468.0
21	6101.0
22	6990.0
23	8254.0
24	9533.0
25	11978.0
26	14612.0
27	18208.0
28	22686.0
29	28028.0
30	35736.0
31	46320.0
32	63767.0
33	89465.0
34	129631.0
35	198207.0
36	365516.0
37	957882.0
38	1078030.0
39	2742.0
>>END_MODULE
>>Per base sequence content	fail
#Base	G	A	T	C
1	1128258	866936	484467	689682
2	397670	723571	1447838	600904
3	424820	1032299	1052427	660264
4	330677	637442	1473995	728982
5	319215	1280168	1265535	308284
6	729504	1454318	663869	329465
7	668104	1102941	972155	435575
8	599611	1310366	784305	485844
9	690066	583021	872251	1035413
10	420103	955596	1181246	623891
11	876679	913550	912967	477751
12	562894	912898	1135267	569868
13	720710	815522	996727	648192
14	566299	772661	1008203	834063
15	633711	1076494	842045	628955
16	598622	1076792	927653	578238
17	567207	1034253	1009432	570354
18	576069	1039406	1000251	565468
19	596297	1014261	1002738	567873
20	597756	1003987	994257	584692
21	593421	993706	998479	593838
22	602903	982749	994943	597384
23	596012	990129	992674	598303
24	595460	998651	988146	592762
25	603457	982001	992216	595653
26	597782	987957	985546	600343
27	599217	998665	979841	592672
28	603315	990952	982702	592838
29	598096	988969	981820	601532
30	598052	997862	985470	589872
31	606322	987981	982535	596006
32	597588	991984	982693	601378
33	602701	992170	980008	601242
34	606689	982430	986962	602001
35	602113	986796	987518	603292
36	603740	990901	982399	603195
37	605344	985677	990904	598782
38	604773	986995	986324	602836
39	606852	993555	979551	601010
40	609468	984715	989615	597337
41	604734	989887	983266	603386
42	606110	993613	983548	597954
43	610945	982586	985280	602379
44	606338	984724	982549	607406
45	605645	993035	979524	602713
46	610498	976049	988869	605037
47	599695	986557	984455	608493
48	607115	989077	979772	602044
49	608101	983162	985891	599595
50	603007	985771	978107	608386
51	600160	990112	983171	600961
52	607736	975621	986700	603012
53	597770	981993	980679	610811
54	602083	984493	980592	603157
55	607967	978141	982801	601114
56	604901	977184	980255	608172
57	602103	985102	977585	606077
58	611806	972979	979257	608212
59	596935	976073	984698	615051
60	602831	988355	978946	603328
61	606646	974958	986608	605812
62	605557	980151	980025	609673
63	601487	987629	977809	610146
64	608486	980011	982912	607459
65	604156	984401	976704	614298
66	605587	983792	980166	610234
67	610631	978400	981736	609166
68	605412	978173	977885	618510
69	608074	986630	974576	610650
70	611867	976987	982210	609064
71	600930	977588	984612	615693
72	601268	987209	977097	612146
73	614200	971799	981416	608745
74	601280	978470	978702	615304
75	604593	981077	976141	609146
76	609273	974835	977336	607211
77	603970	974568	971239	616809
78	601661	975672	976107	612187
79	607125	970073	979582	609648
80	607421	973127	973021	615851
81	602166	979647	975382	613966
82	608982	974808	977682	610401
83	605569	973271	976729	618221
84	602433	986367	975145	611652
85	611247	968330	982415	614313
86	601949	976597	977726	620641
87	611676	977088	976722	611906
88	615059	968233	979138	616005
89	605412	976123	978612	619056
90	605319	977482	978388	617997
91	613235	969078	983772	613897
92	610283	971186	977750	620848
93	609741	976437	977672	616451
94	611308	968802	984048	616257
95	605427	973236	979555	622266
96	612536	982529	975641	609871
97	620378	965612	976072	617864
98	615057	971454	973803	620098
99	614078	976196	974806	615183
100	616065	968080	978754	616171
101	612665	967993	975060	621241
>>END_MODULE
>>Per base GC content	fail
#Base	%GC
1	57.3601531926333
2	31.500926030202685
3	34.23183092992955
4	33.41617535388396
5	19.774946568166794
6	33.33072093406808
7	34.72026173604612
8	34.1324526135128
9	54.24753462311259
10	32.82137148850177
11	42.5794582556704
12	35.61106557931068
13	43.0316574095351
14	44.01956981365046
15	39.691437678489756
16	36.99299501305282
17	35.758347515407486
18	35.88391654202793
19	36.59566656156903
20	37.17580954081691
21	37.34171760848752
22	37.76887764204861
23	37.5911439235181
24	37.42409100543965
25	37.787155247473706
26	37.776340731006286
27	37.59433761408279
28	37.735830604197666
29	37.838177123072455
30	37.45910137812905
31	37.89433076444981
32	37.778855403711134
33	37.906081034066396
34	38.032058329520765
35	37.90916744529941
36	37.95112625324858
37	37.857180809172306
38	37.964046969940846
39	37.9715231338385
40	37.93630260897447
41	37.97599262936567
42	37.84906757616956
43	38.14057003825612
44	38.15584764243636
45	37.98772492334758
46	38.218926674910776
47	38.002893809763464
48	38.04770157910238
49	38.01672716352472
50	38.150853895620244
51	37.83768543638428
52	38.157001943544245
53	38.11051972201524
54	38.0162917051091
55	38.14107973349089
56	38.2611073542696
57	38.10251265663303
58	38.45902629486794
59	38.19977388750541
60	38.00769507099507
61	38.199396097824085
62	38.27006688278601
63	38.136793291682814
64	38.25088050211585
65	38.32147791564805
66	38.23602206316854
67	38.35920442348942
68	38.488355272674674
69	38.32549773108213
70	38.392511244830395
71	38.27275063757875
72	38.185050917009676
73	38.50388519470052
74	38.3326254444261
75	38.27674105956025
76	38.39117859154752
77	38.55189784834519
78	38.34463125314511
79	38.42730673174947
80	38.59608382606281
81	38.34974004788783
82	38.44362621075938
83	38.55926195494976
84	38.23170887237895
85	38.584455837836735
86	38.48358453630931
87	38.509003610508245
88	38.73176579039684
89	38.514935976092126
90	38.47890623574714
91	38.58927503363226
92	38.71399564851936
93	38.55584738677251
94	38.597635843121104
95	38.6008230193895
96	38.433498072833956
97	38.939333808396796
98	38.83632057733401
99	38.6528095317903
100	38.76089548201204
101	38.83921699965281
>>END_MODULE
>>Per sequence GC content	pass
#GC Content	Count
0	93.5
1	52.5
2	62.5
3	70.5
4	88.0
5	104.5
6	117.5
7	140.5
8	170.0
9	196.0
10	214.5
11	254.5
12	305.0
13	362.0
14	451.5
15	549.5
16	680.0
17	830.5
18	1068.5
19	1433.0
20	2018.5
21	3067.0
22	4675.5
23	7136.5
24	11317.5
25	17761.0
26	27431.0
27	40801.0
28	57999.0
29	77611.5
30	99492.0
31	123026.0
32	144975.0
33	165814.5
34	185112.5
35	198267.5
36	204435.5
37	205839.0
38	201154.5
39	192754.0
40	179578.0
41	163131.0
42	147674.0
43	129352.5
44	110783.5
45	93202.0
46	77556.5
47	64427.0
48	52556.0
49	42320.0
50	33419.0
51	26188.0
52	20561.5
53	15515.0
54	11559.0
55	9500.5
56	7662.5
57	5630.5
58	3837.5
59	2557.0
60	1599.5
61	1267.0
62	1042.5
63	813.0
64	584.0
65	367.0
66	219.0
67	140.0
68	88.0
69	52.0
70	36.5
71	26.0
72	19.5
73	13.5
74	15.0
75	17.0
76	15.0
77	13.5
78	10.0
79	5.5
80	5.0
81	7.5
82	7.5
83	6.5
84	5.0
85	4.5
86	5.0
87	5.0
88	3.5
89	2.5
90	3.5
91	3.0
92	2.0
93	1.0
94	0.5
95	1.0
96	1.0
97	0.5
98	1.0
99	1.0
100	0.0
>>END_MODULE
>>Per base N content	pass
#Base	N-Count
1	0.3797669283418594
2	0.35965015676937223
3	0.3650879715850602
4	0.32466583370659374
5	0.2584690822508781
6	0.13418515287960583
7	0.0832960072923297
8	0.040830759801032554
9	0.02118547506227555
10	0.0185137163378046
11	0.015024713768201357
12	0.01565336287984158
13	0.008612492829471071
14	0.006255058660820229
15	0.006915140228042466
16	0.0037718946698413447
17	0.005626409549180006
18	0.007260897239444588
19	0.008046708628994868
20	0.023039989941614214
21	0.0622676945079642
22	0.10831624193561062
23	0.13537958619172225
24	0.20135631045836377
25	0.25454002530312675
26	0.30794376733696377
27	0.3466999850695836
28	0.36518226895180617
29	0.34600847104677934
30	0.319636640813472
31	0.2697219013492381
32	0.2446073693392112
33	0.16671774440698744
34	0.10507869901066347
35	0.053623769222911115
36	0.03740462214259334
37	0.022568503107884046
38	0.01562193042425957
39	0.014364632200979121
40	0.00911541211878325
41	0.004777733248465704
42	0.00628649111640224
43	0.007386627061772634
44	0.012824441877460572
45	0.015967687435661692
46	0.03055234682571489
47	0.06993721366997493
48	0.1074047007237323
49	0.1469781623014844
50	0.19343533165169696
51	0.22068727064130067
52	0.26264959884328565
53	0.31973093818021797
54	0.34890025696032434
55	0.35839285854609176
56	0.3430223877664883
57	0.33186386603487433
58	0.28826705014262477
59	0.27245652498487316
60	0.25035950871071927
61	0.23263160376246492
62	0.18919195014812545
63	0.1368569116040768
64	0.08037278892320265
65	0.058652962116032915
66	0.05173782188799044
67	0.04689722372836072
68	0.045419898316006194
69	0.04699152109510676
70	0.04076789488986853
71	0.08178724942439315
72	0.11645724793135151
73	0.165491878639289
74	0.24105550185844396
75	0.3290349450324933
76	0.40139245778228305
77	0.46642620838146426
78	0.4965699332846131
79	0.47139253636342204
80	0.37734662926204454
81	0.322622724093763
82	0.30024281571937106
83	0.23998679836865552
84	0.1831883511319613
85	0.16093417257989737
86	0.14182323958603454
87	0.1267670933622512
88	0.09398304219021351
89	0.0698429163032289
90	0.0703772680481231
91	0.04535703340484217
92	0.04268527468037121
93	0.03533008007418059
94	0.03174678013783132
95	0.029577940702672546
96	0.026654722333545502
97	0.0471172509174348
98	0.031841077504577354
99	0.036524513386297024
100	0.07402343289563638
101	0.14037734662926205
>>END_MODULE
>>Sequence Length Distribution	pass
#Length	Count
101	3181425.0
>>END_MODULE
>>Sequence Duplication Levels	warn
#Total Duplicate Percentage	42.485330746196254
#Duplication Level	Relative count
1	100.0
2	31.173970869692152
3	13.111071463327603
4	5.92500081097739
5	3.0362993479741784
6	1.7095403380153762
7	1.0713011321244363
8	0.6860868718980114
9	0.5052389139390794
10++	4.97696824212541
>>END_MODULE
>>Overrepresented sequences	pass
>>END_MODULE
>>Kmer Content	warn
#Sequence	Count	Obs/Exp Overall	Obs/Exp Max	Max Obs/Exp Position
TCCAA	563150	1.7168735	5.064745	2
TATTG	652885	1.2220536	5.011571	2
ACACC	236980	1.1751974	5.1439376	6
GTCTT	377660	1.1460742	5.423087	1
ATACC	367365	1.1199844	5.8169203	6
GTCCA	214525	1.0624324	5.115728	1
GTATT	546750	1.0233927	7.391572	1
AATAC	527210	0.9913788	5.5104036	5
ATATA	809805	0.9361631	5.3747377	1
ATACT	481500	0.902455	5.7973104	6
TACTG	295235	0.89888966	5.044883	7
TATTA	755130	0.8700939	5.9328647	2
TATAC	458850	0.86000305	6.701453	5
GTATA	414320	0.7780654	8.306486	1
TATAA	635130	0.73423266	5.1533337	2
GTCTA	238870	0.7272774	5.214409	1
>>END_MODULE
