. Sequence file : [Muscle_GPD1.fasta.alter.phy]

. Model of nucleotides substitution : Custom

. Initial tree : [BioNJ]


. Data	Nb of 	Likelihood	Discrete   	Number of 	Gamma shape	Proportion of	Nucleotides frequencies               	Instantaneous rate matrix              	
  set	taxa	loglk     	gamma model	categories	parameter  	invariant    	f(A)      f(C)      f(G)      f(T)    	[A---------C---------G---------T------]	

  #1	19   	-3135.81121	Yes        	8        	0.691    	0.556    	 0.31217   0.17868   0.21078   0.29837	-0.90273   0.09006   0.66230   0.15038  
      	     	          	           	          	           	             	                                      	 0.15733  -1.20108   0.10623   0.93752  
      	     	          	           	          	           	             	                                      	 0.98088   0.09006  -1.22131   0.15038  
      	     	          	           	          	           	             	                                      	 0.15733   0.56144   0.10623  -0.82501  

  #2	19   	-2973.86168	Yes        	8        	0.691    	0.556    	 0.31217   0.17868   0.21078   0.29837	-0.90300   0.09140   0.65897   0.15263  
      	     	          	           	          	           	             	                                      	 0.15968  -1.20032   0.10782   0.93281  
      	     	          	           	          	           	             	                                      	 0.97595   0.09140  -1.21998   0.15263  
      	     	          	           	          	           	             	                                      	 0.15968   0.55862   0.10782  -0.82613  

  #3	19   	-3069.02786	Yes        	8        	0.691    	0.556    	 0.31217   0.17868   0.21078   0.29837	-0.90195   0.08615   0.67194   0.14386  
      	     	          	           	          	           	             	                                      	 0.15051  -1.20331   0.10163   0.95117  
      	     	          	           	          	           	             	                                      	 0.99516   0.08615  -1.22517   0.14386  
      	     	          	           	          	           	             	                                      	 0.15051   0.56962   0.10163  -0.82176  

  #4	19   	-2878.66550	Yes        	8        	0.691    	0.556    	 0.31217   0.17868   0.21078   0.29837	-0.90539   0.10341   0.62931   0.17267  
      	     	          	           	          	           	             	                                      	 0.18066  -1.19346   0.12198   0.89082  
      	     	          	           	          	           	             	                                      	 0.93202   0.10341  -1.20810   0.17267  
      	     	          	           	          	           	             	                                      	 0.18066   0.53348   0.12198  -0.83612  

  #5	19   	-3032.72307	Yes        	8        	0.691    	0.556    	 0.31217   0.17868   0.21078   0.29837	-0.90569   0.10491   0.62560   0.17518  
      	     	          	           	          	           	             	                                      	 0.18328  -1.19261   0.12375   0.88557  
      	     	          	           	          	           	             	                                      	 0.92653   0.10491  -1.20662   0.17518  
      	     	          	           	          	           	             	                                      	 0.18328   0.53033   0.12375  -0.83737  

  #6	19   	-3017.87355	Yes        	8        	0.691    	0.556    	 0.31217   0.17868   0.21078   0.29837	-0.90379   0.09541   0.64908   0.15931  
      	     	          	           	          	           	             	                                      	 0.16668  -1.19803   0.11254   0.91881  
      	     	          	           	          	           	             	                                      	 0.96130   0.09541  -1.21602   0.15931  
      	     	          	           	          	           	             	                                      	 0.16668   0.55024   0.11254  -0.82946  

  #7	19   	-3097.61071	Yes        	8        	0.691    	0.556    	 0.31217   0.17868   0.21078   0.29837	-0.90261   0.08947   0.66375   0.14940  
      	     	          	           	          	           	             	                                      	 0.15631  -1.20142   0.10554   0.93957  
      	     	          	           	          	           	             	                                      	 0.98303   0.08947  -1.22189   0.14940  
      	     	          	           	          	           	             	                                      	 0.15631   0.56267   0.10554  -0.82452  

  #8	19   	-3017.78465	Yes        	8        	0.691    	0.556    	 0.31217   0.17868   0.21078   0.29837	-0.90520   0.10248   0.63160   0.17113  
      	     	          	           	          	           	             	                                      	 0.17904  -1.19399   0.12089   0.89406  
      	     	          	           	          	           	             	                                      	 0.93541   0.10248  -1.20902   0.17113  
      	     	          	           	          	           	             	                                      	 0.17904   0.53542   0.12089  -0.83535  

  #9	19   	-3045.89792	Yes        	8        	0.691    	0.556    	 0.31217   0.17868   0.21078   0.29837	-0.90283   0.09054   0.66109   0.15119  
      	     	          	           	          	           	             	                                      	 0.15819  -1.20081   0.10681   0.93581  
      	     	          	           	          	           	             	                                      	 0.97909   0.09054  -1.22083   0.15119  
      	     	          	           	          	           	             	                                      	 0.15819   0.56042   0.10681  -0.82541  

  #10	19   	-2947.60059	Yes        	8        	0.691    	0.556    	 0.31217   0.17868   0.21078   0.29837	-0.90230   0.08789   0.66765   0.14676  
      	     	          	           	          	           	             	                                      	 0.15354  -1.20232   0.10367   0.94510  
      	     	          	           	          	           	             	                                      	 0.98881   0.08789  -1.22346   0.14676  
      	     	          	           	          	           	             	                                      	 0.15354   0.56599   0.10367  -0.82320  

  #11	19   	-3052.41018	Yes        	8        	0.691    	0.556    	 0.31217   0.17868   0.21078   0.29837	-0.90439   0.09838   0.64173   0.16428  
      	     	          	           	          	           	             	                                      	 0.17187  -1.19633   0.11605   0.90841  
      	     	          	           	          	           	             	                                      	 0.95042   0.09838  -1.21308   0.16428  
      	     	          	           	          	           	             	                                      	 0.17187   0.54401   0.11605  -0.83193  

  #12	19   	-3073.89587	Yes        	8        	0.691    	0.556    	 0.31217   0.17868   0.21078   0.29837	-0.90817   0.11737   0.59480   0.19599  
      	     	          	           	          	           	             	                                      	 0.20506  -1.18549   0.13846   0.84198  
      	     	          	           	          	           	             	                                      	 0.88092   0.11737  -1.19429   0.19599  
      	     	          	           	          	           	             	                                      	 0.20506   0.50423   0.13846  -0.84774  

  #13	19   	-2894.23974	Yes        	8        	0.691    	0.556    	 0.31217   0.17868   0.21078   0.29837	-0.90242   0.08850   0.66614   0.14778  
      	     	          	           	          	           	             	                                      	 0.15461  -1.20197   0.10439   0.94297  
      	     	          	           	          	           	             	                                      	 0.98658   0.08850  -1.22285   0.14778  
      	     	          	           	          	           	             	                                      	 0.15461   0.56471   0.10439  -0.82371  

  #14	19   	-3002.61473	Yes        	8        	0.691    	0.556    	 0.31217   0.17868   0.21078   0.29837	-0.90841   0.11856   0.59186   0.19798  
      	     	          	           	          	           	             	                                      	 0.20714  -1.18481   0.13986   0.83782  
      	     	          	           	          	           	             	                                      	 0.87656   0.11856  -1.19311   0.19798  
      	     	          	           	          	           	             	                                      	 0.20714   0.50174   0.13986  -0.84873  

  #15	19   	-3008.07850	Yes        	8        	0.691    	0.556    	 0.31217   0.17868   0.21078   0.29837	-0.90397   0.09629   0.64690   0.16078  
      	     	          	           	          	           	             	                                      	 0.16822  -1.19753   0.11358   0.91573  
      	     	          	           	          	           	             	                                      	 0.95808   0.09629  -1.21515   0.16078  
      	     	          	           	          	           	             	                                      	 0.16822   0.54839   0.11358  -0.83019  

  #16	19   	-3050.28022	Yes        	8        	0.691    	0.556    	 0.31217   0.17868   0.21078   0.29837	-0.90957   0.12439   0.57746   0.20772  
      	     	          	           	          	           	             	                                      	 0.21732  -1.18149   0.14674   0.81742  
      	     	          	           	          	           	             	                                      	 0.85523   0.12439  -1.18734   0.20772  
      	     	          	           	          	           	             	                                      	 0.21732   0.48952   0.14674  -0.85359  

  #17	19   	-2946.14947	Yes        	8        	0.691    	0.556    	 0.31217   0.17868   0.21078   0.29837	-0.90478   0.10035   0.63686   0.16757  
      	     	          	           	          	           	             	                                      	 0.17532  -1.19521   0.11838   0.90151  
      	     	          	           	          	           	             	                                      	 0.94320   0.10035  -1.21112   0.16757  
      	     	          	           	          	           	             	                                      	 0.17532   0.53988   0.11838  -0.83358  

  #18	19   	-3050.29771	Yes        	8        	0.691    	0.556    	 0.31217   0.17868   0.21078   0.29837	-0.90542   0.10356   0.62894   0.17292  
      	     	          	           	          	           	             	                                      	 0.18092  -1.19338   0.12216   0.89030  
      	     	          	           	          	           	             	                                      	 0.93148   0.10356  -1.20795   0.17292  
      	     	          	           	          	           	             	                                      	 0.18092   0.53317   0.12216  -0.83624  

  #19	19   	-3008.09663	Yes        	8        	0.691    	0.556    	 0.31217   0.17868   0.21078   0.29837	-0.90032   0.07796   0.69219   0.13017  
      	     	          	           	          	           	             	                                      	 0.13619  -1.20799   0.09196   0.97984  
      	     	          	           	          	           	             	                                      	 1.02515   0.07796  -1.23328   0.13017  
      	     	          	           	          	           	             	                                      	 0.13619   0.58679   0.09196  -0.81494  

  #20	19   	-3084.45769	Yes        	8        	0.691    	0.556    	 0.31217   0.17868   0.21078   0.29837	-0.90558   0.10436   0.62695   0.17426  
      	     	          	           	          	           	             	                                      	 0.18232  -1.19292   0.12311   0.88749  
      	     	          	           	          	           	             	                                      	 0.92853   0.10436  -1.20716   0.17426  
      	     	          	           	          	           	             	                                      	 0.18232   0.53148   0.12311  -0.83691  

  #21	19   	-2982.42440	Yes        	8        	0.691    	0.556    	 0.31217   0.17868   0.21078   0.29837	-0.90528   0.10289   0.63059   0.17181  
      	     	          	           	          	           	             	                                      	 0.17975  -1.19376   0.12137   0.89264  
      	     	          	           	          	           	             	                                      	 0.93392   0.10289  -1.20861   0.17181  
      	     	          	           	          	           	             	                                      	 0.17975   0.53456   0.12137  -0.83569  

  #22	19   	-2861.56607	Yes        	8        	0.691    	0.556    	 0.31217   0.17868   0.21078   0.29837	-0.90663   0.10966   0.61387   0.18311  
      	     	          	           	          	           	             	                                      	 0.19158  -1.18990   0.12936   0.86896  
      	     	          	           	          	           	             	                                      	 0.90915   0.10966  -1.20192   0.18311  
      	     	          	           	          	           	             	                                      	 0.19158   0.52039   0.12936  -0.84132  

  #23	19   	-2990.73950	Yes        	8        	0.691    	0.556    	 0.31217   0.17868   0.21078   0.29837	-0.90828   0.11793   0.59343   0.19692  
      	     	          	           	          	           	             	                                      	 0.20603  -1.18518   0.13911   0.84004  
      	     	          	           	          	           	             	                                      	 0.87888   0.11793  -1.19373   0.19692  
      	     	          	           	          	           	             	                                      	 0.20603   0.50306   0.13911  -0.84821  

  #24	19   	-3059.41197	Yes        	8        	0.691    	0.556    	 0.31217   0.17868   0.21078   0.29837	-0.90108   0.08176   0.68279   0.13653  
      	     	          	           	          	           	             	                                      	 0.14284  -1.20582   0.09645   0.96653  
      	     	          	           	          	           	             	                                      	 1.01122   0.08176  -1.22951   0.13653  
      	     	          	           	          	           	             	                                      	 0.14284   0.57881   0.09645  -0.81811  

  #25	19   	-3006.73300	Yes        	8        	0.691    	0.556    	 0.31217   0.17868   0.21078   0.29837	-0.90135   0.08314   0.67938   0.13883  
      	     	          	           	          	           	             	                                      	 0.14525  -1.20503   0.09807   0.96171  
      	     	          	           	          	           	             	                                      	 1.00619   0.08314  -1.22815   0.13883  
      	     	          	           	          	           	             	                                      	 0.14525   0.57593   0.09807  -0.81925  

  #26	19   	-3083.00383	Yes        	8        	0.691    	0.556    	 0.31217   0.17868   0.21078   0.29837	-0.90132   0.08298   0.67978   0.13856  
      	     	          	           	          	           	             	                                      	 0.14497  -1.20512   0.09788   0.96227  
      	     	          	           	          	           	             	                                      	 1.00677   0.08298  -1.22831   0.13856  
      	     	          	           	          	           	             	                                      	 0.14497   0.57626   0.09788  -0.81912  

  #27	19   	-3058.14613	Yes        	8        	0.691    	0.556    	 0.31217   0.17868   0.21078   0.29837	-0.90384   0.09565   0.64847   0.15972  
      	     	          	           	          	           	             	                                      	 0.16711  -1.19789   0.11283   0.91795  
      	     	          	           	          	           	             	                                      	 0.96040   0.09565  -1.21577   0.15972  
      	     	          	           	          	           	             	                                      	 0.16711   0.54972   0.11283  -0.82967  

  #28	19   	-3026.82761	Yes        	8        	0.691    	0.556    	 0.31217   0.17868   0.21078   0.29837	-0.89933   0.07301   0.70442   0.12191  
      	     	          	           	          	           	             	                                      	 0.12755  -1.21081   0.08612   0.99715  
      	     	          	           	          	           	             	                                      	 1.04326   0.07301  -1.23818   0.12191  
      	     	          	           	          	           	             	                                      	 0.12755   0.59715   0.08612  -0.81082  

  #29	19   	-3040.00671	Yes        	8        	0.691    	0.556    	 0.31217   0.17868   0.21078   0.29837	-0.90243   0.08856   0.66600   0.14787  
      	     	          	           	          	           	             	                                      	 0.15471  -1.20194   0.10446   0.94277  
      	     	          	           	          	           	             	                                      	 0.98637   0.08856  -1.22279   0.14787  
      	     	          	           	          	           	             	                                      	 0.15471   0.56459   0.10446  -0.82376  

  #30	19   	-3087.34495	Yes        	8        	0.691    	0.556    	 0.31217   0.17868   0.21078   0.29837	-0.90692   0.11111   0.61027   0.18554  
      	     	          	           	          	           	             	                                      	 0.19412  -1.18907   0.13107   0.86387  
      	     	          	           	          	           	             	                                      	 0.90382   0.11111  -1.20048   0.18554  
      	     	          	           	          	           	             	                                      	 0.19412   0.51734   0.13107  -0.84253  

  #31	19   	-3067.44828	Yes        	8        	0.691    	0.556    	 0.31217   0.17868   0.21078   0.29837	-0.90526   0.10277   0.63089   0.17161  
      	     	          	           	          	           	             	                                      	 0.17954  -1.19383   0.12123   0.89306  
      	     	          	           	          	           	             	                                      	 0.93436   0.10277  -1.20873   0.17161  
      	     	          	           	          	           	             	                                      	 0.17954   0.53482   0.12123  -0.83559  

  #32	19   	-3192.99999	Yes        	8        	0.691    	0.556    	 0.31217   0.17868   0.21078   0.29837	-0.90096   0.08119   0.68419   0.13558  
      	     	          	           	          	           	             	                                      	 0.14185  -1.20614   0.09578   0.96852  
      	     	          	           	          	           	             	                                      	 1.01331   0.08119  -1.23008   0.13558  
      	     	          	           	          	           	             	                                      	 0.14185   0.58001   0.09578  -0.81763  

  #33	19   	-3099.21548	Yes        	8        	0.691    	0.556    	 0.31217   0.17868   0.21078   0.29837	-0.90490   0.10097   0.63533   0.16860  
      	     	          	           	          	           	             	                                      	 0.17640  -1.19485   0.11911   0.89934  
      	     	          	           	          	           	             	                                      	 0.94094   0.10097  -1.21051   0.16860  
      	     	          	           	          	           	             	                                      	 0.17640   0.53858   0.11911  -0.83409  

  #34	19   	-3089.05271	Yes        	8        	0.691    	0.556    	 0.31217   0.17868   0.21078   0.29837	-0.90339   0.09338   0.65408   0.15593  
      	     	          	           	          	           	             	                                      	 0.16314  -1.19919   0.11015   0.92589  
      	     	          	           	          	           	             	                                      	 0.96871   0.09338  -1.21802   0.15593  
      	     	          	           	          	           	             	                                      	 0.16314   0.55448   0.11015  -0.82777  

  #35	19   	-3061.43822	Yes        	8        	0.691    	0.556    	 0.31217   0.17868   0.21078   0.29837	-0.90229   0.08787   0.66769   0.14673  
      	     	          	           	          	           	             	                                      	 0.15352  -1.20233   0.10366   0.94516  
      	     	          	           	          	           	             	                                      	 0.98887   0.08787  -1.22347   0.14673  
      	     	          	           	          	           	             	                                      	 0.15352   0.56602   0.10366  -0.82319  

  #36	19   	-2884.84905	Yes        	8        	0.691    	0.556    	 0.31217   0.17868   0.21078   0.29837	-0.90578   0.10538   0.62444   0.17596  
      	     	          	           	          	           	             	                                      	 0.18410  -1.19234   0.12430   0.88394  
      	     	          	           	          	           	             	                                      	 0.92482   0.10538  -1.20615   0.17596  
      	     	          	           	          	           	             	                                      	 0.18410   0.52936   0.12430  -0.83776  

  #37	19   	-2865.67651	Yes        	8        	0.691    	0.556    	 0.31217   0.17868   0.21078   0.29837	-0.90191   0.08593   0.67248   0.14349  
      	     	          	           	          	           	             	                                      	 0.15013  -1.20344   0.10137   0.95194  
      	     	          	           	          	           	             	                                      	 0.99596   0.08593  -1.22539   0.14349  
      	     	          	           	          	           	             	                                      	 0.15013   0.57008   0.10137  -0.82158  

  #38	19   	-3149.73602	Yes        	8        	0.691    	0.556    	 0.31217   0.17868   0.21078   0.29837	-0.90252   0.08903   0.66484   0.14866  
      	     	          	           	          	           	             	                                      	 0.15553  -1.20167   0.10502   0.94112  
      	     	          	           	          	           	             	                                      	 0.98464   0.08903  -1.22233   0.14866  
      	     	          	           	          	           	             	                                      	 0.15553   0.56360   0.10502  -0.82415  

  #39	19   	-3069.87591	Yes        	8        	0.691    	0.556    	 0.31217   0.17868   0.21078   0.29837	-0.90612   0.10707   0.62025   0.17879  
      	     	          	           	          	           	             	                                      	 0.18706  -1.19137   0.12631   0.87800  
      	     	          	           	          	           	             	                                      	 0.91861   0.10707  -1.20448   0.17879  
      	     	          	           	          	           	             	                                      	 0.18706   0.52580   0.12631  -0.83917  

  #40	19   	-3128.61541	Yes        	8        	0.691    	0.556    	 0.31217   0.17868   0.21078   0.29837	-0.90160   0.08436   0.67636   0.14087  
      	     	          	           	          	           	             	                                      	 0.14739  -1.20433   0.09952   0.95742  
      	     	          	           	          	           	             	                                      	 1.00170   0.08436  -1.22694   0.14087  
      	     	          	           	          	           	             	                                      	 0.14739   0.57336   0.09952  -0.82027  

  #41	19   	-2962.28107	Yes        	8        	0.691    	0.556    	 0.31217   0.17868   0.21078   0.29837	-0.90379   0.09536   0.64919   0.15923  
      	     	          	           	          	           	             	                                      	 0.16660  -1.19806   0.11249   0.91897  
      	     	          	           	          	           	             	                                      	 0.96147   0.09536  -1.21606   0.15923  
      	     	          	           	          	           	             	                                      	 0.16660   0.55033   0.11249  -0.82942  

  #42	19   	-3175.56968	Yes        	8        	0.691    	0.556    	 0.31217   0.17868   0.21078   0.29837	-0.90420   0.09743   0.64408   0.16269  
      	     	          	           	          	           	             	                                      	 0.17021  -1.19688   0.11493   0.91173  
      	     	          	           	          	           	             	                                      	 0.95390   0.09743  -1.21402   0.16269  
      	     	          	           	          	           	             	                                      	 0.17021   0.54600   0.11493  -0.83114  

  #43	19   	-3070.21326	Yes        	8        	0.691    	0.556    	 0.31217   0.17868   0.21078   0.29837	-0.90528   0.10286   0.63066   0.17176  
      	     	          	           	          	           	             	                                      	 0.17970  -1.19378   0.12134   0.89274  
      	     	          	           	          	           	             	                                      	 0.93402   0.10286  -1.20864   0.17176  
      	     	          	           	          	           	             	                                      	 0.17970   0.53463   0.12134  -0.83566  

  #44	19   	-3045.13401	Yes        	8        	0.691    	0.556    	 0.31217   0.17868   0.21078   0.29837	-0.90309   0.09189   0.65776   0.15344  
      	     	          	           	          	           	             	                                      	 0.16054  -1.20004   0.10840   0.93110  
      	     	          	           	          	           	             	                                      	 0.97416   0.09189  -1.21949   0.15344  
      	     	          	           	          	           	             	                                      	 0.16054   0.55760   0.10840  -0.82653  

  #45	19   	-3050.74376	Yes        	8        	0.691    	0.556    	 0.31217   0.17868   0.21078   0.29837	-0.90637   0.10836   0.61708   0.18094  
      	     	          	           	          	           	             	                                      	 0.18931  -1.19064   0.12782   0.87351  
      	     	          	           	          	           	             	                                      	 0.91391   0.10836  -1.20320   0.18094  
      	     	          	           	          	           	             	                                      	 0.18931   0.52311   0.12782  -0.84024  

  #46	19   	-3087.51640	Yes        	8        	0.691    	0.556    	 0.31217   0.17868   0.21078   0.29837	-0.90738   0.11340   0.60462   0.18936  
      	     	          	           	          	           	             	                                      	 0.19812  -1.18776   0.13377   0.85588  
      	     	          	           	          	           	             	                                      	 0.89546   0.11340  -1.19822   0.18936  
      	     	          	           	          	           	             	                                      	 0.19812   0.51255   0.13377  -0.84444  

  #47	19   	-3018.05004	Yes        	8        	0.691    	0.556    	 0.31217   0.17868   0.21078   0.29837	-0.90449   0.09891   0.64041   0.16517  
      	     	          	           	          	           	             	                                      	 0.17281  -1.19603   0.11668   0.90654  
      	     	          	           	          	           	             	                                      	 0.94846   0.09891  -1.21255   0.16517  
      	     	          	           	          	           	             	                                      	 0.17281   0.54289   0.11668  -0.83238  

  #48	19   	-3098.01759	Yes        	8        	0.691    	0.556    	 0.31217   0.17868   0.21078   0.29837	-0.90904   0.12175   0.58399   0.20330  
      	     	          	           	          	           	             	                                      	 0.21271  -1.18300   0.14362   0.82667  
      	     	          	           	          	           	             	                                      	 0.86490   0.12175  -1.18995   0.20330  
      	     	          	           	          	           	             	                                      	 0.21271   0.49506   0.14362  -0.85139  

  #49	19   	-3137.27596	Yes        	8        	0.691    	0.556    	 0.31217   0.17868   0.21078   0.29837	-0.90490   0.10094   0.63541   0.16855  
      	     	          	           	          	           	             	                                      	 0.17634  -1.19487   0.11907   0.89946  
      	     	          	           	          	           	             	                                      	 0.94106   0.10094  -1.21055   0.16855  
      	     	          	           	          	           	             	                                      	 0.17634   0.53865   0.11907  -0.83406  

  #50	19   	-3166.91192	Yes        	8        	0.691    	0.556    	 0.31217   0.17868   0.21078   0.29837	-0.90385   0.09568   0.64841   0.15977  
      	     	          	           	          	           	             	                                      	 0.16715  -1.19788   0.11286   0.91786  
      	     	          	           	          	           	             	                                      	 0.96030   0.09568  -1.21575   0.15977  
      	     	          	           	          	           	             	                                      	 0.16715   0.54967   0.11286  -0.82969  

  #51	19   	-2891.73314	Yes        	8        	0.691    	0.556    	 0.31217   0.17868   0.21078   0.29837	-0.89952   0.07395   0.70208   0.12349  
      	     	          	           	          	           	             	                                      	 0.12920  -1.21027   0.08724   0.99384  
      	     	          	           	          	           	             	                                      	 1.03980   0.07395  -1.23724   0.12349  
      	     	          	           	          	           	             	                                      	 0.12920   0.59517   0.08724  -0.81161  

  #52	19   	-3017.63675	Yes        	8        	0.691    	0.556    	 0.31217   0.17868   0.21078   0.29837	-0.90649   0.10895   0.61562   0.18192  
      	     	          	           	          	           	             	                                      	 0.19034  -1.19030   0.12852   0.87145  
      	     	          	           	          	           	             	                                      	 0.91175   0.10895  -1.20262   0.18192  
      	     	          	           	          	           	             	                                      	 0.19034   0.52187   0.12852  -0.84073  

  #53	19   	-2966.21008	Yes        	8        	0.691    	0.556    	 0.31217   0.17868   0.21078   0.29837	-0.90672   0.11008   0.61283   0.18381  
      	     	          	           	          	           	             	                                      	 0.19231  -1.18966   0.12985   0.86750  
      	     	          	           	          	           	             	                                      	 0.90761   0.11008  -1.20150   0.18381  
      	     	          	           	          	           	             	                                      	 0.19231   0.51951   0.12985  -0.84167  

  #54	19   	-2979.56380	Yes        	8        	0.691    	0.556    	 0.31217   0.17868   0.21078   0.29837	-0.90367   0.09476   0.65068   0.15823  
      	     	          	           	          	           	             	                                      	 0.16554  -1.19840   0.11178   0.92108  
      	     	          	           	          	           	             	                                      	 0.96368   0.09476  -1.21666   0.15823  
      	     	          	           	          	           	             	                                      	 0.16554   0.55160   0.11178  -0.82892  

  #55	19   	-3221.41812	Yes        	8        	0.691    	0.556    	 0.31217   0.17868   0.21078   0.29837	-0.90603   0.10665   0.62130   0.17809  
      	     	          	           	          	           	             	                                      	 0.18632  -1.19161   0.12581   0.87948  
      	     	          	           	          	           	             	                                      	 0.92015   0.10665  -1.20489   0.17809  
      	     	          	           	          	           	             	                                      	 0.18632   0.52669   0.12581  -0.83882  

  #56	19   	-3016.24672	Yes        	8        	0.691    	0.556    	 0.31217   0.17868   0.21078   0.29837	-0.90919   0.12251   0.58211   0.20458  
      	     	          	           	          	           	             	                                      	 0.21404  -1.18256   0.14452   0.82401  
      	     	          	           	          	           	             	                                      	 0.86211   0.12251  -1.18920   0.20458  
      	     	          	           	          	           	             	                                      	 0.21404   0.49346   0.14452  -0.85202  

  #57	19   	-3161.72297	Yes        	8        	0.691    	0.556    	 0.31217   0.17868   0.21078   0.29837	-0.90339   0.09337   0.65412   0.15591  
      	     	          	           	          	           	             	                                      	 0.16312  -1.19919   0.11014   0.92594  
      	     	          	           	          	           	             	                                      	 0.96876   0.09337  -1.21803   0.15591  
      	     	          	           	          	           	             	                                      	 0.16312   0.55451   0.11014  -0.82776  

  #58	19   	-3044.47908	Yes        	8        	0.691    	0.556    	 0.31217   0.17868   0.21078   0.29837	-0.90607   0.10681   0.62090   0.17836  
      	     	          	           	          	           	             	                                      	 0.18660  -1.19152   0.12600   0.87892  
      	     	          	           	          	           	             	                                      	 0.91957   0.10681  -1.20473   0.17836  
      	     	          	           	          	           	             	                                      	 0.18660   0.52635   0.12600  -0.83895  

  #59	19   	-3010.95801	Yes        	8        	0.691    	0.556    	 0.31217   0.17868   0.21078   0.29837	-0.90654   0.10920   0.61500   0.18235  
      	     	          	           	          	           	             	                                      	 0.19078  -1.19016   0.12882   0.87056  
      	     	          	           	          	           	             	                                      	 0.91083   0.10920  -1.20237   0.18235  
      	     	          	           	          	           	             	                                      	 0.19078   0.52135   0.12882  -0.84094  

  #60	19   	-3092.58667	Yes        	8        	0.691    	0.556    	 0.31217   0.17868   0.21078   0.29837	-0.90441   0.09848   0.64147   0.16445  
      	     	          	           	          	           	             	                                      	 0.17206  -1.19627   0.11618   0.90804  
      	     	          	           	          	           	             	                                      	 0.95003   0.09848  -1.21297   0.16445  
      	     	          	           	          	           	             	                                      	 0.17206   0.54379   0.11618  -0.83202  

  #61	19   	-3117.04080	Yes        	8        	0.691    	0.556    	 0.31217   0.17868   0.21078   0.29837	-0.90527   0.10281   0.63078   0.17168  
      	     	          	           	          	           	             	                                      	 0.17962  -1.19380   0.12128   0.89291  
      	     	          	           	          	           	             	                                      	 0.93420   0.10281  -1.20869   0.17168  
      	     	          	           	          	           	             	                                      	 0.17962   0.53473   0.12128  -0.83562  

  #62	19   	-2981.66472	Yes        	8        	0.691    	0.556    	 0.31217   0.17868   0.21078   0.29837	-0.90621   0.10755   0.61907   0.17959  
      	     	          	           	          	           	             	                                      	 0.18790  -1.19110   0.12687   0.87633  
      	     	          	           	          	           	             	                                      	 0.91686   0.10755  -1.20400   0.17959  
      	     	          	           	          	           	             	                                      	 0.18790   0.52480   0.12687  -0.83957  

  #63	19   	-2964.70368	Yes        	8        	0.691    	0.556    	 0.31217   0.17868   0.21078   0.29837	-0.90230   0.08788   0.66766   0.14675  
      	     	          	           	          	           	             	                                      	 0.15354  -1.20232   0.10367   0.94512  
      	     	          	           	          	           	             	                                      	 0.98883   0.08788  -1.22346   0.14675  
      	     	          	           	          	           	             	                                      	 0.15354   0.56599   0.10367  -0.82320  

  #64	19   	-3035.79811	Yes        	8        	0.691    	0.556    	 0.31217   0.17868   0.21078   0.29837	-0.90361   0.09448   0.65135   0.15777  
      	     	          	           	          	           	             	                                      	 0.16507  -1.19856   0.11146   0.92203  
      	     	          	           	          	           	             	                                      	 0.96467   0.09448  -1.21693   0.15777  
      	     	          	           	          	           	             	                                      	 0.16507   0.55217   0.11146  -0.82869  

  #65	19   	-3029.38306	Yes        	8        	0.691    	0.556    	 0.31217   0.17868   0.21078   0.29837	-0.90084   0.08057   0.68572   0.13455  
      	     	          	           	          	           	             	                                      	 0.14077  -1.20649   0.09505   0.97068  
      	     	          	           	          	           	             	                                      	 1.01557   0.08057  -1.23069   0.13455  
      	     	          	           	          	           	             	                                      	 0.14077   0.58130   0.09505  -0.81712  

  #66	19   	-2898.26000	Yes        	8        	0.691    	0.556    	 0.31217   0.17868   0.21078   0.29837	-0.90895   0.12131   0.58507   0.20257  
      	     	          	           	          	           	             	                                      	 0.21194  -1.18325   0.14310   0.82820  
      	     	          	           	          	           	             	                                      	 0.86650   0.12131  -1.19039   0.20257  
      	     	          	           	          	           	             	                                      	 0.21194   0.49598   0.14310  -0.85102  

  #67	19   	-3131.06846	Yes        	8        	0.691    	0.556    	 0.31217   0.17868   0.21078   0.29837	-0.90468   0.09987   0.63804   0.16677  
      	     	          	           	          	           	             	                                      	 0.17449  -1.19548   0.11782   0.90318  
      	     	          	           	          	           	             	                                      	 0.94495   0.09987  -1.21160   0.16677  
      	     	          	           	          	           	             	                                      	 0.17449   0.54088   0.11782  -0.83318  

  #68	19   	-3057.64895	Yes        	8        	0.691    	0.556    	 0.31217   0.17868   0.21078   0.29837	-0.90137   0.08322   0.67919   0.13896  
      	     	          	           	          	           	             	                                      	 0.14538  -1.20499   0.09816   0.96144  
      	     	          	           	          	           	             	                                      	 1.00590   0.08322  -1.22808   0.13896  
      	     	          	           	          	           	             	                                      	 0.14538   0.57577   0.09816  -0.81932  

  #69	19   	-3099.16506	Yes        	8        	0.691    	0.556    	 0.31217   0.17868   0.21078   0.29837	-0.90502   0.10158   0.63381   0.16963  
      	     	          	           	          	           	             	                                      	 0.17747  -1.19451   0.11983   0.89720  
      	     	          	           	          	           	             	                                      	 0.93870   0.10158  -1.20991   0.16963  
      	     	          	           	          	           	             	                                      	 0.17747   0.53730   0.11983  -0.83460  

  #70	19   	-3191.73555	Yes        	8        	0.691    	0.556    	 0.31217   0.17868   0.21078   0.29837	-0.90492   0.10105   0.63514   0.16873  
      	     	          	           	          	           	             	                                      	 0.17653  -1.19481   0.11920   0.89908  
      	     	          	           	          	           	             	                                      	 0.94066   0.10105  -1.21044   0.16873  
      	     	          	           	          	           	             	                                      	 0.17653   0.53842   0.11920  -0.83415  

  #71	19   	-3067.11373	Yes        	8        	0.691    	0.556    	 0.31217   0.17868   0.21078   0.29837	-0.90584   0.10569   0.62366   0.17649  
      	     	          	           	          	           	             	                                      	 0.18465  -1.19216   0.12468   0.88283  
      	     	          	           	          	           	             	                                      	 0.92366   0.10569  -1.20584   0.17649  
      	     	          	           	          	           	             	                                      	 0.18465   0.52869   0.12468  -0.83802  

  #72	19   	-2989.94971	Yes        	8        	0.691    	0.556    	 0.31217   0.17868   0.21078   0.29837	-0.90324   0.09261   0.65599   0.15464  
      	     	          	           	          	           	             	                                      	 0.16179  -1.19963   0.10924   0.92860  
      	     	          	           	          	           	             	                                      	 0.97154   0.09261  -1.21879   0.15464  
      	     	          	           	          	           	             	                                      	 0.16179   0.55610   0.10924  -0.82713  

  #73	19   	-2985.16326	Yes        	8        	0.691    	0.556    	 0.31217   0.17868   0.21078   0.29837	-0.90272   0.09000   0.66242   0.15029  
      	     	          	           	          	           	             	                                      	 0.15724  -1.20111   0.10617   0.93770  
      	     	          	           	          	           	             	                                      	 0.98107   0.09000  -1.22136   0.15029  
      	     	          	           	          	           	             	                                      	 0.15724   0.56155   0.10617  -0.82496  

  #74	19   	-3062.42061	Yes        	8        	0.691    	0.556    	 0.31217   0.17868   0.21078   0.29837	-0.90742   0.11362   0.60409   0.18972  
      	     	          	           	          	           	             	                                      	 0.19849  -1.18764   0.13402   0.85512  
      	     	          	           	          	           	             	                                      	 0.89467   0.11362  -1.19800   0.18972  
      	     	          	           	          	           	             	                                      	 0.19849   0.51210   0.13402  -0.84462  

  #75	19   	-3054.51040	Yes        	8        	0.691    	0.556    	 0.31217   0.17868   0.21078   0.29837	-0.91009   0.12701   0.57100   0.21208  
      	     	          	           	          	           	             	                                      	 0.22189  -1.18000   0.14982   0.80829  
      	     	          	           	          	           	             	                                      	 0.84567   0.12701  -1.18475   0.21208  
      	     	          	           	          	           	             	                                      	 0.22189   0.48405   0.14982  -0.85576  

  #76	19   	-2939.60556	Yes        	8        	0.691    	0.556    	 0.31217   0.17868   0.21078   0.29837	-0.90254   0.08913   0.66458   0.14883  
      	     	          	           	          	           	             	                                      	 0.15572  -1.20161   0.10514   0.94076  
      	     	          	           	          	           	             	                                      	 0.98426   0.08913  -1.22223   0.14883  
      	     	          	           	          	           	             	                                      	 0.15572   0.56338   0.10514  -0.82424  

  #77	19   	-3124.04136	Yes        	8        	0.691    	0.556    	 0.31217   0.17868   0.21078   0.29837	-0.90059   0.07934   0.68878   0.13248  
      	     	          	           	          	           	             	                                      	 0.13861  -1.20720   0.09359   0.97501  
      	     	          	           	          	           	             	                                      	 1.02010   0.07934  -1.23191   0.13248  
      	     	          	           	          	           	             	                                      	 0.13861   0.58389   0.09359  -0.81609  

  #78	19   	-3177.43031	Yes        	8        	0.691    	0.556    	 0.31217   0.17868   0.21078   0.29837	-0.90366   0.09475   0.65069   0.15822  
      	     	          	           	          	           	             	                                      	 0.16554  -1.19840   0.11177   0.92109  
      	     	          	           	          	           	             	                                      	 0.96369   0.09475  -1.21666   0.15822  
      	     	          	           	          	           	             	                                      	 0.16554   0.55161   0.11177  -0.82892  

  #79	19   	-2945.68636	Yes        	8        	0.691    	0.556    	 0.31217   0.17868   0.21078   0.29837	-0.90487   0.10080   0.63575   0.16832  
      	     	          	           	          	           	             	                                      	 0.17610  -1.19495   0.11891   0.89994  
      	     	          	           	          	           	             	                                      	 0.94156   0.10080  -1.21068   0.16832  
      	     	          	           	          	           	             	                                      	 0.17610   0.53894   0.11891  -0.83395  

  #80	19   	-3070.20167	Yes        	8        	0.691    	0.556    	 0.31217   0.17868   0.21078   0.29837	-0.90653   0.10916   0.61509   0.18228  
      	     	          	           	          	           	             	                                      	 0.19071  -1.19018   0.12877   0.87070  
      	     	          	           	          	           	             	                                      	 0.91097   0.10916  -1.20241   0.18228  
      	     	          	           	          	           	             	                                      	 0.19071   0.52143   0.12877  -0.84091  

  #81	19   	-2808.80368	Yes        	8        	0.691    	0.556    	 0.31217   0.17868   0.21078   0.29837	-0.90320   0.09244   0.65641   0.15436  
      	     	          	           	          	           	             	                                      	 0.16150  -1.19972   0.10904   0.92918  
      	     	          	           	          	           	             	                                      	 0.97216   0.09244  -1.21895   0.15436  
      	     	          	           	          	           	             	                                      	 0.16150   0.55645   0.10904  -0.82699  

  #82	19   	-3026.38559	Yes        	8        	0.691    	0.556    	 0.31217   0.17868   0.21078   0.29837	-0.90435   0.09817   0.64224   0.16393  
      	     	          	           	          	           	             	                                      	 0.17151  -1.19645   0.11581   0.90913  
      	     	          	           	          	           	             	                                      	 0.95118   0.09817  -1.21328   0.16393  
      	     	          	           	          	           	             	                                      	 0.17151   0.54444   0.11581  -0.83176  

  #83	19   	-3135.62990	Yes        	8        	0.691    	0.556    	 0.31217   0.17868   0.21078   0.29837	-0.90290   0.09092   0.66017   0.15181  
      	     	          	           	          	           	             	                                      	 0.15883  -1.20059   0.10725   0.93451  
      	     	          	           	          	           	             	                                      	 0.97773   0.09092  -1.22046   0.15181  
      	     	          	           	          	           	             	                                      	 0.15883   0.55964   0.10725  -0.82572  

  #84	19   	-3027.58232	Yes        	8        	0.691    	0.556    	 0.31217   0.17868   0.21078   0.29837	-0.90791   0.11605   0.59808   0.19378  
      	     	          	           	          	           	             	                                      	 0.20274  -1.18625   0.13689   0.84661  
      	     	          	           	          	           	             	                                      	 0.88576   0.11605  -1.19559   0.19378  
      	     	          	           	          	           	             	                                      	 0.20274   0.50700   0.13689  -0.84664  

  #85	19   	-3042.80173	Yes        	8        	0.691    	0.556    	 0.31217   0.17868   0.21078   0.29837	-0.90263   0.08955   0.66354   0.14954  
      	     	          	           	          	           	             	                                      	 0.15645  -1.20137   0.10564   0.93928  
      	     	          	           	          	           	             	                                      	 0.98272   0.08955  -1.22181   0.14954  
      	     	          	           	          	           	             	                                      	 0.15645   0.56250   0.10564  -0.82459  

  #86	19   	-3017.27065	Yes        	8        	0.691    	0.556    	 0.31217   0.17868   0.21078   0.29837	-0.90167   0.08474   0.67543   0.14150  
      	     	          	           	          	           	             	                                      	 0.14804  -1.20412   0.09996   0.95611  
      	     	          	           	          	           	             	                                      	 1.00033   0.08474  -1.22657   0.14150  
      	     	          	           	          	           	             	                                      	 0.14804   0.57258   0.09996  -0.82058  

  #87	19   	-3081.49817	Yes        	8        	0.691    	0.556    	 0.31217   0.17868   0.21078   0.29837	-0.90486   0.10073   0.63592   0.16820  
      	     	          	           	          	           	             	                                      	 0.17598  -1.19499   0.11882   0.90018  
      	     	          	           	          	           	             	                                      	 0.94181   0.10073  -1.21075   0.16820  
      	     	          	           	          	           	             	                                      	 0.17598   0.53908   0.11882  -0.83389  

  #88	19   	-3177.02509	Yes        	8        	0.691    	0.556    	 0.31217   0.17868   0.21078   0.29837	-0.90691   0.11106   0.61040   0.18545  
      	     	          	           	          	           	             	                                      	 0.19403  -1.18910   0.13101   0.86406  
      	     	          	           	          	           	             	                                      	 0.90401   0.11106  -1.20053   0.18545  
      	     	          	           	          	           	             	                                      	 0.19403   0.51745   0.13101  -0.84249  

  #89	19   	-3145.22202	Yes        	8        	0.691    	0.556    	 0.31217   0.17868   0.21078   0.29837	-0.90493   0.10109   0.63502   0.16881  
      	     	          	           	          	           	             	                                      	 0.17662  -1.19478   0.11925   0.89891  
      	     	          	           	          	           	             	                                      	 0.94049   0.10109  -1.21039   0.16881  
      	     	          	           	          	           	             	                                      	 0.17662   0.53832   0.11925  -0.83419  

  #90	19   	-3104.93894	Yes        	8        	0.691    	0.556    	 0.31217   0.17868   0.21078   0.29837	-0.90496   0.10126   0.63462   0.16908  
      	     	          	           	          	           	             	                                      	 0.17690  -1.19469   0.11944   0.89835  
      	     	          	           	          	           	             	                                      	 0.93989   0.10126  -1.21023   0.16908  
      	     	          	           	          	           	             	                                      	 0.17690   0.53798   0.11944  -0.83433  

  #91	19   	-3086.27722	Yes        	8        	0.691    	0.556    	 0.31217   0.17868   0.21078   0.29837	-0.90898   0.12145   0.58474   0.20279  
      	     	          	           	          	           	             	                                      	 0.21217  -1.18317   0.14326   0.82773  
      	     	          	           	          	           	             	                                      	 0.86601   0.12145  -1.19026   0.20279  
      	     	          	           	          	           	             	                                      	 0.21217   0.49570   0.14326  -0.85113  

  #92	19   	-3076.56191	Yes        	8        	0.691    	0.556    	 0.31217   0.17868   0.21078   0.29837	-0.90268   0.08982   0.66287   0.14999  
      	     	          	           	          	           	             	                                      	 0.15693  -1.20122   0.10596   0.93833  
      	     	          	           	          	           	             	                                      	 0.98172   0.08982  -1.22154   0.14999  
      	     	          	           	          	           	             	                                      	 0.15693   0.56193   0.10596  -0.82482  

  #93	19   	-2811.23224	Yes        	8        	0.691    	0.556    	 0.31217   0.17868   0.21078   0.29837	-0.90320   0.09241   0.65647   0.15432  
      	     	          	           	          	           	             	                                      	 0.16145  -1.19974   0.10901   0.92927  
      	     	          	           	          	           	             	                                      	 0.97225   0.09241  -1.21898   0.15432  
      	     	          	           	          	           	             	                                      	 0.16145   0.55650   0.10901  -0.82697  

  #94	19   	-3138.09808	Yes        	8        	0.691    	0.556    	 0.31217   0.17868   0.21078   0.29837	-0.90694   0.11118   0.61011   0.18565  
      	     	          	           	          	           	             	                                      	 0.19424  -1.18903   0.13115   0.86364  
      	     	          	           	          	           	             	                                      	 0.90358   0.11118  -1.20041   0.18565  
      	     	          	           	          	           	             	                                      	 0.19424   0.51720   0.13115  -0.84259  

  #95	19   	-3264.15495	Yes        	8        	0.691    	0.556    	 0.31217   0.17868   0.21078   0.29837	-0.90485   0.10069   0.63603   0.16813  
      	     	          	           	          	           	             	                                      	 0.17590  -1.19502   0.11877   0.90034  
      	     	          	           	          	           	             	                                      	 0.94198   0.10069  -1.21079   0.16813  
      	     	          	           	          	           	             	                                      	 0.17590   0.53918   0.11877  -0.83385  

  #96	19   	-3065.94212	Yes        	8        	0.691    	0.556    	 0.31217   0.17868   0.21078   0.29837	-0.90793   0.11619   0.59773   0.19401  
      	     	          	           	          	           	             	                                      	 0.20298  -1.18617   0.13706   0.84613  
      	     	          	           	          	           	             	                                      	 0.88526   0.11619  -1.19546   0.19401  
      	     	          	           	          	           	             	                                      	 0.20298   0.50671   0.13706  -0.84676  

  #97	19   	-3063.11670	Yes        	8        	0.691    	0.556    	 0.31217   0.17868   0.21078   0.29837	-0.90227   0.08774   0.66802   0.14651  
      	     	          	           	          	           	             	                                      	 0.15328  -1.20241   0.10350   0.94562  
      	     	          	           	          	           	             	                                      	 0.98935   0.08774  -1.22360   0.14651  
      	     	          	           	          	           	             	                                      	 0.15328   0.56630   0.10350  -0.82308  

  #98	19   	-3130.82217	Yes        	8        	0.691    	0.556    	 0.31217   0.17868   0.21078   0.29837	-0.90240   0.08841   0.66637   0.14762  
      	     	          	           	          	           	             	                                      	 0.15445  -1.20202   0.10429   0.94329  
      	     	          	           	          	           	             	                                      	 0.98691   0.08841  -1.22294   0.14762  
      	     	          	           	          	           	             	                                      	 0.15445   0.56490   0.10429  -0.82364  

  #99	19   	-3021.47204	Yes        	8        	0.691    	0.556    	 0.31217   0.17868   0.21078   0.29837	-0.90412   0.09704   0.64503   0.16205  
      	     	          	           	          	           	             	                                      	 0.16954  -1.19710   0.11447   0.91308  
      	     	          	           	          	           	             	                                      	 0.95531   0.09704  -1.21440   0.16205  
      	     	          	           	          	           	             	                                      	 0.16954   0.54681   0.11447  -0.83082  

  #100	19   	-2971.72640	Yes        	8        	0.691    	0.556    	 0.31217   0.17868   0.21078   0.29837	-0.90471   0.10002   0.63768   0.16702  
      	     	          	           	          	           	             	                                      	 0.17474  -1.19540   0.11799   0.90267  
      	     	          	           	          	           	             	                                      	 0.94442   0.10002  -1.21145   0.16702  
      	     	          	           	          	           	             	                                      	 0.17474   0.54057   0.11799  -0.83330  

