##FastQC	0.8.0
>>Basic Statistics	pass
#Measure	Value	
Filename	8_140619_BC47HDACXX_P1260_1005_2.fastq.gz	
File type	Conventional base calls	
Total Sequences	2922955	
Sequence length	101	
%GC	37	
>>END_MODULE
>>Per base sequence quality	pass
#Base	Mean	Median	Lower Quartile	Upper Quartile	10th Percentile	90th Percentile
1	31.737185485236687	33.0	33.0	33.0	27.0	33.0
2	31.745891400996594	33.0	33.0	33.0	27.0	33.0
3	31.729066988715186	33.0	33.0	33.0	27.0	33.0
4	35.548982108859015	37.0	37.0	37.0	33.0	37.0
5	35.57646901851038	37.0	37.0	37.0	33.0	37.0
6	35.62809382970316	37.0	37.0	37.0	33.0	37.0
7	35.5764898878019	37.0	37.0	37.0	33.0	37.0
8	35.59384253264248	37.0	37.0	37.0	33.0	37.0
9	35.6074640218546	37.0	37.0	37.0	33.0	37.0
10	35.56462655087061	37.0	37.0	37.0	33.0	37.0
11	35.60384439719394	37.0	37.0	37.0	33.0	37.0
12	35.56330665371174	37.0	37.0	37.0	33.0	37.0
13	35.557107105651646	37.0	37.0	37.0	33.0	37.0
14	37.454196523723425	40.0	37.0	40.0	33.0	40.0
15	37.46852072645662	40.0	37.0	40.0	33.0	40.0
16	37.45588146242416	40.0	37.0	40.0	33.0	40.0
17	37.41583534471109	40.0	37.0	40.0	33.0	40.0
18	37.406246076316606	40.0	37.0	40.0	33.0	40.0
19	37.45153449163603	40.0	37.0	40.0	33.0	40.0
20	37.417369066578175	40.0	37.0	40.0	33.0	40.0
21	37.36944564661447	40.0	37.0	40.0	33.0	40.0
22	37.30716894375726	40.0	37.0	40.0	33.0	40.0
23	37.27301720348073	40.0	37.0	40.0	33.0	40.0
24	37.2185161933728	40.0	37.0	40.0	33.0	40.0
25	37.15846087264429	40.0	37.0	40.0	33.0	40.0
26	37.10282813112073	40.0	37.0	40.0	33.0	40.0
27	37.069176911721186	40.0	37.0	40.0	33.0	40.0
28	37.034021050614875	40.0	37.0	40.0	33.0	40.0
29	36.97281381341827	40.0	37.0	40.0	33.0	40.0
30	36.96502888344158	40.0	37.0	40.0	33.0	40.0
31	36.922506846667154	40.0	37.0	40.0	33.0	40.0
32	36.92628453055213	40.0	37.0	40.0	33.0	40.0
33	36.91611331683177	40.0	37.0	40.0	33.0	40.0
34	36.88987514347638	40.0	37.0	40.0	33.0	40.0
35	36.877100400108795	40.0	37.0	40.0	33.0	40.0
36	36.846619944542425	40.0	37.0	40.0	33.0	40.0
37	36.82272426363047	40.0	37.0	40.0	33.0	40.0
38	36.77671773941097	40.0	37.0	40.0	33.0	40.0
39	36.74699268377378	40.0	37.0	40.0	33.0	40.0
40	36.71592959864247	40.0	37.0	40.0	33.0	40.0
41	36.62791558542639	40.0	37.0	40.0	33.0	40.0
42	36.60591148341319	40.0	37.0	40.0	33.0	40.0
43	36.577226471156756	40.0	37.0	40.0	33.0	40.0
44	36.55507765258103	40.0	37.0	40.0	33.0	40.0
45	36.50794076542403	40.0	37.0	40.0	33.0	40.0
46	36.437811735042104	40.0	37.0	40.0	33.0	40.0
47	36.347571550023865	40.0	37.0	40.0	33.0	40.0
48	36.28701331358163	40.0	37.0	40.0	33.0	40.0
49	36.203195738559096	40.0	37.0	40.0	33.0	40.0
50	36.093470477650186	40.0	37.0	40.0	33.0	40.0
51	34.629007288856656	37.0	33.0	37.0	27.0	40.0
52	35.11829603945323	37.0	37.0	40.0	27.0	40.0
53	35.60676233469212	37.0	37.0	40.0	33.0	40.0
54	35.80431583791061	37.0	37.0	40.0	33.0	40.0
55	35.856767894134535	37.0	37.0	40.0	27.0	40.0
56	35.81926646150899	37.0	37.0	40.0	27.0	40.0
57	36.03644530962673	37.0	37.0	40.0	33.0	40.0
58	36.075625864920944	40.0	37.0	40.0	33.0	40.0
59	36.06119526301294	40.0	37.0	40.0	33.0	40.0
60	36.009130143981004	37.0	37.0	40.0	33.0	40.0
61	35.94445381471832	37.0	37.0	40.0	33.0	40.0
62	35.85149309517252	37.0	37.0	40.0	27.0	40.0
63	35.756267886436845	37.0	37.0	40.0	27.0	40.0
64	35.65157075630655	37.0	37.0	40.0	27.0	40.0
65	35.57003956612401	37.0	37.0	40.0	27.0	40.0
66	35.63106274301178	37.0	37.0	40.0	27.0	40.0
67	35.57395443994177	37.0	37.0	40.0	27.0	40.0
68	35.47613596514486	37.0	37.0	40.0	27.0	40.0
69	35.35113917251549	37.0	37.0	40.0	27.0	40.0
70	35.23203367824684	37.0	37.0	40.0	27.0	40.0
71	35.07814625952162	37.0	37.0	40.0	27.0	40.0
72	34.94843642820365	37.0	37.0	40.0	27.0	40.0
73	34.78254745625574	37.0	37.0	37.0	27.0	40.0
74	34.626956282255456	37.0	33.0	37.0	27.0	40.0
75	34.45302065888801	37.0	33.0	37.0	27.0	40.0
76	34.25904846294247	37.0	33.0	37.0	27.0	40.0
77	34.08052262179883	37.0	33.0	37.0	27.0	40.0
78	33.907641068713	37.0	33.0	37.0	27.0	40.0
79	33.765248524181864	37.0	33.0	37.0	27.0	37.0
80	33.67962387378526	37.0	33.0	37.0	27.0	37.0
81	33.560526590385415	37.0	33.0	37.0	27.0	37.0
82	33.45455951254809	37.0	33.0	37.0	27.0	37.0
83	33.3559774269532	37.0	33.0	37.0	27.0	37.0
84	33.264034170898974	37.0	33.0	37.0	27.0	37.0
85	33.17647688725964	37.0	33.0	37.0	27.0	37.0
86	33.06531061887713	37.0	33.0	37.0	27.0	37.0
87	32.992557873795526	37.0	33.0	37.0	27.0	37.0
88	32.92476312498824	37.0	33.0	37.0	27.0	37.0
89	32.85321635126097	37.0	33.0	37.0	27.0	37.0
90	32.76396112837865	37.0	33.0	37.0	27.0	37.0
91	32.69275784266265	37.0	33.0	37.0	27.0	37.0
92	32.60679894148216	37.0	33.0	37.0	27.0	37.0
93	32.525393993407356	37.0	33.0	37.0	27.0	37.0
94	32.47327379313058	37.0	33.0	37.0	27.0	37.0
95	32.39052089409519	37.0	33.0	37.0	27.0	37.0
96	32.30417197664692	37.0	33.0	37.0	27.0	37.0
97	32.219606870444466	37.0	33.0	37.0	22.0	37.0
98	32.131972267790644	37.0	33.0	37.0	22.0	37.0
99	32.03971323540732	37.0	33.0	37.0	22.0	37.0
100	31.91892109184028	37.0	33.0	37.0	22.0	37.0
101	31.155053362094183	33.0	33.0	37.0	15.0	37.0
>>END_MODULE
>>Per sequence quality scores	pass
#Quality	Count
2	28776.0
3	6641.0
4	4766.0
5	5254.0
6	4335.0
7	3929.0
8	4346.0
9	5166.0
10	5416.0
11	5637.0
12	5142.0
13	4646.0
14	4866.0
15	5452.0
16	5839.0
17	6267.0
18	6679.0
19	6975.0
20	7327.0
21	7815.0
22	8875.0
23	10095.0
24	12000.0
25	14711.0
26	17599.0
27	21307.0
28	26171.0
29	31806.0
30	39457.0
31	50392.0
32	67081.0
33	90832.0
34	128173.0
35	190912.0
36	334525.0
37	818299.0
38	919420.0
39	6026.0
>>END_MODULE
>>Per base sequence content	fail
#Base	G	A	T	C
1	1032142	813239	441534	624905
2	358777	670323	1345902	537426
3	384323	983190	961424	583304
4	294787	598072	1377263	643428
5	282396	1186888	1171587	274591
6	643861	1358719	623962	292474
7	592594	1018000	920408	389562
8	535982	1227032	724714	434094
9	619386	548821	817834	936334
10	373171	893841	1092572	562865
11	791394	853001	850253	427890
12	506208	851813	1053546	510934
13	652103	766810	925345	578441
14	509820	721033	944544	747371
15	570752	1003367	783388	565250
16	539498	997212	863415	522710
17	510110	957840	939324	515499
18	517396	965978	927807	511566
19	542493	941394	928729	510101
20	538359	934909	919828	529228
21	533237	926752	927086	534080
22	543016	917047	923705	535992
23	539212	923306	918556	537901
24	535125	931462	916268	534261
25	543668	917360	919675	534855
26	535945	921376	917419	539243
27	538032	931019	908171	535661
28	542970	923655	913371	532345
29	538043	920985	910638	543226
30	540059	928622	914738	530273
31	541520	924521	911801	537241
32	538410	923385	912883	541215
33	538165	931220	910361	538316
34	546494	917586	915040	540749
35	538205	922527	917834	542840
36	540826	925904	911784	543409
37	544520	919123	920639	538047
38	545463	919954	915570	541534
39	548138	927261	907934	539222
40	549098	918217	919345	536024
41	545701	920869	911159	545075
42	544309	926578	914997	536879
43	549871	916510	915748	540614
44	543669	920407	914057	544443
45	543327	924359	912548	542257
46	550841	908179	920327	542765
47	539698	921474	913552	546217
48	548650	922144	907795	541211
49	547664	916694	915276	539015
50	544365	916548	907559	548835
51	541381	920865	913751	540582
52	547790	912600	915471	539407
53	537455	916624	911450	548097
54	540641	919394	912704	540064
55	546674	911626	913300	540961
56	545430	909045	911671	546770
57	543146	919154	908085	542902
58	547414	908911	912654	545565
59	536141	913116	914954	550802
60	537510	923144	911607	543429
61	544590	910712	916998	543876
62	543264	915004	910721	548467
63	540500	922968	908922	546465
64	545985	915320	915816	543553
65	543476	918907	908334	550579
66	542481	920408	912315	546286
67	546018	914753	914472	546389
68	544892	912214	910690	553920
69	545374	920347	909872	546055
70	547923	915751	913557	544587
71	540731	914281	916943	548641
72	539430	923811	909534	546741
73	553664	906404	914917	543135
74	541191	913297	912423	549052
75	543416	917084	908820	543991
76	547959	911481	908130	543720
77	541514	909472	904635	553727
78	538407	913918	907748	548400
79	545867	907294	909808	546273
80	542957	914415	902228	552465
81	542157	914584	907988	548859
82	547695	910191	908769	547603
83	546705	907300	907715	554232
84	540723	922018	907796	547059
85	551514	905266	914702	546709
86	539488	914352	907880	557094
87	547300	914064	909381	548511
88	551898	908618	909963	549725
89	541963	915697	909856	553402
90	544075	916666	909309	550848
91	550597	906426	912375	552266
92	544370	910467	909652	557245
93	548325	917026	907236	549379
94	547028	905854	916627	552549
95	541965	911155	911949	557064
96	548958	917769	908588	546856
97	553884	909249	907310	551172
98	552357	908896	907165	553605
99	550814	916665	905276	549142
100	551775	905522	911379	552174
101	549784	906727	905232	557077
>>END_MODULE
>>Per base GC content	fail
#Base	%GC
1	56.90760417882974
2	30.77167916254067
3	33.2261993427055
4	32.201781332051965
5	19.104587883498393
6	32.07707665870964
7	33.62898399076343
8	33.201064267433125
9	53.234783352581374
10	32.029164580801925
11	41.72003922617944
12	34.80382042640875
13	42.10300136962445
14	43.013711659632236
15	38.867480259221004
16	36.34170249090352
17	35.09027214908581
18	35.205305146151886
19	36.014229225751244
20	36.53212306369862
21	36.53749972185659
22	36.95536619448173
23	36.90038455279679
24	36.659015273989795
25	36.99199261342083
26	36.897538523731946
27	36.86014851952516
28	36.92270238958968
29	37.12011979846832
30	36.734562198063486
31	37.00618472956002
32	37.025535573493265
33	36.89027169402158
34	37.23601983513644
35	37.00427123104423
36	37.10689843640643
37	37.04466540215014
38	37.19381314967454
39	37.20580108843119
40	37.12758546596211
41	37.31950551593607
42	36.99198327062441
43	37.31032800352272
44	37.23126447353294
45	37.14584578703579
46	37.4251910946603
47	37.17688922850547
48	37.326563463250906
49	37.232260542463315
50	37.472915946110575
51	37.0969893152217
52	37.29320940647652
53	37.2577674691261
54	37.10189120239165
55	37.34290886954814
56	37.495073665014715
57	37.279128352270135
58	37.50085776711554
59	37.287758236412664
60	37.07317993339484
61	37.32511343622607
62	37.420650045793316
63	37.23943121532245
64	37.30433454743665
65	37.45101489202053
66	37.26752444814119
67	37.390301037228504
68	37.608446543058946
69	37.35662201606764
70	37.3914460106687
71	37.29964705834015
72	37.20380364416568
73	37.58580867133634
74	37.38878031031258
75	37.3254691998211
76	37.49811939037334
77	37.645582446651275
78	37.366927593964256
79	37.54036274740981
80	37.616674078360205
81	37.44578849171537
82	37.58411231949951
83	37.75566264465259
84	37.2835032677588
85	37.6336915575437
86	37.569437449594254
87	37.53733828071262
88	37.72417954362092
89	37.500710393102445
90	37.48583483572518
91	37.74776976407965
92	37.70415102812234
93	37.56730913364495
94	37.630224998956216
95	37.610505750422725
96	37.499995722358484
97	37.82346407723126
98	37.84918872986284
99	37.64526949444145
100	37.79547049660202
101	37.92152308124516
>>END_MODULE
>>Per sequence GC content	pass
#GC Content	Count
0	96.0
1	55.0
2	56.5
3	65.0
4	83.0
5	100.0
6	120.0
7	140.5
8	162.0
9	199.5
10	249.0
11	333.0
12	487.5
13	741.0
14	1024.0
15	1323.5
16	1702.5
17	2017.0
18	2593.0
19	3807.5
20	5220.5
21	7719.5
22	11171.5
23	14981.0
24	21188.0
25	30278.5
26	41326.0
27	54219.0
28	70287.5
29	87482.0
30	104915.5
31	123348.5
32	139987.5
33	154482.5
34	167227.5
35	176203.0
36	179496.5
37	178858.0
38	174608.0
39	165586.0
40	152744.0
41	138279.5
42	124361.0
43	108869.5
44	93548.5
45	77952.0
46	63027.5
47	52015.0
48	42439.0
49	33934.0
50	26714.0
51	20775.0
52	16236.5
53	12075.5
54	8819.0
55	7221.0
56	5902.0
57	4242.0
58	2689.5
59	1797.0
60	1200.0
61	946.5
62	790.5
63	619.0
64	443.5
65	318.5
66	219.0
67	132.5
68	94.0
69	76.5
70	59.0
71	44.5
72	40.5
73	44.5
74	40.0
75	31.5
76	26.5
77	24.5
78	21.5
79	16.0
80	14.5
81	17.5
82	16.5
83	10.5
84	7.0
85	6.0
86	6.0
87	6.0
88	5.5
89	4.0
90	1.5
91	1.0
92	3.5
93	2.5
94	0.5
95	1.5
96	2.0
97	2.5
98	2.0
99	1.5
100	1.0
>>END_MODULE
>>Per base N content	pass
#Base	N-Count
1	0.3809501001554933
2	0.36014923254035724
3	0.36654686781014423
4	0.32176342092163585
5	0.25635016618456324
6	0.13476088410529755
7	0.0818007803746551
8	0.03876214310517952
9	0.019842932922333734
10	0.017311248377070466
11	0.01426638453209167
12	0.015532226804723302
13	0.008758260048478338
14	0.00639763526978691
15	0.0067739667562449635
16	0.0041054343977242206
17	0.006226575503215068
18	0.00711608628938865
19	0.008142444888819706
20	0.021587742541366528
21	0.06158151596586331
22	0.10930719083940739
23	0.13616357419118666
24	0.19976359540259775
25	0.25306581866638383
26	0.30694964513651424
27	0.3445827937823196
28	0.36312567247870736
29	0.3442748862024903
30	0.3169053235509955
31	0.2693164964907089
32	0.2416048143060704
33	0.16739908756720512
34	0.1055780879281412
35	0.05299431568395682
36	0.0353067358204283
37	0.021416682774794686
38	0.01484798773843593
39	0.013684781325747403
40	0.009271439348193865
41	0.005166004950469645
42	0.006568695036358753
43	0.007252934102646123
44	0.012966330306145664
45	0.015874346337866985
46	0.028840676644012655
47	0.06890287397513817
48	0.10793871270683264
49	0.14731667097167078
50	0.19322911231955334
51	0.2181354143324136
52	0.2629872851275507
53	0.3191633124697438
54	0.34731975004746907
55	0.3555990427495463
56	0.34345379932294545
57	0.33076116464331473
58	0.2877567393271535
59	0.2717113332227147
60	0.2485498408288872
61	0.2319228315181041
62	0.18813153127571242
63	0.1402690085889109
64	0.07803746551007457
65	0.05675763054853735
66	0.05012051160554987
67	0.04526241423490954
68	0.04238861015650258
69	0.04471502298187964
70	0.038898990918436994
71	0.08070599786859531
72	0.11765490744811329
73	0.16541479427497174
74	0.23920997757406462
75	0.3299400777637699
76	0.39908243541210864
77	0.46552204874861225
78	0.49545750789868476
79	0.4691485157999354
80	0.37256817159347305
81	0.3204633666956898
82	0.2975413579750629
83	0.23958630906052267
84	0.18334185781170084
85	0.16298574558965157
86	0.14167169867479998
87	0.1265500153098491
88	0.09411708356782776
89	0.06968974890136864
90	0.07037398796765602
91	0.04416763172884974
92	0.04177279499684395
93	0.03383562182791045
94	0.030688122122988548
95	0.028122225624410913
96	0.02682217139846491
97	0.045844017441253805
98	0.03188554048899145
99	0.03619624660660188
100	0.0720161617267457
101	0.14146642695491377
>>END_MODULE
>>Sequence Length Distribution	pass
#Length	Count
101	2922955.0
>>END_MODULE
>>Sequence Duplication Levels	warn
#Total Duplicate Percentage	40.53726066667583
#Duplication Level	Relative count
1	100.0
2	27.499287623125678
3	10.649456668232613
4	4.524555823392146
5	2.3119517586082083
6	1.3261761919797916
7	0.8017127850470168
8	0.5930056142999068
9	0.5152217609956333
10++	5.806064060009088
>>END_MODULE
>>Overrepresented sequences	pass
>>END_MODULE
>>Kmer Content	warn
#Sequence	Count	Obs/Exp Overall	Obs/Exp Max	Max Obs/Exp Position
ACCAT	396110	1.319822	5.0923014	8
ATACC	355825	1.185594	6.250224	6
ACACC	208510	1.171519	5.0512843	6
ATATA	981495	1.1495517	6.253785	1
GTCTT	335725	1.1201645	5.270691	1
TATAT	953705	1.1175517	5.3979716	2
GTATT	530785	1.0497372	7.3884025	1
AATAC	515655	1.01841	5.740095	5
ATACA	508455	1.0041901	5.248087	6
TAATA	848310	0.9935621	5.5353084	4
TATTA	831940	0.97486746	6.359786	2
TACTG	283900	0.9467827	5.338537	7
TATAC	461755	0.912406	7.3723636	5
ATACT	456695	0.90240777	6.232318	6
GTATA	443630	0.87693965	9.144864	1
TATAA	719035	0.84215194	5.622447	2
GTCTA	224345	0.74817187	5.117633	1
>>END_MODULE
