##FastQC	0.8.0
>>Basic Statistics	pass
#Measure	Value	
Filename	8_140619_BC47HDACXX_P1260_1014_2.fastq.gz	
File type	Conventional base calls	
Total Sequences	3528456	
Sequence length	101	
%GC	38	
>>END_MODULE
>>Per base sequence quality	pass
#Base	Mean	Median	Lower Quartile	Upper Quartile	10th Percentile	90th Percentile
1	32.059634865788325	33.0	33.0	33.0	33.0	33.0
2	32.061400794001685	33.0	33.0	33.0	33.0	33.0
3	32.04500382036789	33.0	33.0	33.0	33.0	33.0
4	35.90560347075321	37.0	37.0	37.0	33.0	37.0
5	35.93064898641219	37.0	37.0	37.0	33.0	37.0
6	35.98345650335444	37.0	37.0	37.0	37.0	37.0
7	35.94247937341432	37.0	37.0	37.0	33.0	37.0
8	35.963426495895085	37.0	37.0	37.0	33.0	37.0
9	35.98105772043069	37.0	37.0	37.0	33.0	37.0
10	35.94658343479414	37.0	37.0	37.0	33.0	37.0
11	35.983424194605234	37.0	37.0	37.0	33.0	37.0
12	35.946497561539665	37.0	37.0	37.0	33.0	37.0
13	35.950266632204	37.0	37.0	37.0	33.0	37.0
14	37.96185328653666	40.0	37.0	40.0	33.0	40.0
15	37.9792096032939	40.0	37.0	40.0	33.0	40.0
16	37.968638690690774	40.0	37.0	40.0	33.0	40.0
17	37.931161675248326	40.0	37.0	40.0	33.0	40.0
18	37.92239891896059	40.0	37.0	40.0	33.0	40.0
19	37.95932300133543	40.0	37.0	40.0	33.0	40.0
20	37.92907974479489	40.0	37.0	40.0	33.0	40.0
21	37.88690038929209	40.0	37.0	40.0	33.0	40.0
22	37.82287465112219	40.0	37.0	40.0	33.0	40.0
23	37.79557602532099	40.0	37.0	40.0	33.0	40.0
24	37.74417223850885	40.0	37.0	40.0	33.0	40.0
25	37.69115584833706	40.0	37.0	40.0	33.0	40.0
26	37.64103619260096	40.0	37.0	40.0	33.0	40.0
27	37.60873707933442	40.0	37.0	40.0	33.0	40.0
28	37.57249459820386	40.0	37.0	40.0	33.0	40.0
29	37.525837363424685	40.0	37.0	40.0	33.0	40.0
30	37.517120802980116	40.0	37.0	40.0	33.0	40.0
31	37.47772850221173	40.0	37.0	40.0	33.0	40.0
32	37.48364383741784	40.0	37.0	40.0	33.0	40.0
33	37.4728753879884	40.0	37.0	40.0	33.0	40.0
34	37.459784959767106	40.0	37.0	40.0	33.0	40.0
35	37.4570316308323	40.0	37.0	40.0	33.0	40.0
36	37.43065295415332	40.0	37.0	40.0	33.0	40.0
37	37.41030354353292	40.0	37.0	40.0	33.0	40.0
38	37.36587192811813	40.0	37.0	40.0	33.0	40.0
39	37.33408918801878	40.0	37.0	40.0	33.0	40.0
40	37.315624737845674	40.0	37.0	40.0	33.0	40.0
41	37.22501343363783	40.0	37.0	40.0	33.0	40.0
42	37.20660651571112	40.0	37.0	40.0	33.0	40.0
43	37.177804116021285	40.0	37.0	40.0	33.0	40.0
44	37.15717611329148	40.0	37.0	40.0	33.0	40.0
45	37.112490279034226	40.0	37.0	40.0	33.0	40.0
46	37.054156832336865	40.0	37.0	40.0	33.0	40.0
47	36.969052469408716	40.0	37.0	40.0	33.0	40.0
48	36.90721607411287	40.0	37.0	40.0	33.0	40.0
49	36.82616362510968	40.0	37.0	40.0	33.0	40.0
50	36.713508968228595	40.0	37.0	40.0	33.0	40.0
51	35.191678173115946	37.0	37.0	37.0	33.0	40.0
52	35.69203612004797	37.0	37.0	40.0	33.0	40.0
53	36.192051140782254	37.0	37.0	40.0	33.0	40.0
54	36.3902775038147	37.0	37.0	40.0	33.0	40.0
55	36.44242552549897	37.0	37.0	40.0	33.0	40.0
56	36.411072718492164	37.0	37.0	40.0	33.0	40.0
57	36.63071468086891	40.0	37.0	40.0	33.0	40.0
58	36.6755637593327	40.0	37.0	40.0	33.0	40.0
59	36.65272855889375	40.0	37.0	40.0	33.0	40.0
60	36.604782091657086	40.0	37.0	40.0	33.0	40.0
61	36.537649328771565	37.0	37.0	40.0	33.0	40.0
62	36.443805165772226	37.0	37.0	40.0	33.0	40.0
63	36.34378748098318	37.0	37.0	40.0	33.0	40.0
64	36.23484124500915	37.0	37.0	40.0	33.0	40.0
65	36.151434791874976	37.0	37.0	40.0	33.0	40.0
66	36.20412611068411	37.0	37.0	40.0	33.0	40.0
67	36.13684880865738	37.0	37.0	40.0	33.0	40.0
68	36.03384568207737	37.0	37.0	40.0	33.0	40.0
69	35.897087281235756	37.0	37.0	40.0	33.0	40.0
70	35.769101556034705	37.0	37.0	40.0	33.0	40.0
71	35.620475074650216	37.0	37.0	40.0	33.0	40.0
72	35.489530264795704	37.0	37.0	40.0	33.0	40.0
73	35.313065828226286	37.0	37.0	37.0	33.0	40.0
74	35.16104040974296	37.0	37.0	37.0	33.0	40.0
75	34.98639773317281	37.0	37.0	37.0	33.0	40.0
76	34.787984886307214	37.0	33.0	37.0	33.0	40.0
77	34.613796232686475	37.0	33.0	37.0	27.0	40.0
78	34.445490888932724	37.0	33.0	37.0	27.0	37.0
79	34.309412672284985	37.0	33.0	37.0	27.0	37.0
80	34.230700340318826	37.0	33.0	37.0	27.0	37.0
81	34.12100193399039	37.0	33.0	37.0	27.0	37.0
82	34.02851190435703	37.0	33.0	37.0	27.0	37.0
83	33.937805941182205	37.0	33.0	37.0	27.0	37.0
84	33.86045369419372	37.0	33.0	37.0	27.0	37.0
85	33.78513349748445	37.0	33.0	37.0	27.0	37.0
86	33.68487378048642	37.0	33.0	37.0	27.0	37.0
87	33.62209674713246	37.0	33.0	37.0	27.0	37.0
88	33.56495872415584	37.0	33.0	37.0	27.0	37.0
89	33.504520957608655	37.0	33.0	37.0	27.0	37.0
90	33.42467158439839	37.0	33.0	37.0	27.0	37.0
91	33.363437718934286	37.0	33.0	37.0	27.0	37.0
92	33.29097287878891	37.0	33.0	37.0	27.0	37.0
93	33.21921741407573	37.0	33.0	37.0	27.0	37.0
94	33.180901504794164	37.0	33.0	37.0	27.0	37.0
95	33.10457010091666	37.0	33.0	37.0	27.0	37.0
96	33.01920159979323	37.0	33.0	37.0	27.0	37.0
97	32.94440344445276	37.0	33.0	37.0	27.0	37.0
98	32.87169118730686	37.0	33.0	37.0	27.0	37.0
99	32.786438317496376	37.0	33.0	37.0	27.0	37.0
100	32.68206802068667	37.0	33.0	37.0	27.0	37.0
101	31.909096216588786	33.0	33.0	37.0	22.0	37.0
>>END_MODULE
>>Per sequence quality scores	pass
#Quality	Count
2	20836.0
3	4677.0
4	3753.0
5	4572.0
6	3744.0
7	3266.0
8	3605.0
9	4366.0
10	5108.0
11	5172.0
12	4705.0
13	4245.0
14	4315.0
15	4862.0
16	5424.0
17	5838.0
18	6099.0
19	6253.0
20	6501.0
21	7274.0
22	8283.0
23	9511.0
24	11350.0
25	13993.0
26	16961.0
27	20920.0
28	26378.0
29	32267.0
30	40708.0
31	53641.0
32	72264.0
33	100297.0
34	144975.0
35	220886.0
36	405293.0
37	1060644.0
38	1173027.0
39	2443.0
>>END_MODULE
>>Per base sequence content	fail
#Base	G	A	T	C
1	1252560	956775	535401	769942
2	442554	808045	1594106	670648
3	472792	1146531	1163144	732719
4	367559	711047	1635622	802483
5	358862	1415879	1399792	344538
6	808270	1610930	738568	365807
7	742709	1218054	1082504	482234
8	670756	1442535	874443	539294
9	770065	642149	964094	1151429
10	462914	1060288	1305724	698889
11	969540	1012488	1017018	528879
12	624328	1009644	1261630	632304
13	803444	903117	1101893	719701
14	632425	852594	1119597	923627
15	702685	1189524	931932	704088
16	664910	1187862	1027341	648203
17	638724	1135268	1120130	634130
18	644922	1143268	1111746	628280
19	667688	1119301	1107119	634069
20	668183	1111085	1093712	654692
21	661960	1099710	1100100	664490
22	669718	1088379	1105001	661469
23	664512	1091308	1096798	671014
24	662625	1103039	1093656	661873
25	675967	1083116	1099726	660522
26	668361	1096894	1085087	667080
27	668074	1101921	1087458	658583
28	671094	1095993	1089366	658960
29	668936	1093962	1084346	668810
30	668185	1100296	1085322	663201
31	679378	1089279	1081953	668165
32	669470	1093144	1090809	666274
33	669978	1098442	1084963	669056
34	677457	1085964	1093198	668055
35	669654	1093597	1088397	674923
36	670742	1095555	1087617	673289
37	676021	1090255	1097018	664385
38	676788	1090727	1088259	672151
39	675725	1096120	1084885	671255
40	679241	1086479	1095431	666983
41	675337	1090244	1086284	676420
42	674211	1096054	1089006	668962
43	680042	1085492	1090910	671764
44	679934	1084879	1086162	677020
45	672505	1097049	1083003	675339
46	679996	1082672	1094844	669904
47	667662	1088764	1090813	678722
48	678624	1092632	1081711	671642
49	681979	1086749	1088772	665693
50	673660	1088780	1082998	676067
51	668946	1091374	1085931	674228
52	679309	1080275	1088540	670904
53	669254	1086081	1084836	676830
54	673521	1088202	1083723	670550
55	676385	1083107	1086912	669220
56	678569	1078026	1081304	678220
57	675673	1089074	1079069	672695
58	680743	1073404	1082271	681686
59	668003	1079115	1088862	682699
60	670032	1091495	1084266	673667
61	679284	1075491	1089068	676212
62	673977	1080590	1083044	683984
63	670352	1089620	1083487	679997
64	680317	1079892	1086735	678691
65	674774	1088495	1082658	680432
66	675588	1088097	1081669	681311
67	679351	1078938	1089033	679465
68	676933	1081562	1079796	688560
69	679699	1086020	1082041	679003
70	680855	1079905	1085871	680381
71	671130	1079211	1086552	688687
72	671206	1090016	1080049	682987
73	682427	1075182	1086399	678435
74	674025	1080750	1081379	683616
75	675107	1085113	1080584	675817
76	684552	1077041	1074506	677982
77	671818	1077607	1074660	687680
78	673898	1079971	1079476	677380
79	677250	1073491	1083679	677247
80	677919	1074031	1077913	685146
81	672949	1081691	1078690	683597
82	679405	1075988	1081877	680487
83	677177	1072973	1081991	687684
84	672581	1086253	1079973	683036
85	684817	1072531	1083854	681435
86	678584	1078232	1077762	688776
87	676661	1086186	1078353	682742
88	687084	1073675	1084178	680170
89	676805	1080452	1078599	690146
90	680888	1079018	1080197	685861
91	686725	1070873	1087047	682230
92	682209	1077762	1079094	687911
93	679166	1081722	1082100	684273
94	686736	1071997	1085619	683018
95	677360	1073697	1086274	690131
96	686843	1079961	1079451	681293
97	688888	1070659	1080888	686398
98	684778	1072582	1081113	688883
99	684763	1083841	1073643	684957
100	692791	1071225	1081515	680313
101	689276	1067955	1076787	689348
>>END_MODULE
>>Per base GC content	fail
#Base	%GC
1	57.544446461382805
2	31.666862474408685
3	34.29437304313342
4	33.270917058581155
5	19.98822984816163
6	33.32061897362764
7	34.74521777188547
8	34.30792157022854
9	54.46817605734214
10	32.93265094683253
11	42.47309679202364
12	35.61976991450452
13	43.17114752611492
14	44.1027446238822
15	39.87193008163586
16	37.21642279206284
17	36.076051257109754
18	36.08628269924517
19	36.896023073672325
20	37.499943305386665
21	37.61634139286383
22	37.76880961547901
23	37.901971602028816
24	37.61503558595056
25	37.975655032163786
26	37.96647089828858
27	37.731610256550276
28	37.83492864138581
29	38.046799053711915
30	37.855686260237405
31	38.29579896412814
32	37.95053949246199
33	38.01439854600746
34	38.174083617378514
35	38.127036149279284
36	38.10472490525779
37	37.99682454100841
38	38.236045267402226
39	38.179867544788316
40	38.15682737673796
41	38.31201277674564
42	38.069282839313615
43	38.3142377093414
44	38.46246947628894
45	38.20532124529748
46	38.268806401059585
47	38.18488066090351
48	38.309667824147304
49	38.25143839693142
50	38.32812959231919
51	38.1531604080013
52	38.368918917382864
53	38.27363142632032
54	38.22731880241047
55	38.27499755377708
56	38.58768716303402
57	38.34391531833684
58	38.72622867317169
59	38.38662179755528
60	38.179124070169856
61	38.507807406418365
62	38.56096456293242
63	38.32455975042685
64	38.546474606702056
65	38.430744005360765
66	38.47541515851378
67	38.52843962507517
68	38.71705949585055
69	38.52546938935222
70	38.59459508501814
71	38.57002252111709
72	38.42491100254294
73	38.63403893263852
74	38.57186691175844
75	38.4153993279344
76	38.77355132109931
77	38.71267012456699
78	38.48999850458238
79	38.57133948065121
80	38.778421335478804
81	38.57191235416601
82	38.65792890185422
83	38.776388030654935
84	38.491693127717504
85	38.78492163683059
86	38.808476241672
87	38.57620244601074
88	38.78617017866408
89	38.76773183906305
90	38.76242071671747
91	38.814956583377636
92	38.846876190821824
93	38.65432696928296
94	38.832161071846734
95	38.76699451333565
96	38.7843340473326
97	38.99492831103713
98	38.94307804485853
99	38.83302468470777
100	38.94398050509325
101	39.12803835877397
>>END_MODULE
>>Per sequence GC content	pass
#GC Content	Count
0	105.0
1	53.0
2	62.0
3	68.0
4	84.0
5	106.5
6	132.5
7	157.0
8	181.0
9	202.5
10	229.0
11	264.5
12	323.5
13	413.0
14	490.0
15	576.0
16	685.0
17	858.0
18	1072.5
19	1403.5
20	1951.0
21	2910.5
22	4575.0
23	7107.5
24	11029.0
25	17361.0
26	27511.0
27	41595.0
28	59020.5
29	80728.0
30	105245.0
31	129919.0
32	155782.0
33	180243.0
34	200377.0
35	217964.0
36	227560.5
37	228114.5
38	224276.5
39	215856.0
40	201235.5
41	185612.0
42	168700.0
43	147507.5
44	128505.5
45	110437.5
46	92500.0
47	76980.0
48	63933.5
49	50601.5
50	38933.5
51	31293.0
52	24483.0
53	18607.5
54	12908.0
55	8298.0
56	5813.5
57	4233.0
58	3157.5
59	2215.5
60	1548.0
61	1115.5
62	846.0
63	649.0
64	467.0
65	337.0
66	240.0
67	148.5
68	101.0
69	75.5
70	55.5
71	38.5
72	28.0
73	25.0
74	19.0
75	16.0
76	12.5
77	10.5
78	10.0
79	9.0
80	7.5
81	7.0
82	5.5
83	4.0
84	4.0
85	3.5
86	5.0
87	5.5
88	3.5
89	3.0
90	4.0
91	4.0
92	2.0
93	3.0
94	4.0
95	2.0
96	0.5
97	1.5
98	2.5
99	1.0
100	0.5
>>END_MODULE
>>Per base N content	pass
#Base	N-Count
1	0.3904824093031059
2	0.3713522288502393
3	0.3760851771993189
4	0.3328651398798794
5	0.265980360815042
6	0.13833246043028452
7	0.08374767887143839
8	0.0404709595358423
9	0.020377184808312757
10	0.018166586178203725
11	0.015049075289588421
12	0.015587554443076518
13	0.008530643431574603
14	0.006036634720682361
15	0.006433408833778854
16	0.003967741130964932
17	0.005781565647977473
18	0.006801841938797026
19	0.007907141253851543
20	0.02221935033340362
21	0.06223685373999279
22	0.11021818041659015
23	0.13671702296982025
24	0.205840741672845
25	0.2586116987146786
26	0.31271468313619327
27	0.3519953203327461
28	0.36965176836554003
29	0.3514851821873363
30	0.32456122451293146
31	0.27436929920622505
32	0.24823888975801311
33	0.17052784560725712
34	0.10718569255220982
35	0.05342280022763498
36	0.03551128312213614
37	0.022020963276855373
38	0.015049075289588421
39	0.013348614804889162
40	0.009125804601219343
41	0.004846312381392881
42	0.0063200448014655705
43	0.0070285700034235935
44	0.013065204724105954
45	0.015870964523859728
46	0.02947464840145378
47	0.07071081515541075
48	0.10902785807730066
49	0.14915872551620313
50	0.19699834715240888
51	0.22607622144076617
52	0.2671990241624098
53	0.32464624753716637
54	0.35312896065587895
55	0.36367181566101436
56	0.34964301666224545
57	0.33853334149554365
58	0.2933861156267784
59	0.27709003598174387
60	0.2549557086725752
61	0.23809280886597423
62	0.19444765642536
63	0.1417050403916047
64	0.07994998378894339
65	0.05943109394023902
66	0.05075874546827281
67	0.047301142482717655
68	0.04548731796570511
69	0.04798132667659736
70	0.04092441566509544
71	0.08150873923325103
72	0.11897555191279133
73	0.17041448157494385
74	0.2461699961682957
75	0.33541583060692837
76	0.4074019911258635
77	0.47303976583525487
78	0.5025144142367086
79	0.47581718462693035
80	0.38110153562918175
81	0.3267434821349622
82	0.3032204454299558
83	0.24461124072398804
84	0.1874190864219364
85	0.16491632600774958
86	0.14459582321559344
87	0.12793131046554074
88	0.09491403605429684
89	0.06954883382419959
90	0.07062579213117579
91	0.04480713377182541
92	0.04194469195591499
93	0.033867504653593526
94	0.030778334773056543
95	0.028170962029851015
96	0.025733635335115416
97	0.04599745611111489
98	0.031175108886153036
99	0.03548294211405782
100	0.0740267131005743
101	0.1442557311186536
>>END_MODULE
>>Sequence Length Distribution	pass
#Length	Count
101	3528456.0
>>END_MODULE
>>Sequence Duplication Levels	warn
#Total Duplicate Percentage	45.00034596489609
#Duplication Level	Relative count
1	100.0
2	32.92012983200678
3	14.377133463612651
4	6.852244802106835
5	3.403477283592354
6	1.9315446486232608
7	1.1767073999211615
8	0.7548372487020993
9	0.5619343962560073
10++	5.763601747867585
>>END_MODULE
>>Overrepresented sequences	pass
>>END_MODULE
>>Kmer Content	warn
#Sequence	Count	Obs/Exp Overall	Obs/Exp Max	Max Obs/Exp Position
TCCAA	632680	1.744698	5.1212554	2
GTCTT	424480	1.1559827	5.4888515	1
ATACC	403185	1.1118354	5.5964503	6
GTATT	602340	1.0206573	7.2404804	1
ATACA	583650	1.0014582	5.115444	6
AATAC	583510	1.0012181	5.5816092	5
ATATA	877865	0.93164295	5.372186	1
TATAC	503355	0.858523	6.5773497	5
TATTA	800405	0.84436214	6.0130405	2
ATACT	493650	0.8419701	5.5605373	6
GTATA	444215	0.7572412	8.0286045	1
TATAA	686105	0.7281357	5.1261435	2
GTCTA	264160	0.7237089	5.0300217	1
>>END_MODULE
