##FastQC	0.8.0
>>Basic Statistics	pass
#Measure	Value	
Filename	1_140716_AH9BY4ADXX_P1260_1010_2.fastq.gz	
File type	Conventional base calls	
Total Sequences	1319601	
Sequence length	101	
%GC	37	
>>END_MODULE
>>Per base sequence quality	pass
#Base	Mean	Median	Lower Quartile	Upper Quartile	10th Percentile	90th Percentile
1	31.870510101159365	33.0	33.0	33.0	33.0	33.0
2	31.921067807617607	33.0	33.0	33.0	33.0	33.0
3	31.90355721161169	33.0	33.0	33.0	33.0	33.0
4	35.69864072549203	37.0	37.0	37.0	33.0	37.0
5	35.80930069013285	37.0	37.0	37.0	33.0	37.0
6	35.79644680475386	37.0	37.0	37.0	33.0	37.0
7	35.74586257512688	37.0	37.0	37.0	33.0	37.0
8	35.72633015585772	37.0	37.0	37.0	33.0	37.0
9	35.71003811000446	37.0	37.0	37.0	33.0	37.0
10	35.70961298149971	37.0	37.0	37.0	33.0	37.0
11	35.73296473706825	37.0	37.0	37.0	33.0	37.0
12	35.70756311945808	37.0	37.0	37.0	33.0	37.0
13	35.69547158572932	37.0	37.0	37.0	33.0	37.0
14	37.65035567569288	40.0	37.0	40.0	33.0	40.0
15	37.700131327575534	40.0	37.0	40.0	33.0	40.0
16	37.67302464911742	40.0	37.0	40.0	33.0	40.0
17	37.635276117553715	40.0	37.0	40.0	33.0	40.0
18	37.537057034664265	40.0	37.0	40.0	33.0	40.0
19	37.66090659221992	40.0	37.0	40.0	33.0	40.0
20	37.66786854511326	40.0	37.0	40.0	33.0	40.0
21	37.65494494169071	40.0	37.0	40.0	33.0	40.0
22	37.610796748411076	40.0	37.0	40.0	33.0	40.0
23	37.571363616729606	40.0	37.0	40.0	33.0	40.0
24	37.555558839376445	40.0	37.0	40.0	33.0	40.0
25	37.5211878439013	40.0	37.0	40.0	33.0	40.0
26	37.517530677833676	40.0	37.0	40.0	33.0	40.0
27	37.53213130332578	40.0	37.0	40.0	33.0	40.0
28	37.47220409805691	40.0	37.0	40.0	33.0	40.0
29	37.446653950701766	40.0	37.0	40.0	33.0	40.0
30	37.383487129821816	40.0	37.0	40.0	33.0	40.0
31	37.40672748808162	40.0	37.0	40.0	33.0	40.0
32	37.39999060322022	40.0	37.0	40.0	33.0	40.0
33	37.383661424930715	40.0	37.0	40.0	33.0	40.0
34	37.352606583353605	40.0	37.0	40.0	33.0	40.0
35	37.30993307825623	40.0	37.0	40.0	33.0	40.0
36	37.263818381465306	40.0	37.0	40.0	33.0	40.0
37	37.260127871985546	40.0	37.0	40.0	33.0	40.0
38	37.21936782406197	40.0	37.0	40.0	33.0	40.0
39	37.17163369836791	40.0	37.0	40.0	33.0	40.0
40	37.17781814351459	40.0	37.0	40.0	33.0	40.0
41	37.128706328655404	40.0	37.0	40.0	33.0	40.0
42	37.10640792178848	40.0	37.0	40.0	33.0	40.0
43	37.00515079937042	40.0	37.0	40.0	33.0	40.0
44	36.938696621175644	40.0	37.0	40.0	33.0	40.0
45	36.89800477568598	40.0	37.0	40.0	33.0	40.0
46	36.85239856593016	40.0	37.0	40.0	33.0	40.0
47	36.82870807160649	40.0	37.0	40.0	33.0	40.0
48	36.7251737457004	40.0	37.0	40.0	33.0	40.0
49	36.699750909555235	40.0	37.0	40.0	33.0	40.0
50	36.66741083100119	40.0	37.0	40.0	33.0	40.0
51	36.615423146845146	40.0	37.0	40.0	33.0	40.0
52	36.57597940589618	40.0	37.0	40.0	33.0	40.0
53	36.525893054036786	40.0	37.0	40.0	33.0	40.0
54	36.448268074971146	40.0	37.0	40.0	33.0	40.0
55	36.41648498296076	40.0	37.0	40.0	33.0	40.0
56	36.35304762575961	40.0	37.0	40.0	33.0	40.0
57	36.2651945550208	40.0	37.0	40.0	33.0	40.0
58	36.21686176351791	40.0	37.0	40.0	33.0	40.0
59	36.167267984792375	37.0	37.0	40.0	33.0	40.0
60	36.08632382060941	37.0	37.0	40.0	33.0	40.0
61	36.00064186068364	37.0	37.0	40.0	33.0	40.0
62	35.9111761812851	37.0	37.0	40.0	33.0	40.0
63	35.8300243785811	37.0	37.0	40.0	33.0	40.0
64	35.739343938054006	37.0	37.0	40.0	27.0	40.0
65	35.607795841318705	37.0	37.0	40.0	27.0	40.0
66	35.51185623533174	37.0	37.0	40.0	27.0	40.0
67	35.38772704779702	37.0	37.0	40.0	27.0	40.0
68	35.25475655141213	37.0	37.0	40.0	27.0	40.0
69	35.14963386660059	37.0	37.0	40.0	27.0	40.0
70	35.01116019160337	37.0	37.0	40.0	27.0	40.0
71	34.87479169839975	37.0	33.0	40.0	27.0	40.0
72	34.70117482481447	37.0	33.0	37.0	27.0	40.0
73	34.57704109045083	37.0	33.0	37.0	27.0	40.0
74	34.435127739369705	37.0	33.0	37.0	27.0	40.0
75	34.287680897483405	37.0	33.0	37.0	27.0	40.0
76	34.14989682487358	37.0	33.0	37.0	27.0	40.0
77	34.01486585717956	37.0	33.0	37.0	27.0	40.0
78	33.85182793889971	37.0	33.0	37.0	27.0	37.0
79	33.715304095707715	37.0	33.0	37.0	27.0	37.0
80	33.58821264912652	37.0	33.0	37.0	27.0	37.0
81	33.45352193579726	37.0	33.0	37.0	27.0	37.0
82	33.33952308311376	37.0	33.0	37.0	27.0	37.0
83	33.414041062412046	37.0	33.0	37.0	27.0	37.0
84	33.397163991236745	37.0	33.0	37.0	27.0	37.0
85	33.314805763257226	37.0	33.0	37.0	27.0	37.0
86	33.24053103930658	37.0	33.0	37.0	27.0	37.0
87	33.167050494808656	37.0	33.0	37.0	27.0	37.0
88	33.09422242026188	37.0	33.0	37.0	27.0	37.0
89	33.18097818961944	37.0	33.0	37.0	27.0	37.0
90	33.16964976534574	37.0	33.0	37.0	27.0	37.0
91	33.13272951445172	37.0	33.0	37.0	27.0	37.0
92	33.08502418534087	37.0	33.0	37.0	27.0	37.0
93	32.99558124008696	37.0	33.0	37.0	27.0	37.0
94	32.980406198540315	37.0	33.0	37.0	27.0	37.0
95	32.944257392954384	37.0	33.0	37.0	27.0	37.0
96	32.8764619002259	37.0	33.0	37.0	27.0	37.0
97	32.80621794011978	37.0	33.0	37.0	27.0	37.0
98	32.73184470154236	37.0	33.0	37.0	27.0	37.0
99	32.69136352579302	37.0	33.0	37.0	27.0	37.0
100	32.620031357963505	37.0	33.0	37.0	27.0	37.0
101	32.20644118942013	37.0	33.0	37.0	27.0	37.0
>>END_MODULE
>>Per sequence quality scores	pass
#Quality	Count
2	13179.0
3	2627.0
4	1727.0
5	1466.0
6	1352.0
7	1440.0
8	1621.0
9	1775.0
10	1848.0
11	1965.0
12	1959.0
13	2062.0
14	2232.0
15	2489.0
16	2536.0
17	2654.0
18	2536.0
19	2673.0
20	2748.0
21	2976.0
22	3220.0
23	3822.0
24	4452.0
25	5653.0
26	6998.0
27	8469.0
28	10635.0
29	13338.0
30	16663.0
31	21869.0
32	29042.0
33	39302.0
34	55939.0
35	81735.0
36	139836.0
37	345380.0
38	478196.0
39	1187.0
>>END_MODULE
>>Per base sequence content	fail
#Base	G	A	T	C
1	469294	365532	198177	286597
2	162945	308627	602769	245260
3	175531	436044	444334	263691
4	138491	273742	615519	291847
5	131230	529906	528146	130317
6	293645	605044	284263	136649
7	271080	464795	405019	178706
8	246002	543106	331415	199077
9	280234	251598	367627	420116
10	171366	401068	492640	254527
11	351537	384531	388675	194858
12	230289	381573	476402	231336
13	293249	345137	420819	260396
14	230373	328270	424677	336277
15	253579	453099	356415	256496
16	243942	452499	388763	234392
17	230561	433925	422987	232115
18	234927	434641	422293	227730
19	242142	427064	420340	230054
20	241006	421483	419548	237545
21	240193	418375	420593	240430
22	244865	414300	419357	241058
23	240721	416021	418626	244180
24	240480	421160	417473	240434
25	245776	415629	417299	240845
26	242047	417793	416684	243032
27	243920	422055	412594	241010
28	245756	417017	416473	240307
29	242349	417359	415309	244513
30	244998	419173	415164	240193
31	245881	415879	416439	241315
32	242339	417752	415120	244298
33	243436	417245	415789	243025
34	245960	415034	417088	241387
35	243650	415367	416534	243898
36	244820	417826	414949	241798
37	246741	415078	416263	241341
38	243470	414397	415822	245721
39	243568	418383	414037	243398
40	245976	414674	416824	241782
41	243322	415200	415312	245405
42	244597	417726	415634	241290
43	248335	413091	413868	243871
44	244130	413109	415388	246438
45	243879	417193	414257	243755
46	246723	412330	416577	243390
47	243969	414292	414744	245938
48	246389	416084	413234	243154
49	246379	413169	415539	243708
50	243432	413984	414812	246572
51	244605	415298	414475	244424
52	246630	414437	414523	243223
53	244442	413069	414019	247343
54	243778	415891	415229	244075
55	247324	413831	414546	243181
56	244661	413632	413536	247100
57	244418	416278	414513	243651
58	247677	412580	413025	245616
59	243447	412474	414400	248568
60	245896	416690	412354	243915
61	247354	411635	415039	244781
62	244416	412850	413451	248025
63	244132	415807	414223	244535
64	246707	411529	415261	245287
65	244987	412536	413164	248131
66	245006	415471	414057	244387
67	248673	411844	414010	244317
68	245810	412429	412298	248293
69	247142	414354	411481	245812
70	248292	412529	412138	245768
71	244370	411710	413367	249252
72	245980	414578	411436	246680
73	249664	409773	413337	245909
74	245535	411819	412490	248947
75	245803	415923	411432	245577
76	248834	412448	412386	244982
77	246000	411884	410979	249655
78	246686	415444	410501	245965
79	249584	410739	412856	245339
80	246489	410767	411709	249614
81	246141	415231	409667	247554
82	249896	411695	411709	245291
83	245142	412525	411726	249205
84	246828	414169	412208	245414
85	250345	411693	411006	245597
86	247472	410940	411447	248759
87	248550	414080	409807	246193
88	250135	410698	411425	246410
89	246882	409457	412665	249497
90	247700	414145	410346	246485
91	250628	410430	411700	245873
92	248455	410992	409690	249387
93	248478	412540	410673	246846
94	249677	409325	412867	246689
95	246085	412310	410123	250030
96	248681	413341	410433	246132
97	251398	409828	410565	246550
98	249022	411203	408896	249331
99	249061	413057	409110	247351
100	252030	409594	410237	246721
101	249686	409632	410001	249221
>>END_MODULE
>>Per base GC content	fail
#Base	%GC
1	57.281827826614126
2	30.9339717081148
3	33.284480145498634
4	32.6112705450671
5	19.82018779947545
6	32.607886777897264
7	34.08502576538345
8	33.728326765686575
9	53.073906371369574
10	32.27437687604056
11	41.40607653374012
12	34.982191573204005
13	41.95548502918685
14	42.94114036330789
15	38.65408092974403
16	36.24851848596086
17	35.06215576376869
18	35.060636212280926
19	35.78326765686572
20	36.26534766312363
21	36.422118671618705
22	36.82406523287713
23	36.747507479834
24	36.44538618177299
25	36.877827197019585
26	36.760774078553695
27	36.748841865473764
28	36.83542836096769
29	36.896622282176224
30	36.77004201502355
31	36.92238202853475
32	36.8801576950214
33	36.867210561616375
34	36.93508525020292
35	36.95087873801867
36	36.881960113476424
37	36.99207911337001
38	37.076496312745846
39	36.90853169580396
40	36.972202514144335
41	37.046130382743385
42	36.83063141322285
43	37.311935959489524
44	37.19058575581946
45	36.967622986860576
46	37.15735925156556
47	37.143909933939526
48	37.11861977873331
49	37.16172718276912
50	37.155292690324536
51	37.08130560918166
52	37.14347674765111
53	37.28827567172882
54	36.98733787575637
55	37.1909693209855
56	37.28487280209928
57	37.00688473378524
58	37.40190674335695
59	37.305262232075634
60	37.13910930314553
61	37.31662431785042
62	37.34172415832665
63	37.056806832805414
64	37.306640056294285
65	37.39090609924948
66	37.10555825557406
67	37.38046349681994
68	37.465253292691244
69	37.37929266925945
70	37.46491881943723
71	37.4324997592324
72	37.36025734942829
73	37.580904584346655
74	37.49509967841758
75	37.26146648113533
76	37.44860273764835
77	37.5918265810554
78	37.361784807477044
79	37.536309705290336
80	37.62406348045889
81	37.44104511399651
82	37.554252986710814
83	37.49034959858881
84	37.33011582572373
85	37.61008492834668
86	37.632657828120045
87	37.51947096607843
88	37.65504281593245
89	37.64722211056343
90	37.47584698591618
91	37.65276259999955
92	37.757522805804065
93	37.56618130549237
94	37.644608731659886
95	37.62585814092471
96	37.52600321404655
97	37.77080436700368
98	37.798342298392356
99	37.64749779876671
100	37.8247996711619
101	37.83783578806862
>>END_MODULE
>>Per sequence GC content	pass
#GC Content	Count
0	0.0
1	0.0
2	1.5
3	6.0
4	8.0
5	8.5
6	12.5
7	17.0
8	29.5
9	46.0
10	54.0
11	71.0
12	82.5
13	96.0
14	143.0
15	183.5
16	217.5
17	309.5
18	464.0
19	694.0
20	1101.0
21	1677.0
22	2535.0
23	3977.0
24	6406.0
25	10213.0
26	15420.5
27	21958.0
28	30209.0
29	39538.5
30	49030.5
31	58773.0
32	68679.0
33	77359.0
34	83286.0
35	86833.5
36	88116.0
37	87068.5
38	83349.5
39	77315.5
40	70234.5
41	61912.5
42	53805.0
43	46368.0
44	38693.0
45	31604.0
46	25762.5
47	21054.0
48	16999.0
49	13422.5
50	10427.0
51	8000.5
52	6148.5
53	4619.0
54	3447.5
55	2665.5
56	2049.5
57	1617.0
58	1273.5
59	989.5
60	762.0
61	601.5
62	448.5
63	326.0
64	223.0
65	159.5
66	118.5
67	86.0
68	58.5
69	41.5
70	34.5
71	32.0
72	24.0
73	20.5
74	19.5
75	18.0
76	14.5
77	13.0
78	13.5
79	12.5
80	12.0
81	11.0
82	10.0
83	7.5
84	5.0
85	5.5
86	5.5
87	4.5
88	3.5
89	3.5
90	6.0
91	4.5
92	5.5
93	7.0
94	4.0
95	2.0
96	1.5
97	3.0
98	5.0
99	11.5
100	41.0
>>END_MODULE
>>Per base N content	pass
#Base	N-Count
1	7.578048213058342E-5
2	0.0
3	7.578048213058342E-5
4	1.5156096426116684E-4
5	1.5156096426116684E-4
6	0.0
7	7.578048213058342E-5
8	7.578048213058342E-5
9	0.0019702925353951685
10	0.0
11	0.0
12	7.578048213058342E-5
13	0.0
14	3.031219285223337E-4
15	9.09365785567001E-4
16	3.789024106529171E-4
17	9.851462676975843E-4
18	7.578048213058342E-4
19	7.578048213058342E-5
20	0.0014398291604810847
21	7.578048213058342E-4
22	0.0015913901247422517
23	0.004016365552920921
24	0.004092146035051504
25	0.003940585070790337
26	0.0034101216958762537
27	0.001667170606872835
28	0.003637463142268004
29	0.005380414231271422
30	0.005531975195532589
31	0.0065929019453607575
32	0.006971804356013674
33	0.008032731105841842
34	0.01000302364123701
35	0.011518633283848678
36	0.015762340283161348
37	0.013488925819243847
38	0.014474072086941433
39	0.016292803658075432
40	0.026144266335051278
41	0.02743253453127119
42	0.026826290674226528
43	0.03304029020893437
44	0.04061833842199271
45	0.039178509261511625
46	0.04402846011786896
47	0.049863557241923886
48	0.056077556776631725
49	0.06107906859725023
50	0.06070016618659731
51	0.06054860522233615
52	0.05971501991889973
53	0.05516819099106472
54	0.04759014277800638
55	0.054486166651889475
56	0.050924483991752055
57	0.05615333725876231
58	0.053273678937800134
59	0.05395570327697539
60	0.05653223966941523
61	0.06001814184742207
62	0.06509543415017115
63	0.0685055558460474
64	0.06191265390068665
65	0.059336117508246806
66	0.05153072784879672
67	0.05736582497285164
68	0.05842675172267982
69	0.06153375149003373
70	0.0662321413821299
71	0.06835399488178623
72	0.07024850693505082
73	0.06956648259587557
74	0.06138219052577256
75	0.06562589752508524
76	0.07206723850618484
77	0.08207026214742183
78	0.07615938454123633
79	0.08207026214742183
80	0.07744765273745625
81	0.07638672598762808
82	0.07653828695188925
83	0.07600782357697515
84	0.07441643345223291
85	0.07274926284536007
86	0.07449221393436349
87	0.0735828481487965
88	0.07070318982783431
89	0.08335853034364175
90	0.07009694597078966
91	0.07350706766666591
92	0.08161557925463833
93	0.08063043298694075
94	0.0790390428621985
95	0.07979684768350433
96	0.07684140888041158
97	0.0954834074845351
98	0.08707177396804035
99	0.07744765273745625
100	0.07722031129106449
101	0.080403091540549
>>END_MODULE
>>Sequence Length Distribution	pass
#Length	Count
101	1319601.0
>>END_MODULE
>>Sequence Duplication Levels	warn
#Total Duplicate Percentage	24.375197722239797
#Duplication Level	Relative count
1	100.0
2	18.171043207646427
3	4.697254916874243
4	1.537018374500073
5	0.6515690263860103
6	0.3517712156072332
7	0.22564063559671174
8	0.17303340875815254
9	0.14831435036413074
10++	0.8087568848915847
>>END_MODULE
>>Overrepresented sequences	pass
>>END_MODULE
>>Kmer Content	warn
#Sequence	Count	Obs/Exp Overall	Obs/Exp Max	Max Obs/Exp Position
CACCA	159380	2.010382	5.007163	7
GTCTT	151820	1.1135731	5.44655	1
ATACC	146895	1.0922787	5.575052	6
GTCCA	86280	1.0773108	5.196266	1
ATACA	224985	0.9896567	5.0314884	6
GTATT	227050	0.98518044	6.841811	1
AATAC	221310	0.9734913	5.3967624	5
ATATA	365585	0.9479841	5.4441857	1
TATAC	194675	0.8533327	6.591891	5
TATTA	324330	0.83806354	5.5677648	2
ATACT	190855	0.8365881	5.5251527	6
GTATA	174210	0.75856054	7.9234147	1
>>END_MODULE
