##FastQC	0.8.0
>>Basic Statistics	pass
#Measure	Value	
Filename	8_140619_BC47HDACXX_P1260_1017_1.fastq.gz	
File type	Conventional base calls	
Total Sequences	2738771	
Sequence length	101	
%GC	39	
>>END_MODULE
>>Per base sequence quality	pass
#Base	Mean	Median	Lower Quartile	Upper Quartile	10th Percentile	90th Percentile
1	32.73120279132501	33.0	33.0	33.0	33.0	33.0
2	32.78800308605575	33.0	33.0	33.0	33.0	33.0
3	32.78783585776248	33.0	33.0	33.0	33.0	33.0
4	36.739246545256975	37.0	37.0	37.0	37.0	37.0
5	36.65285341490763	37.0	37.0	37.0	37.0	37.0
6	36.63302992473631	37.0	37.0	37.0	37.0	37.0
7	36.60014546670751	37.0	37.0	37.0	37.0	37.0
8	36.59397116443836	37.0	37.0	37.0	37.0	37.0
9	36.5593005037661	37.0	37.0	37.0	37.0	37.0
10	36.566476715285795	37.0	37.0	37.0	37.0	37.0
11	36.588640306181134	37.0	37.0	37.0	37.0	37.0
12	36.551717905586116	37.0	37.0	37.0	37.0	37.0
13	36.56120610302943	37.0	37.0	37.0	37.0	37.0
14	38.70976908985819	40.0	37.0	40.0	37.0	40.0
15	38.72482511316207	40.0	37.0	40.0	37.0	40.0
16	38.709383515452735	40.0	37.0	40.0	37.0	40.0
17	38.69957254549577	40.0	37.0	40.0	37.0	40.0
18	38.701893294474054	40.0	37.0	40.0	37.0	40.0
19	38.732133135629084	40.0	37.0	40.0	37.0	40.0
20	38.70795039088701	40.0	37.0	40.0	37.0	40.0
21	38.68464833313921	40.0	37.0	40.0	37.0	40.0
22	38.6452682608367	40.0	37.0	40.0	37.0	40.0
23	38.6258442199074	40.0	37.0	40.0	37.0	40.0
24	38.616782856251945	40.0	37.0	40.0	37.0	40.0
25	38.57410130310274	40.0	37.0	40.0	37.0	40.0
26	38.528163544889296	40.0	37.0	40.0	37.0	40.0
27	38.50334839970191	40.0	37.0	40.0	37.0	40.0
28	38.49287910526291	40.0	37.0	40.0	37.0	40.0
29	38.46615069313937	40.0	37.0	40.0	37.0	40.0
30	38.450993894706784	40.0	37.0	40.0	37.0	40.0
31	38.422777223798555	40.0	37.0	40.0	37.0	40.0
32	38.4017718166287	40.0	37.0	40.0	37.0	40.0
33	38.36743670792483	40.0	37.0	40.0	37.0	40.0
34	38.34970138065577	40.0	37.0	40.0	37.0	40.0
35	38.316750834589676	40.0	37.0	40.0	37.0	40.0
36	38.26227311447361	40.0	37.0	40.0	37.0	40.0
37	38.35699625854078	40.0	37.0	40.0	37.0	40.0
38	38.37424048962107	40.0	37.0	40.0	37.0	40.0
39	38.35734312945478	40.0	37.0	40.0	37.0	40.0
40	38.323674743160346	40.0	37.0	40.0	37.0	40.0
41	38.308207586541556	40.0	37.0	40.0	37.0	40.0
42	38.298004469888134	40.0	37.0	40.0	37.0	40.0
43	38.253709784425205	40.0	37.0	40.0	37.0	40.0
44	38.21497963867735	40.0	37.0	40.0	37.0	40.0
45	38.19455003722473	40.0	37.0	40.0	37.0	40.0
46	38.14790210645578	40.0	37.0	40.0	37.0	40.0
47	38.114417014054844	40.0	37.0	40.0	37.0	40.0
48	38.0716237319586	40.0	37.0	40.0	37.0	40.0
49	38.02999484075156	40.0	37.0	40.0	37.0	40.0
50	38.05824838951486	40.0	37.0	40.0	37.0	40.0
51	38.04578294424762	40.0	37.0	40.0	37.0	40.0
52	37.99198910752305	40.0	37.0	40.0	33.0	40.0
53	37.94918231571752	40.0	37.0	40.0	33.0	40.0
54	37.880030860557525	40.0	37.0	40.0	33.0	40.0
55	37.80607323503864	40.0	37.0	40.0	33.0	40.0
56	37.72829747357483	40.0	37.0	40.0	33.0	40.0
57	37.642447287487705	40.0	37.0	40.0	33.0	40.0
58	37.54801222884279	40.0	37.0	40.0	33.0	40.0
59	37.46672029169288	40.0	37.0	40.0	33.0	40.0
60	37.361782712026674	37.0	37.0	40.0	33.0	40.0
61	37.28682792391186	37.0	37.0	40.0	33.0	40.0
62	37.15112545006501	37.0	37.0	40.0	33.0	40.0
63	37.0300404816613	37.0	37.0	40.0	33.0	40.0
64	36.91533793807515	37.0	37.0	40.0	33.0	40.0
65	36.787617511650296	37.0	37.0	40.0	33.0	40.0
66	36.67788982722542	37.0	37.0	40.0	33.0	40.0
67	36.54378186420113	37.0	37.0	40.0	33.0	40.0
68	36.416801550768575	37.0	37.0	40.0	33.0	40.0
69	36.25612218035024	37.0	37.0	40.0	33.0	40.0
70	36.12700258619651	37.0	37.0	37.0	33.0	40.0
71	35.99948590079273	37.0	37.0	37.0	33.0	40.0
72	35.85102916600183	37.0	37.0	37.0	33.0	40.0
73	35.72241271723704	37.0	37.0	37.0	33.0	40.0
74	35.55107126517697	37.0	37.0	37.0	33.0	40.0
75	35.423229981623145	37.0	33.0	37.0	33.0	40.0
76	33.769716781724355	33.0	33.0	37.0	27.0	37.0
77	34.41695526935257	37.0	33.0	37.0	33.0	37.0
78	34.87496983135866	37.0	33.0	37.0	33.0	37.0
79	35.02388407062876	37.0	33.0	37.0	33.0	37.0
80	35.01990162740879	37.0	33.0	37.0	33.0	37.0
81	34.965106611688235	37.0	33.0	37.0	33.0	37.0
82	34.88647462675777	37.0	33.0	37.0	33.0	37.0
83	34.815302557241914	37.0	33.0	37.0	33.0	37.0
84	34.76246206783992	37.0	33.0	37.0	33.0	37.0
85	34.69137507297982	37.0	33.0	37.0	33.0	37.0
86	34.62327518438015	37.0	33.0	37.0	33.0	37.0
87	34.54057495131941	37.0	33.0	37.0	33.0	37.0
88	34.45145322482237	37.0	33.0	37.0	33.0	37.0
89	34.40455700750446	37.0	33.0	37.0	33.0	37.0
90	34.34503834018982	37.0	33.0	37.0	33.0	37.0
91	34.265501204737454	37.0	33.0	37.0	33.0	37.0
92	34.202431674645304	37.0	33.0	37.0	33.0	37.0
93	34.172469330221475	37.0	33.0	37.0	33.0	37.0
94	34.110842052877004	37.0	33.0	37.0	33.0	37.0
95	34.04905192876659	37.0	33.0	37.0	33.0	37.0
96	33.973599472172005	37.0	33.0	37.0	33.0	37.0
97	33.8681912434446	37.0	33.0	37.0	27.0	37.0
98	33.7760002570496	37.0	33.0	37.0	27.0	37.0
99	33.69779875717977	37.0	33.0	37.0	27.0	37.0
100	33.608587939626936	37.0	33.0	37.0	27.0	37.0
101	32.623677919767665	33.0	33.0	37.0	27.0	37.0
>>END_MODULE
>>Per sequence quality scores	pass
#Quality	Count
5	1.0
6	4.0
7	19.0
8	67.0
9	166.0
10	348.0
11	493.0
12	652.0
13	830.0
14	1025.0
15	1224.0
16	1401.0
17	1611.0
18	1847.0
19	2228.0
20	2562.0
21	2921.0
22	3445.0
23	4388.0
24	5612.0
25	7402.0
26	9886.0
27	12985.0
28	17486.0
29	22944.0
30	30392.0
31	40296.0
32	54858.0
33	76657.0
34	109093.0
35	166221.0
36	311369.0
37	931979.0
38	915399.0
39	960.0
>>END_MODULE
>>Per base sequence content	fail
#Base	G	A	T	C
1	955555	712261	433618	636284
2	347652	626632	1213194	551293
3	396405	844639	911377	586069
4	307262	556393	1202211	672732
5	297063	1077771	1073802	290135
6	672137	1192014	565353	309262
7	586042	939058	797916	415755
8	541929	1099250	660327	437262
9	621466	503867	706327	907111
10	380168	809151	993773	555679
11	783926	751824	773066	429955
12	501317	747975	966368	523111
13	646048	682380	832859	577484
14	505714	655939	841155	735963
15	559569	900504	712009	566689
16	533428	905722	781385	518234
17	504400	876670	846541	511160
18	512346	872428	850050	503947
19	528170	861006	842545	507050
20	529009	846145	841548	522069
21	532543	838369	840082	527777
22	536349	830125	839810	532487
23	526618	837541	840081	534521
24	531152	844406	832071	531135
25	531652	834612	839261	533237
26	528040	839353	836605	534770
27	532406	843216	834982	528148
28	534347	835244	838709	530438
29	532381	842456	833831	530077
30	538645	840168	831491	528444
31	539298	834983	830729	533729
32	529478	833818	832933	542504
33	534501	836029	830343	537792
34	539329	828404	836092	534874
35	536278	833599	832056	536829
36	540764	833969	836047	527991
37	536787	835500	834347	532137
38	534988	835282	833367	535132
39	536772	838356	833847	529774
40	537105	833788	836474	531404
41	535315	833887	840021	529548
42	535205	836728	833346	533492
43	542191	827115	830565	538899
44	536129	826406	833184	543052
45	538808	835507	829335	535121
46	538684	828551	834028	537508
47	531102	832662	836927	538074
48	532315	835483	833219	537754
49	534940	832163	838318	533350
50	529401	832443	836846	540078
51	534545	832983	835557	535686
52	536915	828554	835163	538139
53	534243	833086	832517	538925
54	540836	832509	830776	534650
55	536067	829430	836784	536490
56	535194	825696	833520	544361
57	534419	834197	832082	538073
58	535604	825593	833868	543706
59	534648	825950	835311	542862
60	532417	833521	835468	537365
61	536811	825269	835299	541392
62	537869	827007	833722	540173
63	533507	833197	834330	537737
64	538380	824027	834119	542245
65	533047	826248	834663	544812
66	535194	830559	829067	543795
67	537341	827666	830038	543620
68	530134	828253	832724	547493
69	542407	831750	824377	540013
70	538923	825640	832977	541209
71	534735	829286	832035	542661
72	535229	832240	831756	539429
73	538813	825492	830912	543520
74	533970	827842	828283	548513
75	536998	832664	830102	538950
76	538025	829503	829324	541900
77	534629	829748	831273	543120
78	536706	831446	828466	542032
79	534081	830142	832347	542192
80	533795	824446	831817	548573
81	538457	834118	826275	539856
82	537552	825804	830159	545103
83	534399	826299	829696	548374
84	533690	834847	827018	543121
85	539426	822650	831837	544562
86	537390	827297	827483	546502
87	537577	830465	828290	542178
88	540197	822582	829413	545867
89	531050	826536	829115	551152
90	534672	826254	829044	547836
91	538442	823675	830443	544881
92	534203	827151	830124	546299
93	537294	832868	822862	545124
94	536747	824329	832970	543774
95	535748	823152	828024	550684
96	540536	828096	825123	544253
97	535028	823464	825340	554027
98	537516	824965	824963	550657
99	538417	825933	825332	548191
100	540579	824495	829273	543764
101	535765	827184	823894	551589
>>END_MODULE
>>Per base GC content	fail
#Base	%GC
1	58.14473952393928
2	32.82293408247714
3	35.87648667696431
4	35.78451455817904
5	21.440200732372293
6	35.83361995876975
7	36.57834116105362
8	35.75297359980838
9	55.81251590585704
10	34.1703267633548
11	44.322106521501794
12	37.40466070365138
13	44.674490857395526
14	45.33701430313086
15	41.12275177442729
16	38.399076373363364
17	37.08086583361661
18	37.10762966308611
19	37.79870606195261
20	38.377724899234
21	38.71517552946194
22	39.026117919314906
23	38.745220922891775
24	38.78709520060874
25	38.88212995506729
26	38.8061347291921
27	38.72398815226789
28	38.87867331595793
29	38.79360802119219
30	38.96265738943488
31	39.17960053878811
32	39.141530043271835
33	39.153857810283476
34	39.22311287220684
35	39.18219253808838
36	39.023160388363976
37	39.02933103936036
38	39.073028795053546
39	38.942816592539145
40	39.01417825732783
41	38.88105285180835
42	39.021042650152204
43	39.473559298517216
44	39.40384208829435
45	39.21207724194538
46	39.29470554493238
47	39.03861777114868
48	39.07113811267901
49	39.00618196994199
50	39.049638377547865
51	39.07705317458086
52	39.25315406070825
53	39.18429105609779
54	39.268927559113195
55	39.16198177941858
56	39.417497848487514
57	39.15960845211228
58	39.408552230179154
59	39.342829320158565
60	39.060658959803504
61	39.36813264051649
62	39.36225409134243
63	39.11404056783134
64	39.456566467221975
65	39.35558663195522
66	39.39907581021794
67	39.47036238459249
68	39.34950069451443
69	39.525339532241
70	39.43888249708169
71	39.339442519982896
72	39.240371364911375
73	39.5194208133165
74	39.52675958004942
75	39.286614082375884
76	39.43128110905989
77	39.35157023043191
78	39.38940718967374
79	39.29779221414639
80	39.52222844187479
81	39.373083492715175
82	39.53289578904396
83	39.53503911247685
84	39.31867077376075
85	39.5836368781895
86	39.577284172766944
87	39.42855786540856
88	39.665471050842946
89	39.5273961019821
90	39.53925150284571
91	39.57429584783745
92	39.466399199058216
93	39.53102608040179
94	39.466473325492544
95	39.68544802616007
96	39.61964318584898
97	39.77761455210075
98	39.741886804029505
99	39.68803520104841
100	39.60186420492084
101	39.707175493128915
>>END_MODULE
>>Per sequence GC content	pass
#GC Content	Count
0	4.5
1	6.5
2	18.5
3	37.5
4	45.0
5	53.5
6	52.5
7	53.0
8	66.5
9	84.0
10	106.0
11	122.5
12	143.5
13	183.5
14	261.5
15	365.5
16	493.5
17	656.0
18	878.0
19	1275.0
20	1988.5
21	3003.0
22	4230.0
23	5957.0
24	8666.0
25	12605.0
26	18345.5
27	25556.5
28	34306.5
29	45510.5
30	60582.5
31	78295.5
32	96222.0
33	113900.5
34	130650.0
35	146066.5
36	158867.5
37	167657.0
38	172826.5
39	172659.0
40	168177.0
41	160132.5
42	148275.5
43	135803.0
44	119670.0
45	101719.0
46	87263.5
47	74157.0
48	61890.5
49	51553.0
50	43618.5
51	34357.0
52	25329.0
53	18652.5
54	13130.0
55	9658.0
56	6955.0
57	4816.0
58	3132.5
59	2553.5
60	1724.5
61	954.5
62	944.5
63	637.0
64	305.5
65	202.0
66	129.0
67	83.0
68	43.0
69	28.0
70	27.0
71	18.0
72	7.5
73	5.5
74	4.0
75	3.0
76	1.5
77	1.0
78	1.5
79	1.5
80	1.0
81	1.0
82	0.5
83	0.0
84	0.0
85	0.0
86	0.0
87	0.0
88	0.0
89	0.0
90	0.0
91	0.0
92	0.0
93	0.0
94	0.0
95	0.0
96	0.0
97	0.0
98	0.0
99	0.0
100	0.0
>>END_MODULE
>>Per base N content	pass
#Base	N-Count
1	0.03844790236204487
2	0.0
3	0.01026007650876981
4	0.0063167019075344374
5	0.0
6	1.82563638946082E-4
7	0.0
8	1.0953818336764921E-4
9	0.0
10	0.0
11	0.0
12	0.0
13	0.0
14	0.0
15	0.0
16	7.302545557843281E-5
17	0.0
18	0.0
19	0.0
20	0.0
21	0.0
22	0.0
23	3.65127277892164E-4
24	2.555890945245148E-4
25	3.2861455010294765E-4
26	1.0953818336764921E-4
27	6.937418279951117E-4
28	0.0012049200170441412
29	9.493309225196264E-4
30	8.397927391519774E-4
31	0.001168407289254925
32	0.0013874836559902234
33	0.0038703491456569387
34	0.002628916400823581
35	3.2861455010294765E-4
36	0.0
37	0.0
38	7.302545557843281E-5
39	8.032800113627609E-4
40	0.0
41	0.0
42	0.0
43	3.6512727789216404E-5
44	0.0
45	0.0
46	0.0
47	2.1907636673529842E-4
48	0.0
49	0.0
50	1.0953818336764921E-4
51	0.0
52	0.0
53	0.0
54	0.0
55	0.0
56	0.0
57	0.0
58	0.0
59	0.0
60	0.0
61	0.0
62	0.0
63	0.0
64	0.0
65	3.6512727789216404E-5
66	0.005695985535117759
67	0.0038703491456569387
68	0.00609762554079914
69	0.008178851024784474
70	8.032800113627609E-4
71	0.001971687300617686
72	0.004271989151338319
73	0.0012414327448333577
74	0.005951574629642274
75	0.0020812254839853352
76	6.937418279951117E-4
77	3.6512727789216404E-5
78	0.004418040062495185
79	3.2861455010294765E-4
80	0.005111781890490296
81	0.0023733273062990666
82	0.00558644735175011
83	1.0953818336764921E-4
84	0.0034687091399755584
85	0.010807767425608055
86	0.0036147600511324237
87	0.009529821952985481
88	0.025997062185922078
89	0.03351868411050066
90	0.03523478231659383
91	0.048561927959657816
92	0.03629365142248111
93	0.02274742941268182
94	0.0347236041275448
95	0.04246430241885868
96	0.027859211303172118
97	0.033299607743765364
98	0.024463527618774992
99	0.03278842955471633
100	0.024098400340882824
101	0.012377814720544361
>>END_MODULE
>>Sequence Length Distribution	pass
#Length	Count
101	2738771.0
>>END_MODULE
>>Sequence Duplication Levels	warn
#Total Duplicate Percentage	38.08296097842941
#Duplication Level	Relative count
1	100.0
2	26.829322506075513
3	9.282200225238576
4	3.6579040957856677
5	1.7404125422322327
6	0.9357773694505365
7	0.6082923359611168
8	0.4060221682176516
9	0.3208167862011736
10++	4.402525042973149
>>END_MODULE
>>Overrepresented sequences	pass
>>END_MODULE
>>Kmer Content	warn
#Sequence	Count	Obs/Exp Overall	Obs/Exp Max	Max Obs/Exp Position
GTATT	401330	0.9120615	5.797851	1
TATAC	366645	0.83193874	6.086159	5
ATACT	339810	0.7710486	5.1952357	6
GTATA	316610	0.7235965	6.944114	1
>>END_MODULE
