##FastQC	0.8.0
>>Basic Statistics	pass
#Measure	Value	
Filename	1_140716_AH9BY4ADXX_P1260_1005_2.fastq.gz	
File type	Conventional base calls	
Total Sequences	2088288	
Sequence length	101	
%GC	37	
>>END_MODULE
>>Per base sequence quality	pass
#Base	Mean	Median	Lower Quartile	Upper Quartile	10th Percentile	90th Percentile
1	31.727827292021026	33.0	33.0	33.0	27.0	33.0
2	31.754326510519622	33.0	33.0	33.0	27.0	33.0
3	31.72777796932224	33.0	33.0	33.0	27.0	33.0
4	35.56152886958121	37.0	37.0	37.0	33.0	37.0
5	35.57129476394061	37.0	37.0	37.0	33.0	37.0
6	35.63271158001195	37.0	37.0	37.0	33.0	37.0
7	35.55327521874378	37.0	37.0	37.0	33.0	37.0
8	35.57636638241468	37.0	37.0	37.0	33.0	37.0
9	35.52822024548338	37.0	37.0	37.0	33.0	37.0
10	35.52018687077644	37.0	37.0	37.0	33.0	37.0
11	35.52904484438928	37.0	37.0	37.0	33.0	37.0
12	35.49609392957293	37.0	37.0	37.0	33.0	37.0
13	35.47647259381848	37.0	37.0	37.0	33.0	37.0
14	37.39139189613693	40.0	37.0	40.0	33.0	40.0
15	37.43676446926861	40.0	37.0	40.0	33.0	40.0
16	37.40917632050752	40.0	37.0	40.0	33.0	40.0
17	37.37274887371857	40.0	37.0	40.0	33.0	40.0
18	37.282631993288284	40.0	37.0	40.0	33.0	40.0
19	37.391202745981396	40.0	37.0	40.0	33.0	40.0
20	37.382644539450496	40.0	37.0	40.0	33.0	40.0
21	37.3690712200616	40.0	37.0	40.0	33.0	40.0
22	37.333536849323465	40.0	37.0	40.0	33.0	40.0
23	37.29761843194042	40.0	37.0	40.0	33.0	40.0
24	37.266377530302336	40.0	37.0	40.0	33.0	40.0
25	37.23912793637659	40.0	37.0	40.0	33.0	40.0
26	37.229488461361655	40.0	37.0	40.0	33.0	40.0
27	37.22171606598324	40.0	37.0	40.0	33.0	40.0
28	37.174371542622474	40.0	37.0	40.0	33.0	40.0
29	37.14319337179546	40.0	37.0	40.0	33.0	40.0
30	37.083228941601924	40.0	37.0	40.0	33.0	40.0
31	37.09697704531176	40.0	37.0	40.0	33.0	40.0
32	37.08109848833111	40.0	37.0	40.0	33.0	40.0
33	37.05276140072634	40.0	37.0	40.0	33.0	40.0
34	37.02289530945923	40.0	37.0	40.0	33.0	40.0
35	36.977001256531665	40.0	37.0	40.0	33.0	40.0
36	36.94198405583904	40.0	37.0	40.0	33.0	40.0
37	36.92652115033942	40.0	37.0	40.0	33.0	40.0
38	36.893822595350834	40.0	37.0	40.0	33.0	40.0
39	36.83995358877703	40.0	37.0	40.0	33.0	40.0
40	36.82341899201643	40.0	37.0	40.0	33.0	40.0
41	36.774499015461465	40.0	37.0	40.0	33.0	40.0
42	36.75907393999295	40.0	37.0	40.0	33.0	40.0
43	36.68401005991511	40.0	37.0	40.0	33.0	40.0
44	36.60968602031904	40.0	37.0	40.0	33.0	40.0
45	36.56663544491948	40.0	37.0	40.0	33.0	40.0
46	36.51536090807398	40.0	37.0	40.0	33.0	40.0
47	36.47866194701114	40.0	37.0	40.0	33.0	40.0
48	36.381874051854915	40.0	37.0	40.0	33.0	40.0
49	36.34899640279502	40.0	37.0	40.0	33.0	40.0
50	36.32257428094209	40.0	37.0	40.0	33.0	40.0
51	36.263462223601344	40.0	37.0	40.0	33.0	40.0
52	36.21587491763588	40.0	37.0	40.0	33.0	40.0
53	36.158673995157756	40.0	37.0	40.0	33.0	40.0
54	36.084994023812804	40.0	37.0	40.0	33.0	40.0
55	36.03630390061141	40.0	37.0	40.0	33.0	40.0
56	35.96846411989151	40.0	37.0	40.0	33.0	40.0
57	35.88035462541565	37.0	37.0	40.0	27.0	40.0
58	35.82537849185553	37.0	37.0	40.0	27.0	40.0
59	35.76880822951624	37.0	37.0	40.0	27.0	40.0
60	35.68263716498874	37.0	37.0	40.0	27.0	40.0
61	35.59254805850534	37.0	37.0	40.0	27.0	40.0
62	35.49518792427098	37.0	37.0	40.0	27.0	40.0
63	35.40513521123523	37.0	37.0	40.0	27.0	40.0
64	35.31057641474739	37.0	37.0	40.0	27.0	40.0
65	35.17652929097902	37.0	37.0	40.0	27.0	40.0
66	35.07246605832146	37.0	37.0	40.0	27.0	40.0
67	34.937709741185124	37.0	37.0	40.0	27.0	40.0
68	34.80502689284236	37.0	33.0	40.0	27.0	40.0
69	34.696608896857136	37.0	33.0	40.0	27.0	40.0
70	34.55911493050767	37.0	33.0	40.0	27.0	40.0
71	34.41677967789883	37.0	33.0	37.0	27.0	40.0
72	34.24738015063056	37.0	33.0	37.0	27.0	40.0
73	34.13065918110912	37.0	33.0	37.0	27.0	40.0
74	33.99422924424217	37.0	33.0	37.0	27.0	40.0
75	33.84868945279578	37.0	33.0	37.0	27.0	40.0
76	33.723080341408846	37.0	33.0	37.0	27.0	40.0
77	33.59651781746579	37.0	33.0	37.0	27.0	40.0
78	33.44765568733815	37.0	33.0	37.0	27.0	37.0
79	33.31795087650745	37.0	33.0	37.0	27.0	37.0
80	33.20037801299438	37.0	33.0	37.0	27.0	37.0
81	33.061399098208675	37.0	33.0	37.0	27.0	37.0
82	32.952976792473066	37.0	33.0	37.0	27.0	37.0
83	33.03060401630427	37.0	33.0	37.0	27.0	37.0
84	33.00947378905592	37.0	33.0	37.0	27.0	37.0
85	32.93533171669808	37.0	33.0	37.0	27.0	37.0
86	32.86051636555877	37.0	33.0	37.0	27.0	37.0
87	32.798099687399436	37.0	33.0	37.0	27.0	37.0
88	32.7297532715794	37.0	33.0	37.0	27.0	37.0
89	32.81203694126481	37.0	33.0	37.0	27.0	37.0
90	32.81146374446436	37.0	33.0	37.0	27.0	37.0
91	32.77045742732803	37.0	33.0	37.0	27.0	37.0
92	32.7245250655082	37.0	33.0	37.0	27.0	37.0
93	32.6346706009899	37.0	33.0	37.0	27.0	37.0
94	32.61438987342742	37.0	33.0	37.0	27.0	37.0
95	32.579602047227205	37.0	33.0	37.0	27.0	37.0
96	32.512183664322166	37.0	33.0	37.0	27.0	37.0
97	32.44519481987159	37.0	33.0	37.0	27.0	37.0
98	32.371239024502366	37.0	33.0	37.0	27.0	37.0
99	32.32688403132135	37.0	33.0	37.0	27.0	37.0
100	32.251218701635025	37.0	33.0	37.0	22.0	37.0
101	31.830918436537488	37.0	33.0	37.0	22.0	37.0
>>END_MODULE
>>Per sequence quality scores	pass
#Quality	Count
2	26729.0
3	5530.0
4	3654.0
5	2890.0
6	2651.0
7	2898.0
8	3315.0
9	3368.0
10	3624.0
11	3638.0
12	3768.0
13	3948.0
14	4273.0
15	4275.0
16	4638.0
17	4829.0
18	4747.0
19	4793.0
20	4862.0
21	5086.0
22	5737.0
23	6755.0
24	7996.0
25	9883.0
26	11919.0
27	15024.0
28	18290.0
29	22393.0
30	28300.0
31	36427.0
32	47879.0
33	64885.0
34	90124.0
35	131044.0
36	222937.0
37	541908.0
38	719031.0
39	4240.0
>>END_MODULE
>>Per base sequence content	fail
#Base	G	A	T	C
1	738605	583062	316918	449696
2	257519	477656	965783	387328
3	276257	702323	690839	418865
4	212137	427477	986385	462284
5	202514	848519	839121	198129
6	461605	970859	446143	209679
7	424197	726179	658052	279860
8	383903	874550	517962	311868
9	443619	391009	583950	669678
10	268303	637201	780521	402261
11	565699	607047	607961	307580
12	362376	607416	752588	365906
13	468463	545569	658974	415279
14	364498	512496	674261	537024
15	410135	714307	559193	404630
16	385887	710952	617223	374220
17	365675	682142	671241	369210
18	374406	686663	662174	365033
19	388061	672602	663122	364501
20	386387	665207	658048	378618
21	382414	660333	663117	382408
22	389147	654140	660063	384905
23	387324	657766	658278	384841
24	385027	664561	656279	382337
25	391162	653871	659884	383288
26	384068	658182	658370	387588
27	386869	664890	651216	385277
28	390059	660351	654489	383300
29	387177	658165	653614	389220
30	388416	663281	655488	380986
31	389516	658890	654414	385329
32	386674	658851	655136	387469
33	387960	664014	650500	385622
34	392507	653248	655078	387237
35	387280	656177	655444	389119
36	387480	659710	651577	389203
37	390683	655178	657267	384844
38	389769	655490	655033	387683
39	392623	659083	649193	387040
40	393693	653362	657334	383384
41	390758	655648	650659	390728
42	390674	659517	652902	384688
43	394049	652377	654946	386290
44	391362	654472	652306	389350
45	390692	656829	652653	387358
46	394050	648383	656567	388424
47	387494	656210	653465	390135
48	395508	655541	649634	386499
49	393230	652708	654887	386277
50	389891	653595	650820	392798
51	389737	657793	652853	386732
52	395765	651196	653729	386436
53	388059	655390	651641	392129
54	389276	657090	652897	388112
55	393224	652398	653650	387959
56	392948	650215	652457	391710
57	391419	656721	648063	391007
58	395461	647817	653078	390917
59	386509	651427	654186	395140
60	388847	657971	651284	389106
61	393367	648403	654719	390661
62	391617	653605	650774	391038
63	388653	656945	649906	391413
64	392484	652000	654106	388488
65	390536	655019	647686	393864
66	389974	655885	651208	390237
67	394140	650731	653085	389203
68	392770	650540	649121	394704
69	392919	655328	648426	390404
70	394301	650403	651915	390309
71	387969	651032	655150	392790
72	388972	658597	648086	391233
73	398291	646225	652335	390035
74	389811	652531	651428	393285
75	392734	654765	650442	389015
76	395061	650502	650675	390601
77	390626	650245	647289	398467
78	389791	655550	648943	392479
79	394900	649287	651317	391103
80	393539	653071	645903	394222
81	391185	653009	649003	393525
82	395854	649656	648606	392651
83	394156	647806	649392	395408
84	389946	658443	647037	391380
85	397329	646233	653463	389795
86	390051	652162	647864	396692
87	394614	651324	650175	390666
88	396648	647027	650761	392432
89	391365	652189	649190	393846
90	391236	651877	649900	393830
91	395926	644996	651465	394405
92	391001	647980	650679	396971
93	394990	652479	647852	391380
94	393159	645833	653236	394442
95	388392	649579	650301	398430
96	394039	654858	647121	390758
97	398506	647246	645958	394650
98	395068	647611	648458	395387
99	394533	652539	647254	392418
100	397216	645864	650582	393035
101	395390	645764	647779	397757
>>END_MODULE
>>Per base GC content	fail
#Base	%GC
1	56.90330946840967
2	30.87924738278186
3	33.28675601594419
4	32.295479108913874
5	19.18528283762306
6	32.14521382607555
7	33.71455469743637
8	33.31785011897334
9	53.31228546691593
10	32.1107357900211
11	41.817958929974665
12	34.87462924139701
13	42.319032124446615
14	43.170572514496385
15	39.016360471491886
16	36.398676040879536
17	35.19112489393124
18	35.409064702175385
19	36.03730523501091
20	36.63360884181088
21	36.624635105005474
22	37.06692908672552
23	36.97738109547464
24	36.74755914652017
25	37.08687604904691
26	36.953023836705924
27	36.975709828124195
28	37.03473663190146
29	37.180630368321445
30	36.84573725044549
31	37.106786919898916
32	37.07350595987798
33	37.047243038634235
34	37.34280938857414
35	37.18350398942539
36	37.19799613979128
37	37.142595781935775
38	37.23473700595074
39	37.341272901171926
40	37.22037788591001
41	37.43120127330631
42	37.13809063306927
43	37.37860822297863
44	37.39955640506062
45	37.271284943176916
46	37.48514915992151
47	37.255186594765306
48	37.467120739830065
49	37.34877356257624
50	37.50119783201987
51	37.202981148619024
52	37.47742110442781
53	37.3793071067291
54	37.24237379483802
55	37.42676301760562
56	37.59146852677823
57	37.48669276210827
58	37.674899258506194
59	37.44853305430751
60	37.272423256330946
61	37.564525788755
62	37.50082653181501
63	37.37887036235749
64	37.41939687927332
65	37.58315944813509
66	37.37888683200914
67	37.531544074984225
68	37.72990247396551
69	37.5320603887638
70	37.596409650931896
71	37.41164699912456
72	37.386050425322296
73	37.77523065466921
74	37.52157945046968
75	37.45881561470391
76	37.64842424355688
77	37.81667734578341
78	37.487246994507764
79	37.668952514776386
80	37.75088834950293
81	37.60491335213795
82	37.78596268773658
83	37.83680170522561
84	37.44123794928709
85	37.71882577318599
86	37.70148971927415
87	37.63120100403541
88	37.81168717906451
89	37.631302747545035
90	37.61979219327951
91	37.87301273917094
92	37.76288188951472
93	37.68484320465654
94	37.74439657444636
95	37.706486120203074
96	37.6081093514589
97	38.01625798040607
98	37.88382017173059
99	37.71190907940792
100	37.8709031546027
101	38.00981458673785
>>END_MODULE
>>Per sequence GC content	pass
#GC Content	Count
0	0.0
1	1.0
2	3.5
3	6.0
4	7.0
5	18.0
6	40.5
7	50.0
8	60.5
9	89.0
10	127.0
11	189.5
12	280.5
13	448.5
14	679.5
15	907.5
16	1150.0
17	1422.5
18	1819.5
19	2586.5
20	3609.5
21	5408.5
22	7713.5
23	10398.0
24	14969.5
25	21143.0
26	28752.0
27	37989.0
28	49263.5
29	61337.5
30	73721.5
31	86924.0
32	98657.5
33	109075.0
34	118573.5
35	124674.5
36	126894.0
37	127081.5
38	124549.0
39	118337.0
40	109206.5
41	99216.5
42	89290.5
43	78318.0
44	67889.0
45	56768.5
46	46470.0
47	38636.5
48	31335.0
49	25128.0
50	19960.0
51	15701.0
52	12371.0
53	9388.0
54	6937.5
55	5675.5
56	4778.5
57	3492.5
58	2253.5
59	1582.0
60	1092.5
61	852.0
62	671.5
63	503.0
64	374.5
65	254.0
66	185.5
67	138.0
68	91.0
69	72.0
70	58.5
71	47.0
72	44.0
73	39.5
74	38.5
75	37.0
76	29.5
77	25.0
78	23.0
79	20.0
80	18.0
81	16.5
82	14.0
83	12.0
84	13.0
85	14.5
86	10.5
87	6.5
88	5.5
89	7.5
90	7.0
91	3.0
92	5.5
93	7.5
94	5.0
95	2.0
96	2.5
97	8.0
98	12.0
99	22.5
100	79.5
>>END_MODULE
>>Per base N content	pass
#Base	N-Count
1	3.352028072756248E-4
2	9.577223065017853E-5
3	1.9154446130035705E-4
4	2.3943057662544631E-4
5	2.3943057662544631E-4
6	9.577223065017853E-5
7	0.0
8	2.3943057662544631E-4
9	0.0015323556904028564
10	9.577223065017853E-5
11	4.788611532508926E-5
12	9.577223065017853E-5
13	1.436583459752678E-4
14	4.3097503792580334E-4
15	0.001101380652477053
16	2.873166919505356E-4
17	9.577223065017853E-4
18	5.746333839010712E-4
19	9.577223065017853E-5
20	0.0013408112291024993
21	7.661778452014282E-4
22	0.0015802418057279458
23	0.0037830031106820517
24	0.004022433687307498
25	0.003974547571982409
26	0.003830889226007141
27	0.0017239001517032134
28	0.004261864263932945
29	0.005363244916409997
30	0.005602675493035443
31	0.006656170030187407
32	0.007566006221364103
33	0.009194134142417138
34	0.010439173140869458
35	0.012833478907123922
36	0.015227784673378384
37	0.015132012442728207
38	0.014988354096752938
39	0.01671225424845615
40	0.02466134939242097
41	0.023703627085919183
42	0.024278260469820255
43	0.029976708193505876
44	0.038213120029421226
45	0.03620190318576748
46	0.04137360364087712
47	0.04711993747988783
48	0.05296204354954872
49	0.05679293277555586
50	0.056697160544905686
51	0.0561704132763297
52	0.05564366600775372
53	0.05119025728252042
54	0.04372002329180649
55	0.050615623898619344
56	0.04587489848143551
57	0.05162123232044623
58	0.0486044070549656
59	0.04913115432354158
60	0.0517170045510964
61	0.05449439923995157
62	0.06004918861766194
63	0.06565186411069737
64	0.057942199543358004
65	0.05664927442958059
66	0.04711993747988783
67	0.05406342420202577
68	0.055212690969827914
69	0.05799008565868309
70	0.0651251168421214
71	0.06450259734289523
72	0.06704056145512496
73	0.06713633368577515
74	0.059043580195835055
75	0.0637843056130189
76	0.06938698110605433
77	0.07953883755497326
78	0.07302632587076112
79	0.08049655986147505
80	0.07436713709986362
81	0.07498965659908978
82	0.07283478140946077
83	0.07307421198608621
84	0.07096722291178229
85	0.07029681729723103
86	0.07273900917881058
87	0.07226014802555969
88	0.06799828376162674
89	0.08131062382200156
90	0.06919543664475399
91	0.07163762852633353
92	0.0793472930936729
93	0.07599526502091665
94	0.07747973459599442
95	0.07594737890559157
96	0.07240380637153496
97	0.0923244303467721
98	0.08447110743345745
99	0.07393616206193782
100	0.07618680948221701
101	0.07652201228949264
>>END_MODULE
>>Sequence Length Distribution	pass
#Length	Count
101	2088288.0
>>END_MODULE
>>Sequence Duplication Levels	warn
#Total Duplicate Percentage	35.893850932242756
#Duplication Level	Relative count
1	100.0
2	23.302288243359406
3	7.339997016261376
4	3.0313363596967955
5	1.4897380703736067
6	0.8951215873489482
7	0.6748932603027784
8	0.4916064590837081
9	0.43974624013412617
10++	4.418064406129452
>>END_MODULE
>>Overrepresented sequences	pass
>>END_MODULE
>>Kmer Content	warn
#Sequence	Count	Obs/Exp Overall	Obs/Exp Max	Max Obs/Exp Position
ACCAT	282205	1.320805	5.009799	8
ATACC	251015	1.1748264	6.1083603	6
ATATA	702705	1.1612653	6.307775	1
TATAT	685795	1.1312336	5.3848324	2
GTCTT	241360	1.120692	5.1172223	1
GTATT	381570	1.05375	7.343694	1
AATAC	364900	1.0157579	5.71742	5
TAATA	604060	0.99824804	5.514544	4
ATACA	354580	0.9870305	5.2724795	6
TATTA	595360	0.9820591	6.3800883	2
TACTG	203800	0.94803745	5.198114	7
ATACT	326850	0.9081645	6.2977214	6
TATAC	324095	0.90050954	7.5167203	5
GTATA	317745	0.87910837	9.215142	1
TATAA	514745	0.8506492	5.626389	2
GTCTA	158585	0.7377061	5.1735516	1
>>END_MODULE
