##FastQC	0.8.0
>>Basic Statistics	pass
#Measure	Value	
Filename	8_140619_BC47HDACXX_P1260_1003_2.fastq.gz	
File type	Conventional base calls	
Total Sequences	3349842	
Sequence length	101	
%GC	37	
>>END_MODULE
>>Per base sequence quality	pass
#Base	Mean	Median	Lower Quartile	Upper Quartile	10th Percentile	90th Percentile
1	31.824730838051465	33.0	33.0	33.0	33.0	33.0
2	31.827734561809184	33.0	33.0	33.0	33.0	33.0
3	31.811437673776854	33.0	33.0	33.0	27.0	33.0
4	35.64450383032991	37.0	37.0	37.0	33.0	37.0
5	35.671764220521446	37.0	37.0	37.0	33.0	37.0
6	35.72803284453416	37.0	37.0	37.0	33.0	37.0
7	35.678105713642616	37.0	37.0	37.0	33.0	37.0
8	35.695093380523616	37.0	37.0	37.0	33.0	37.0
9	35.71098099552158	37.0	37.0	37.0	33.0	37.0
10	35.67190810790479	37.0	37.0	37.0	33.0	37.0
11	35.70512191321262	37.0	37.0	37.0	33.0	37.0
12	35.666180673595946	37.0	37.0	37.0	33.0	37.0
13	35.66666965188209	37.0	37.0	37.0	33.0	37.0
14	37.600267415597514	40.0	37.0	40.0	33.0	40.0
15	37.618853068293966	40.0	37.0	40.0	33.0	40.0
16	37.603663695183236	40.0	37.0	40.0	33.0	40.0
17	37.56291072832689	40.0	37.0	40.0	33.0	40.0
18	37.55746211313847	40.0	37.0	40.0	33.0	40.0
19	37.597427281644926	40.0	37.0	40.0	33.0	40.0
20	37.56661567918726	40.0	37.0	40.0	33.0	40.0
21	37.517248873230436	40.0	37.0	40.0	33.0	40.0
22	37.457189025631656	40.0	37.0	40.0	33.0	40.0
23	37.42602875001269	40.0	37.0	40.0	33.0	40.0
24	37.37163693093585	40.0	37.0	40.0	33.0	40.0
25	37.31454677563897	40.0	37.0	40.0	33.0	40.0
26	37.257303180269396	40.0	37.0	40.0	33.0	40.0
27	37.22333680215365	40.0	37.0	40.0	33.0	40.0
28	37.186485511853995	40.0	37.0	40.0	33.0	40.0
29	37.13274058895912	40.0	37.0	40.0	33.0	40.0
30	37.12350313835697	40.0	37.0	40.0	33.0	40.0
31	37.08373469554684	40.0	37.0	40.0	33.0	40.0
32	37.091387295281386	40.0	37.0	40.0	33.0	40.0
33	37.07814637227666	40.0	37.0	40.0	33.0	40.0
34	37.0551100619074	40.0	37.0	40.0	33.0	40.0
35	37.04650368584548	40.0	37.0	40.0	33.0	40.0
36	37.01623121329305	40.0	37.0	40.0	33.0	40.0
37	36.99805035580783	40.0	37.0	40.0	33.0	40.0
38	36.94879788360167	40.0	37.0	40.0	33.0	40.0
39	36.917734627483924	40.0	37.0	40.0	33.0	40.0
40	36.89135577140653	40.0	37.0	40.0	33.0	40.0
41	36.80036371864703	40.0	37.0	40.0	33.0	40.0
42	36.78828852226463	40.0	37.0	40.0	33.0	40.0
43	36.75371136907353	40.0	37.0	40.0	33.0	40.0
44	36.729692624308846	40.0	37.0	40.0	33.0	40.0
45	36.68038313448813	40.0	37.0	40.0	33.0	40.0
46	36.61920920449382	40.0	37.0	40.0	33.0	40.0
47	36.53467656086466	40.0	37.0	40.0	33.0	40.0
48	36.46799938623971	40.0	37.0	40.0	33.0	40.0
49	36.389449114316434	40.0	37.0	40.0	33.0	40.0
50	36.276310643905	40.0	37.0	40.0	33.0	40.0
51	34.78575705958669	37.0	33.0	37.0	27.0	40.0
52	35.27867463599776	37.0	37.0	40.0	33.0	40.0
53	35.77500700033016	37.0	37.0	40.0	33.0	40.0
54	35.97079384639634	37.0	37.0	40.0	33.0	40.0
55	36.02303392219693	37.0	37.0	40.0	33.0	40.0
56	35.981549876083704	37.0	37.0	40.0	33.0	40.0
57	36.19451812951178	37.0	37.0	40.0	33.0	40.0
58	36.23914112964134	40.0	37.0	40.0	33.0	40.0
59	36.224278339097786	40.0	37.0	40.0	33.0	40.0
60	36.17069909565884	37.0	37.0	40.0	33.0	40.0
61	36.100716391997	37.0	37.0	40.0	33.0	40.0
62	36.00771409517225	37.0	37.0	40.0	33.0	40.0
63	35.912732899044194	37.0	37.0	40.0	33.0	40.0
64	35.80660490853001	37.0	37.0	40.0	33.0	40.0
65	35.72187464363991	37.0	37.0	40.0	33.0	40.0
66	35.77834118743511	37.0	37.0	40.0	33.0	40.0
67	35.71618094226534	37.0	37.0	40.0	33.0	40.0
68	35.61541230899845	37.0	37.0	40.0	33.0	40.0
69	35.484547330889036	37.0	37.0	40.0	33.0	40.0
70	35.35442895515669	37.0	37.0	40.0	33.0	40.0
71	35.20373289247672	37.0	37.0	40.0	27.0	40.0
72	35.07290224434466	37.0	37.0	40.0	27.0	40.0
73	34.90459550032509	37.0	37.0	37.0	27.0	40.0
74	34.74922459029411	37.0	37.0	37.0	27.0	40.0
75	34.56825904027713	37.0	33.0	37.0	27.0	40.0
76	34.371072128177985	37.0	33.0	37.0	27.0	40.0
77	34.193497782880506	37.0	33.0	37.0	27.0	40.0
78	34.01947703802149	37.0	33.0	37.0	27.0	40.0
79	33.880265397591884	37.0	33.0	37.0	27.0	37.0
80	33.798214065021575	37.0	33.0	37.0	27.0	37.0
81	33.68485916649203	37.0	33.0	37.0	27.0	37.0
82	33.58095157920881	37.0	33.0	37.0	27.0	37.0
83	33.48054953039576	37.0	33.0	37.0	27.0	37.0
84	33.39682796979678	37.0	33.0	37.0	27.0	37.0
85	33.31459901690886	37.0	33.0	37.0	27.0	37.0
86	33.2057320912449	37.0	33.0	37.0	27.0	37.0
87	33.13682227400576	37.0	33.0	37.0	27.0	37.0
88	33.07665615273795	37.0	33.0	37.0	27.0	37.0
89	33.01042765599094	37.0	33.0	37.0	27.0	37.0
90	32.92142345818101	37.0	33.0	37.0	27.0	37.0
91	32.85528630902592	37.0	33.0	37.0	27.0	37.0
92	32.771446832417766	37.0	33.0	37.0	27.0	37.0
93	32.69481127766623	37.0	33.0	37.0	27.0	37.0
94	32.64404530124107	37.0	33.0	37.0	27.0	37.0
95	32.56664732247073	37.0	33.0	37.0	27.0	37.0
96	32.47845928255721	37.0	33.0	37.0	27.0	37.0
97	32.395665526911415	37.0	33.0	37.0	27.0	37.0
98	32.311998297233124	37.0	33.0	37.0	27.0	37.0
99	32.2266229272903	37.0	33.0	37.0	27.0	37.0
100	32.11640071382471	37.0	33.0	37.0	22.0	37.0
101	31.346659932020675	33.0	33.0	37.0	22.0	37.0
>>END_MODULE
>>Per sequence quality scores	pass
#Quality	Count
2	29384.0
3	6674.0
4	5044.0
5	5569.0
6	4433.0
7	4039.0
8	4637.0
9	5362.0
10	6040.0
11	6181.0
12	5600.0
13	5135.0
14	5422.0
15	5962.0
16	6498.0
17	6942.0
18	7249.0
19	7479.0
20	8035.0
21	8424.0
22	9519.0
23	10731.0
24	13023.0
25	15436.0
26	18855.0
27	23071.0
28	28508.0
29	34748.0
30	43485.0
31	56001.0
32	74298.0
33	101670.0
34	143629.0
35	214367.0
36	380716.0
37	956590.0
38	1077459.0
39	3627.0
>>END_MODULE
>>Per base sequence content	fail
#Base	G	A	T	C
1	1185923	921312	508485	720999
2	413623	766717	1535291	621760
3	443780	1110053	1106080	677306
4	342789	677320	1569887	748708
5	329583	1354034	1339134	318211
6	751383	1540960	710892	342077
7	690040	1161282	1043584	452230
8	622884	1392014	831174	502409
9	714609	626164	929467	1078921
10	435290	1015118	1248129	650713
11	906785	970525	974712	497335
12	586204	966113	1207928	589096
13	753811	870249	1055228	670290
14	588631	819968	1074571	866469
15	658527	1140887	893126	657101
16	625095	1139135	981751	603746
17	592167	1091522	1069729	596248
18	602665	1097790	1061120	588044
19	625097	1072863	1060038	591586
20	623870	1062445	1051680	611111
21	617940	1055922	1055976	617955
22	627019	1042021	1057474	619710
23	618164	1049987	1048507	628652
24	620152	1058518	1046890	617466
25	628287	1044457	1050210	618237
26	620741	1048743	1046917	622958
27	624218	1059207	1036070	618520
28	631902	1049726	1039632	616144
29	622765	1048537	1041286	625443
30	624558	1056752	1041966	615709
31	632650	1045500	1039999	622510
32	624203	1050736	1040091	626558
33	625498	1052826	1039843	626093
34	631681	1046919	1043978	623700
35	626211	1048067	1043270	630496
36	626169	1053696	1042468	626318
37	633709	1044911	1048419	622069
38	627731	1046547	1044626	630447
39	630826	1055944	1036989	625631
40	634211	1044685	1048738	621909
41	629459	1047309	1041763	631163
42	628767	1053994	1043295	623602
43	638584	1041565	1043944	625517
44	629668	1043350	1042930	633475
45	630592	1051796	1041134	625793
46	633037	1040267	1047405	628126
47	627011	1046781	1042651	631008
48	632671	1047683	1037878	627975
49	634177	1044062	1042790	623916
50	626747	1042490	1038776	635337
51	624474	1049431	1042578	625911
52	633232	1036402	1044134	627119
53	625286	1042479	1039494	631698
54	626157	1047034	1040799	623932
55	633437	1039101	1040037	625056
56	630313	1036568	1038184	632973
57	629483	1045737	1036183	627103
58	635686	1033350	1040012	630963
59	625287	1037692	1040818	636785
60	629215	1046210	1036616	629255
61	633064	1036456	1041861	630499
62	629583	1038631	1039541	635664
63	626141	1045489	1039880	633694
64	634488	1039448	1042869	630427
65	628768	1043926	1038928	636268
66	628560	1044676	1040940	633917
67	635171	1040369	1041660	631126
68	635054	1038092	1036515	638718
69	635723	1044297	1035958	632330
70	636481	1040480	1039823	631699
71	626425	1040018	1042380	638294
72	628192	1045224	1038095	634401
73	637951	1036681	1037697	631939
74	628365	1035859	1038178	639261
75	629620	1042346	1034992	631626
76	634981	1034480	1035388	631298
77	629665	1033616	1031857	638722
78	627400	1039573	1031288	634647
79	634411	1033786	1036916	628674
80	632050	1035468	1031542	637966
81	629673	1042536	1031381	635289
82	638666	1032895	1034875	633239
83	630973	1037177	1033834	639737
84	631657	1047490	1032569	632033
85	637773	1033308	1037836	635529
86	629183	1040048	1035018	640855
87	635219	1042155	1033238	634978
88	640851	1035597	1036833	633387
89	632883	1038785	1035408	640411
90	633501	1044524	1031999	637442
91	640280	1033693	1038428	635895
92	637323	1038239	1030985	641856
93	636219	1043347	1032874	636208
94	639890	1035165	1038649	635074
95	633832	1036472	1035687	642911
96	638179	1045743	1034330	630691
97	643356	1034873	1034345	635660
98	640606	1038051	1031247	638861
99	637902	1043669	1030724	636298
100	644157	1031998	1035413	635788
101	640231	1032840	1032290	639760
>>END_MODULE
>>Per base GC content	fail
#Base	%GC
1	57.149613137935795
2	31.023724819776888
3	33.593420150130996
4	32.69223626892351
5	19.38944531545106
6	32.686338374417694
7	34.12678779708981
8	33.6060739182931
9	53.551620838771264
10	32.4252593864298
11	41.922076386601965
12	35.090484964057104
13	42.51583333781151
14	43.4405020958975
15	39.27668666582478
16	36.6848104338055
17	35.478611897425
18	35.54759511454885
19	36.323406130432915
20	36.87494513461204
21	36.91670900799422
22	37.257786687322785
23	37.2705668532961
24	37.02089065415585
25	37.3077743834459
26	37.243644663541716
27	37.229850674727345
28	37.39571235607077
29	37.393541282270895
30	37.14503060061665
31	37.57222751558899
32	37.43013800624134
33	37.425050683858316
34	37.515741369963884
35	37.535558075102955
36	37.40273322003398
37	37.49589442920323
38	37.564829723728565
39	37.513009831640986
40	37.50123524313616
41	37.633945070803485
42	37.38796617445722
43	37.7387516755682
44	37.712256708095694
45	37.511700153613496
46	37.659753317198366
47	37.58140149026827
48	37.673879709175196
49	37.61176940129061
50	37.74908400257227
51	37.40986251172064
52	37.725041283946446
53	37.64600742088023
54	37.45111479537269
55	37.70617542802066
56	37.84516533364809
57	37.63917153361413
58	37.92349785674359
59	37.78000360416239
60	37.66412793119795
61	37.809945300250156
62	37.84290871111279
63	37.66093188935562
64	37.78988131088613
65	37.78606823999594
66	37.70734564422195
67	37.81880856284603
68	38.04145229676808
69	37.87145626985331
70	37.87326977619417
71	37.7853239071117
72	37.735391725783586
73	37.9721362043951
74	37.93398676048423
75	37.77787229556003
76	37.95633106095145
77	38.045598795390326
78	37.86624173244506
79	37.887393525741146
80	38.058318994218205
81	37.88582934571753
82	38.08469386991249
83	38.02561614210163
84	37.79260943330375
85	38.072135115950445
86	37.96707068001473
87	37.96630788590353
88	38.07482546819703
89	38.03730977894761
90	37.96731617289018
91	38.11416314447707
92	38.2026595962314
93	37.9982309278252
94	38.072514809879905
95	38.124226985441794
96	37.888671141909555
97	38.19971961338425
98	38.20713009124259
99	38.051802652636496
100	38.237492516481666
101	38.26441554730008
>>END_MODULE
>>Per sequence GC content	pass
#GC Content	Count
0	98.0
1	57.5
2	68.0
3	82.5
4	96.0
5	104.0
6	123.5
7	156.0
8	186.0
9	219.5
10	262.5
11	327.0
12	402.5
13	497.0
14	656.0
15	784.0
16	905.5
17	1171.5
18	1570.5
19	2157.5
20	3170.5
21	4885.5
22	7297.5
23	10856.5
24	17024.0
25	25645.0
26	36968.5
27	51611.5
28	69640.5
29	91071.5
30	114060.0
31	136979.0
32	158695.0
33	180189.0
34	196295.0
35	207077.0
36	213906.5
37	214221.0
38	209201.5
39	198182.0
40	184030.5
41	167192.0
42	149020.5
43	130519.5
44	110820.0
45	92266.5
46	76857.0
47	63254.5
48	51077.0
49	40622.5
50	31846.5
51	24929.5
52	18988.0
53	13963.5
54	10175.0
55	7432.0
56	5375.0
57	3965.5
58	2914.5
59	2067.5
60	1399.5
61	1059.0
62	839.0
63	600.5
64	425.5
65	300.5
66	208.0
67	138.5
68	100.0
69	74.5
70	51.5
71	42.5
72	34.5
73	26.0
74	26.0
75	31.5
76	34.5
77	30.0
78	22.0
79	14.5
80	11.0
81	14.0
82	10.0
83	5.5
84	6.5
85	5.5
86	3.0
87	4.5
88	5.5
89	2.5
90	3.0
91	4.5
92	5.0
93	3.5
94	1.0
95	0.5
96	1.0
97	0.5
98	1.5
99	2.5
100	1.5
>>END_MODULE
>>Per base N content	pass
#Base	N-Count
1	0.3917498198422493
2	0.3716891722057339
3	0.3768237427317468
4	0.33249329371355424
5	0.26508712948252483
6	0.1352302586211529
7	0.08077992932203966
8	0.04062878189478787
9	0.02032931702450444
10	0.01767247529883499
11	0.014478294797187449
12	0.014955929264723531
13	0.007880968714345333
14	0.006059987306864025
15	0.006000282998422015
16	0.0034329977354155806
17	0.0052539791428968885
18	0.006657030391284126
19	0.007701855789019303
20	0.02197118550665972
21	0.061167063998839345
22	0.10800509397159627
23	0.1352899629295949
24	0.20347228317037042
25	0.2582509861659147
26	0.31294013269879595
27	0.3530614279718267
28	0.3713010942008608
29	0.35258379350429064
30	0.32410483837745185
31	0.27413233221148936
32	0.2463996809401757
33	0.16663472486165018
34	0.10639307764366199
35	0.053674173289367084
36	0.03555391567721702
37	0.021911481198217706
38	0.01465740772251348
39	0.013493173707894282
40	0.008925794112080509
41	0.004418118824708748
42	0.00549279637666493
43	0.006925699779273172
44	0.012508052618601117
45	0.015732085274469662
46	0.030061119300552084
47	0.07137650074242308
48	0.10851258059335336
49	0.14618599922026174
50	0.1938001852027648
51	0.22233884463804562
52	0.2673260410491002
53	0.32494069869563996
54	0.3558376783143802
55	0.36452465519269267
56	0.3523748284247436
57	0.33840402024931326
58	0.29347652814670067
59	0.27643094808650676
60	0.2551165099727092
61	0.2376828519076422
62	0.19174038656151546
63	0.13845429127702144
64	0.07791412251682318
65	0.05827140503940186
66	0.05221141773253783
67	0.04525586579904366
68	0.043673701625330394
69	0.04579320457502174
70	0.04056907758634586
71	0.08134712025223877
72	0.11731896608854984
73	0.16639590762788217
74	0.24416076937360032
75	0.3360755522200749
76	0.40882525205666415
77	0.4770971287601027
78	0.5055163795784995
79	0.47927633601823605
80	0.38258520849640076
81	0.3272691667248784
82	0.30350685196495836
83	0.24242934442878203
84	0.18188917566858376
85	0.16108222417654325
86	0.14143950669912195
87	0.12693135974771347
88	0.09475073749747003
89	0.07030182319046689
90	0.070928718429108
91	0.04615143042567381
92	0.04295724992402627
93	0.035643472139880034
94	0.031762692091149375
95	0.02806102496774475
96	0.026837086644683542
97	0.04800226398737612
98	0.03215077009602244
99	0.037285340622035305
100	0.07421245539341856
101	0.14093202007736486
>>END_MODULE
>>Sequence Length Distribution	pass
#Length	Count
101	3349842.0
>>END_MODULE
>>Sequence Duplication Levels	warn
#Total Duplicate Percentage	42.475046491327944
#Duplication Level	Relative count
1	100.0
2	32.04901944613964
3	13.501789572646754
4	6.591730030183576
5	3.4043114681093205
6	2.0345049398802555
7	1.2510514770159495
8	0.8700456877072028
9	0.6952118623101157
10++	4.5399066453347405
>>END_MODULE
>>Overrepresented sequences	pass
>>END_MODULE
>>Kmer Content	warn
#Sequence	Count	Obs/Exp Overall	Obs/Exp Max	Max Obs/Exp Position
GTCTT	390375	1.129386	5.379743	1
ATACC	385070	1.1216079	5.6945224	6
GTCCA	220610	1.0628864	5.1224403	1
GTATT	595080	1.0383618	7.5011687	1
AATAC	575055	1.0102378	5.7121677	5
ATATA	945095	0.9991842	5.7227554	1
ATACA	549590	0.96550184	5.0308228	6
TACTG	313585	0.9092279	5.161974	7
TAATA	857005	0.90605265	5.1625066	4
TATTA	855620	0.9025971	6.2681603	2
ATACT	500375	0.87710744	6.1270213	6
TATAC	493720	0.865442	7.0424566	5
GTATA	463005	0.809685	8.565295	1
TATAA	730510	0.77231824	5.310689	2
GTCTA	254650	0.738348	5.096562	1
>>END_MODULE
