##FastQC	0.8.0
>>Basic Statistics	pass
#Measure	Value	
Filename	8_140619_BC47HDACXX_P1260_1016_1.fastq.gz	
File type	Conventional base calls	
Total Sequences	3919163	
Sequence length	101	
%GC	37	
>>END_MODULE
>>Per base sequence quality	pass
#Base	Mean	Median	Lower Quartile	Upper Quartile	10th Percentile	90th Percentile
1	32.71821483311615	33.0	33.0	33.0	33.0	33.0
2	32.78045643929584	33.0	33.0	33.0	33.0	33.0
3	32.776225689005535	33.0	33.0	33.0	33.0	33.0
4	36.72999285816895	37.0	37.0	37.0	37.0	37.0
5	36.642468812856215	37.0	37.0	37.0	37.0	37.0
6	36.62402252725901	37.0	37.0	37.0	37.0	37.0
7	36.59514927039268	37.0	37.0	37.0	37.0	37.0
8	36.5880265760827	37.0	37.0	37.0	37.0	37.0
9	36.55187804130627	37.0	37.0	37.0	37.0	37.0
10	36.55647876855339	37.0	37.0	37.0	37.0	37.0
11	36.580798502129156	37.0	37.0	37.0	37.0	37.0
12	36.545043673866076	37.0	37.0	37.0	37.0	37.0
13	36.55303543128979	37.0	37.0	37.0	37.0	37.0
14	38.674131440820396	40.0	37.0	40.0	37.0	40.0
15	38.692023271295426	40.0	37.0	40.0	37.0	40.0
16	38.67218561718408	40.0	37.0	40.0	37.0	40.0
17	38.662615461515635	40.0	37.0	40.0	37.0	40.0
18	38.66365165215124	40.0	37.0	40.0	37.0	40.0
19	38.70045236699775	40.0	37.0	40.0	37.0	40.0
20	38.67737039770992	40.0	37.0	40.0	37.0	40.0
21	38.65167001219393	40.0	37.0	40.0	37.0	40.0
22	38.61646504623564	40.0	37.0	40.0	37.0	40.0
23	38.59455909335743	40.0	37.0	40.0	37.0	40.0
24	38.58456563301909	40.0	37.0	40.0	37.0	40.0
25	38.550669875174876	40.0	37.0	40.0	37.0	40.0
26	38.50151065418815	40.0	37.0	40.0	37.0	40.0
27	38.47555919465457	40.0	37.0	40.0	37.0	40.0
28	38.46948085598889	40.0	37.0	40.0	37.0	40.0
29	38.4431430894811	40.0	37.0	40.0	37.0	40.0
30	38.4316500742633	40.0	37.0	40.0	37.0	40.0
31	38.4045062683027	40.0	37.0	40.0	37.0	40.0
32	38.38760572091541	40.0	37.0	40.0	37.0	40.0
33	38.35493777625478	40.0	37.0	40.0	37.0	40.0
34	38.33798568725006	40.0	37.0	40.0	37.0	40.0
35	38.314545733361946	40.0	37.0	40.0	37.0	40.0
36	38.265586044775375	40.0	37.0	40.0	37.0	40.0
37	38.36308441368731	40.0	37.0	40.0	37.0	40.0
38	38.38162332110198	40.0	37.0	40.0	37.0	40.0
39	38.36589088027214	40.0	37.0	40.0	37.0	40.0
40	38.34001290581688	40.0	37.0	40.0	37.0	40.0
41	38.329894418782786	40.0	37.0	40.0	37.0	40.0
42	38.32519596658776	40.0	37.0	40.0	37.0	40.0
43	38.28702863340973	40.0	37.0	40.0	37.0	40.0
44	38.25707529898603	40.0	37.0	40.0	37.0	40.0
45	38.23991168522463	40.0	37.0	40.0	37.0	40.0
46	38.20120163412443	40.0	37.0	40.0	37.0	40.0
47	38.17657494725277	40.0	37.0	40.0	37.0	40.0
48	38.14112783775516	40.0	37.0	40.0	37.0	40.0
49	38.105523806996544	40.0	37.0	40.0	37.0	40.0
50	38.15114732405873	40.0	37.0	40.0	37.0	40.0
51	38.14948217259655	40.0	37.0	40.0	37.0	40.0
52	38.1177828020932	40.0	37.0	40.0	37.0	40.0
53	38.08833289148729	40.0	37.0	40.0	37.0	40.0
54	38.03175729103383	40.0	37.0	40.0	37.0	40.0
55	37.98068005847167	40.0	37.0	40.0	33.0	40.0
56	37.91190414892159	40.0	37.0	40.0	33.0	40.0
57	37.84505314017304	40.0	37.0	40.0	33.0	40.0
58	37.76879348983444	40.0	37.0	40.0	33.0	40.0
59	37.70314988174771	40.0	37.0	40.0	33.0	40.0
60	37.623742365397916	40.0	37.0	40.0	33.0	40.0
61	37.57019190066859	40.0	37.0	40.0	33.0	40.0
62	37.45289695784533	40.0	37.0	40.0	33.0	40.0
63	37.35259135687901	37.0	37.0	40.0	33.0	40.0
64	37.25674742285534	37.0	37.0	40.0	33.0	40.0
65	37.14328722740034	37.0	37.0	40.0	33.0	40.0
66	37.0472738694461	37.0	37.0	40.0	33.0	40.0
67	36.92973729339658	37.0	37.0	40.0	33.0	40.0
68	36.81309733736515	37.0	37.0	40.0	33.0	40.0
69	36.66345926413369	37.0	37.0	40.0	33.0	40.0
70	36.54765800758989	37.0	37.0	40.0	33.0	40.0
71	36.42530841406698	37.0	37.0	40.0	33.0	40.0
72	36.281959693944856	37.0	37.0	40.0	33.0	40.0
73	36.14986796925772	37.0	37.0	37.0	33.0	40.0
74	35.975752730876465	37.0	37.0	37.0	33.0	40.0
75	35.840118923351746	37.0	37.0	37.0	33.0	40.0
76	34.23167370175724	37.0	33.0	37.0	27.0	37.0
77	34.8553642703812	37.0	33.0	37.0	33.0	37.0
78	35.28076224438738	37.0	33.0	37.0	33.0	37.0
79	35.4082055275578	37.0	33.0	37.0	33.0	37.0
80	35.38312823426839	37.0	33.0	37.0	33.0	37.0
81	35.31104345494178	37.0	33.0	37.0	33.0	37.0
82	35.21876533331224	37.0	33.0	37.0	33.0	37.0
83	35.127695888127136	37.0	33.0	37.0	33.0	37.0
84	35.05606401162697	37.0	33.0	37.0	33.0	37.0
85	34.9729888754308	37.0	33.0	37.0	33.0	37.0
86	34.89198203800148	37.0	33.0	37.0	33.0	37.0
87	34.80459475658451	37.0	33.0	37.0	33.0	37.0
88	34.70760414915124	37.0	33.0	37.0	33.0	37.0
89	34.64812818451286	37.0	33.0	37.0	33.0	37.0
90	34.589075014231355	37.0	33.0	37.0	33.0	37.0
91	34.50054412128304	37.0	33.0	37.0	33.0	37.0
92	34.43714538027635	37.0	33.0	37.0	33.0	37.0
93	34.40144796223071	37.0	33.0	37.0	33.0	37.0
94	34.34134201613967	37.0	33.0	37.0	33.0	37.0
95	34.27112983052759	37.0	33.0	37.0	33.0	37.0
96	34.196412601364116	37.0	33.0	37.0	33.0	37.0
97	34.09172570775954	37.0	33.0	37.0	33.0	37.0
98	34.00562416005663	37.0	33.0	37.0	33.0	37.0
99	33.92498270676673	37.0	33.0	37.0	33.0	37.0
100	33.84263986978852	37.0	33.0	37.0	33.0	37.0
101	32.84148401074413	33.0	33.0	37.0	27.0	37.0
>>END_MODULE
>>Per sequence quality scores	pass
#Quality	Count
2	1.0
3	0.0
4	1.0
5	4.0
6	6.0
7	18.0
8	52.0
9	140.0
10	268.0
11	403.0
12	538.0
13	716.0
14	831.0
15	1055.0
16	1254.0
17	1515.0
18	1885.0
19	2151.0
20	2512.0
21	3121.0
22	3734.0
23	4889.0
24	6317.0
25	8612.0
26	11682.0
27	16305.0
28	22058.0
29	30021.0
30	41080.0
31	55632.0
32	76317.0
33	107627.0
34	156386.0
35	238615.0
36	436181.0
37	1214383.0
38	1469821.0
39	3032.0
>>END_MODULE
>>Per base sequence content	fail
#Base	G	A	T	C
1	1298609	1120740	633607	864657
2	464305	926085	1782904	745869
3	495700	1301749	1322552	798821
4	392038	819885	1821791	885203
5	381377	1588370	1577314	372102
6	880749	1816947	822960	398498
7	798754	1368942	1223609	527858
8	725492	1630291	973970	589408
9	841991	715615	1089116	1272441
10	502695	1187075	1472058	757335
11	1060183	1138032	1140703	580245
12	675389	1130017	1420644	693113
13	876496	1021390	1236201	785076
14	686538	959778	1259499	1013348
15	764585	1342480	1045715	766383
16	723148	1337760	1153792	704462
17	686130	1281696	1256216	695121
18	699083	1286023	1247544	686513
19	726522	1257086	1243983	691572
20	723574	1245925	1235731	713933
21	720403	1233582	1240043	725135
22	727054	1225716	1241771	724622
23	721243	1231612	1235179	731116
24	721112	1245606	1230888	721535
25	730496	1230869	1234352	723429
26	725260	1232436	1231048	730415
27	727687	1244717	1225099	721625
28	733200	1234821	1228350	722740
29	728226	1234827	1226292	729771
30	732379	1241672	1223874	721192
31	736818	1228484	1226260	727547
32	729430	1232720	1224353	732604
33	728895	1235582	1222518	732025
34	736555	1226647	1228555	727301
35	728440	1229869	1224896	735934
36	728861	1235497	1224937	729867
37	733495	1228347	1231345	725976
38	729042	1228186	1229260	732674
39	731965	1234194	1223871	729105
40	737704	1225449	1230507	725503
41	730568	1226688	1226508	735399
42	733563	1229586	1228022	727992
43	740011	1221183	1226957	731011
44	734391	1221444	1222216	741112
45	734674	1233124	1219428	731937
46	738176	1220268	1227192	733527
47	729357	1225628	1226458	737717
48	733710	1229766	1223088	732599
49	735574	1222369	1229720	731500
50	727882	1223928	1227310	740042
51	729694	1229145	1227540	732784
52	736698	1216811	1231008	734646
53	732702	1220446	1223246	742769
54	733437	1228536	1222738	734452
55	739068	1222717	1223888	733490
56	734492	1217215	1223532	743924
57	732681	1228394	1220197	737891
58	739892	1216436	1223365	739470
59	727938	1218627	1228917	743681
60	730909	1228272	1224571	735411
61	736047	1215640	1231246	736230
62	733261	1218477	1222675	744750
63	730934	1224523	1220748	742958
64	736421	1219629	1223837	739276
65	733058	1222961	1217254	745889
66	734686	1225493	1216916	741847
67	738317	1219806	1222684	738222
68	735641	1217551	1218182	747578
69	739156	1223669	1216982	739051
70	739227	1216670	1221910	741335
71	727362	1217820	1226158	747721
72	730634	1223113	1220429	744820
73	740150	1212551	1224360	742053
74	732226	1216721	1218909	751050
75	734668	1223997	1217766	742659
76	741112	1216030	1218871	743104
77	737021	1215820	1214251	752071
78	731609	1224650	1214371	748322
79	736832	1216178	1221279	744864
80	733536	1214580	1217295	753535
81	733743	1222238	1216059	747059
82	738440	1215928	1221655	742945
83	732162	1216569	1217954	752476
84	729669	1226245	1217311	745825
85	740006	1210487	1219711	748492
86	733907	1216242	1215259	753622
87	736254	1221144	1213875	747483
88	743479	1209540	1218542	746599
89	730106	1214802	1216504	756462
90	732382	1219637	1214813	750986
91	737122	1209190	1223495	747501
92	735334	1212800	1213573	756082
93	731988	1216998	1216455	752819
94	735629	1210142	1221942	750078
95	730830	1211537	1218803	756364
96	737596	1220112	1214513	745851
97	743419	1208168	1212944	753331
98	737728	1212504	1210814	757171
99	734278	1219424	1211121	753097
100	739710	1209748	1217875	750877
101	733126	1209416	1219724	756388
>>END_MODULE
>>Per base GC content	fail
#Base	%GC
1	55.21898155841325
2	30.87837887834724
3	33.03342177827929
4	32.59168285523781
5	19.225508099561054
6	32.64089647918913
7	33.849370388524285
8	33.55054819130932
9	53.95111150008305
10	32.15048723413647
11	41.856590297469126
12	34.91822105893529
13	42.39609324746126
14	43.37369994562614
15	39.06364700830254
16	36.426409523260325
17	35.24352010875791
18	35.3543856175413
19	36.18359328254528
20	36.67892863858941
21	36.88384484136026
22	37.040459914527666
23	37.058010027684574
24	36.8102857233256
25	37.09800553487928
26	37.14253491629199
27	36.980471166034896
28	37.14975156355612
29	37.20219049397874
30	37.08924739935042
31	37.36474285354146
32	37.30528408640029
33	37.277686768630936
34	37.35224127838884
35	37.36468647833108
36	37.22040579082977
37	37.2393544233807
38	37.29664657903909
39	37.2804202968257
40	37.334680899977876
41	37.405104100033604
42	37.29252904255322
43	37.53409529894401
44	37.648421359356576
45	37.42153618004661
46	37.55146188101898
47	37.43337858112453
48	37.41383045308398
49	37.43334992701248
50	37.45504778827719
51	37.316079989528376
52	37.5423017618813
53	37.64760485848637
54	37.45414518355067
55	37.57327776364494
56	37.722748454198005
57	37.52260367838745
58	37.74688626117362
59	37.54931856623468
60	37.41411112525812
61	37.5661078653784
62	37.71241461505939
63	37.607315643671875
64	37.65337139588223
65	37.73630689417789
66	37.676827061997855
67	37.6761437590791
68	37.84733775764541
69	37.72035118394185
70	37.777707467603875
71	37.63868436852603
72	37.64877534960485
73	37.81984907813348
74	37.849236496103764
75	37.6956640444593
76	37.871183738581934
77	37.995153557022256
78	37.76343777622181
79	37.806536259237646
80	37.945687437387505
81	37.784245817724944
82	37.80038520345152
83	37.88152617358664
84	37.64927724831273
85	37.98452342309789
86	37.95656067955591
87	37.862449205819395
88	38.030044714866165
89	37.943231456652256
90	37.862095686935945
91	37.89906231524302
92	38.06779793398777
93	37.894550131946325
94	37.92205862946748
95	37.962503962952205
96	37.861657468265
97	38.20323431504223
98	38.1525321338762
99	37.96338363213134
100	38.04255004198346
101	38.010857809850016
>>END_MODULE
>>Per sequence GC content	pass
#GC Content	Count
0	0.0
1	0.0
2	0.0
3	0.0
4	0.0
5	4.0
6	4.5
7	2.0
8	7.0
9	22.0
10	38.0
11	49.5
12	84.0
13	148.0
14	290.0
15	422.0
16	556.5
17	813.0
18	1228.5
19	2005.5
20	3230.5
21	5245.5
22	8297.5
23	12748.5
24	20173.0
25	30895.5
26	45047.0
27	62928.5
28	84176.0
29	108871.0
30	136359.0
31	163726.0
32	189927.5
33	215203.0
34	234225.0
35	246744.5
36	253572.0
37	253626.0
38	246942.0
39	233134.5
40	214384.5
41	192995.5
42	171895.5
43	149142.0
44	125340.5
45	104399.0
46	86890.0
47	71355.5
48	57298.5
49	45039.0
50	35357.5
51	27639.0
52	20803.5
53	15279.0
54	11173.5
55	8254.0
56	5840.0
57	4336.0
58	3236.5
59	2237.5
60	1550.5
61	1179.0
62	884.0
63	623.5
64	448.0
65	317.5
66	204.0
67	120.5
68	71.0
69	46.0
70	25.5
71	18.5
72	13.5
73	7.0
74	4.5
75	2.0
76	0.5
77	2.0
78	2.0
79	0.0
80	0.0
81	0.0
82	0.0
83	0.0
84	0.0
85	0.0
86	0.0
87	0.0
88	0.0
89	0.0
90	0.0
91	0.0
92	0.0
93	0.0
94	0.0
95	0.0
96	0.0
97	0.0
98	0.0
99	0.0
100	0.0
>>END_MODULE
>>Per base N content	pass
#Base	N-Count
1	0.03954926090086072
2	0.0
3	0.008700837398189358
4	0.006276850439749508
5	0.0
6	2.296408697469332E-4
7	0.0
8	5.103130438820738E-5
9	0.0
10	0.0
11	0.0
12	0.0
13	0.0
14	0.0
15	0.0
16	2.551565219410369E-5
17	0.0
18	0.0
19	0.0
20	0.0
21	0.0
22	0.0
23	3.3170347852334793E-4
24	5.613443482702812E-4
25	4.337660872997627E-4
26	1.0206260877641476E-4
27	8.930478267936291E-4
28	0.0013268139140933917
29	0.0011992356531228734
30	0.0011737200009287697
31	0.0013778452184815993
32	0.0014288765228698066
33	0.0036487382637568275
34	0.0026791434803808876
35	6.123756526584885E-4
36	2.551565219410369E-5
37	0.0
38	2.551565219410369E-5
39	7.144382614349033E-4
40	0.0
41	0.0
42	0.0
43	2.551565219410369E-5
44	0.0
45	0.0
46	0.0
47	7.654695658231107E-5
48	0.0
49	0.0
50	2.551565219410369E-5
51	0.0
52	0.0
53	0.0
54	0.0
55	0.0
56	0.0
57	0.0
58	0.0
59	0.0
60	0.0
61	0.0
62	0.0
63	0.0
64	0.0
65	2.551565219410369E-5
66	0.0056389591348969155
67	0.003419097394009894
68	0.005383802612955879
69	0.0077822739192016255
70	5.358286960761775E-4
71	0.0026025965237985766
72	0.004261113916415316
73	0.001250266957511081
74	0.006557522613884648
75	0.0018626426101695692
76	0.0011737200009287697
77	0.0
78	0.005383802612955879
79	2.5515652194103687E-4
80	0.005536896526120501
81	0.0016330017404226362
82	0.004975552177850219
83	5.103130438820738E-5
84	0.002883268697933717
85	0.011915809574646424
86	0.0033935817418157908
87	0.010384870443000202
88	0.025592199150686
89	0.032889675678199656
90	0.03431855220106946
91	0.047331534820062346
92	0.03505850611469847
93	0.02304063393127563
94	0.03500747481031026
95	0.041564997424194915
96	0.027837576543767128
97	0.033195863504528904
98	0.02413780697562209
99	0.03171595567727088
100	0.024316416540980816
101	0.01298746696679878
>>END_MODULE
>>Sequence Length Distribution	pass
#Length	Count
101	3919163.0
>>END_MODULE
>>Sequence Duplication Levels	warn
#Total Duplicate Percentage	46.78228056251278
#Duplication Level	Relative count
1	100.0
2	38.04799199835681
3	17.217821516918654
4	8.455307786420425
5	4.49288693213785
6	2.5326629575716444
7	1.5110245854059317
8	0.9430508050760424
9	0.6831760093590649
10++	4.724184430731311
>>END_MODULE
>>Overrepresented sequences	pass
>>END_MODULE
>>Kmer Content	warn
#Sequence	Count	Obs/Exp Overall	Obs/Exp Max	Max Obs/Exp Position
ATACC	449460	1.1061834	5.8772006	6
GTATT	691045	1.0263702	6.7114015	1
AATAC	676550	1.0041295	5.7384777	5
ATACA	660780	0.98072386	5.036752	6
ATATA	1084785	0.9669578	5.5442543	1
TAATA	1003510	0.89451075	5.0278234	4
TACTG	359695	0.88952494	5.0591607	7
TATTA	994470	0.88282734	5.9515285	2
TATAC	585605	0.8655952	6.9552126	5
ATACT	584790	0.86439055	6.0158367	6
GTATA	531230	0.79224604	7.6402106	1
TATAA	849045	0.7568234	5.059485	2
>>END_MODULE
