##FastQC	0.8.0
>>Basic Statistics	pass
#Measure	Value	
Filename	8_140619_BC47HDACXX_P1260_1015_1.fastq.gz	
File type	Conventional base calls	
Total Sequences	3181425	
Sequence length	101	
%GC	38	
>>END_MODULE
>>Per base sequence quality	pass
#Base	Mean	Median	Lower Quartile	Upper Quartile	10th Percentile	90th Percentile
1	32.728922102516954	33.0	33.0	33.0	33.0	33.0
2	32.78608453758929	33.0	33.0	33.0	33.0	33.0
3	32.78195179832937	33.0	33.0	33.0	33.0	33.0
4	36.7388374706303	37.0	37.0	37.0	37.0	37.0
5	36.654473074172735	37.0	37.0	37.0	37.0	37.0
6	36.63321624743629	37.0	37.0	37.0	37.0	37.0
7	36.6030863528136	37.0	37.0	37.0	37.0	37.0
8	36.59316532685825	37.0	37.0	37.0	37.0	37.0
9	36.559852267458766	37.0	37.0	37.0	37.0	37.0
10	36.56190700708016	37.0	37.0	37.0	37.0	37.0
11	36.58702405368663	37.0	37.0	37.0	37.0	37.0
12	36.551603762464936	37.0	37.0	37.0	37.0	37.0
13	36.55930565705619	37.0	37.0	37.0	37.0	37.0
14	38.69760248945048	40.0	37.0	40.0	37.0	40.0
15	38.71359532285061	40.0	37.0	40.0	37.0	40.0
16	38.69735951656883	40.0	37.0	40.0	37.0	40.0
17	38.68697674784098	40.0	37.0	40.0	37.0	40.0
18	38.687105620908866	40.0	37.0	40.0	37.0	40.0
19	38.721358510730255	40.0	37.0	40.0	37.0	40.0
20	38.69715363398477	40.0	37.0	40.0	37.0	40.0
21	38.673380010529876	40.0	37.0	40.0	37.0	40.0
22	38.636411985195316	40.0	37.0	40.0	37.0	40.0
23	38.616121392143455	40.0	37.0	40.0	37.0	40.0
24	38.613737869036676	40.0	37.0	40.0	37.0	40.0
25	38.57532175047345	40.0	37.0	40.0	37.0	40.0
26	38.52711473632099	40.0	37.0	40.0	37.0	40.0
27	38.50317797842162	40.0	37.0	40.0	37.0	40.0
28	38.49703921984645	40.0	37.0	40.0	37.0	40.0
29	38.46987592038159	40.0	37.0	40.0	37.0	40.0
30	38.45744249825157	40.0	37.0	40.0	37.0	40.0
31	38.4287965298569	40.0	37.0	40.0	37.0	40.0
32	38.41517024603755	40.0	37.0	40.0	37.0	40.0
33	38.38132723543695	40.0	37.0	40.0	37.0	40.0
34	38.36713045254878	40.0	37.0	40.0	37.0	40.0
35	38.34011991481805	40.0	37.0	40.0	37.0	40.0
36	38.29331698845643	40.0	37.0	40.0	37.0	40.0
37	38.387339321216125	40.0	37.0	40.0	37.0	40.0
38	38.40609349583913	40.0	37.0	40.0	37.0	40.0
39	38.39395773906347	40.0	37.0	40.0	37.0	40.0
40	38.36465828991725	40.0	37.0	40.0	37.0	40.0
41	38.35711890112135	40.0	37.0	40.0	37.0	40.0
42	38.353848982767154	40.0	37.0	40.0	37.0	40.0
43	38.312428550099405	40.0	37.0	40.0	37.0	40.0
44	38.28066165319	40.0	37.0	40.0	37.0	40.0
45	38.267039141265315	40.0	37.0	40.0	37.0	40.0
46	38.22421807837683	40.0	37.0	40.0	37.0	40.0
47	38.20119160439111	40.0	37.0	40.0	37.0	40.0
48	38.163367673291056	40.0	37.0	40.0	37.0	40.0
49	38.13101644703238	40.0	37.0	40.0	37.0	40.0
50	38.171564314733175	40.0	37.0	40.0	37.0	40.0
51	38.171195926353754	40.0	37.0	40.0	37.0	40.0
52	38.13780900068365	40.0	37.0	40.0	37.0	40.0
53	38.10332665393652	40.0	37.0	40.0	37.0	40.0
54	38.04625285838893	40.0	37.0	40.0	37.0	40.0
55	37.99390870443276	40.0	37.0	40.0	33.0	40.0
56	37.92561635116339	40.0	37.0	40.0	33.0	40.0
57	37.85671389393118	40.0	37.0	40.0	33.0	40.0
58	37.7815808953535	40.0	37.0	40.0	33.0	40.0
59	37.71929874191596	40.0	37.0	40.0	33.0	40.0
60	37.6362925418641	40.0	37.0	40.0	33.0	40.0
61	37.579928176839	40.0	37.0	40.0	33.0	40.0
62	37.46371830233307	40.0	37.0	40.0	33.0	40.0
63	37.35927453892517	37.0	37.0	40.0	33.0	40.0
64	37.26171636923706	37.0	37.0	40.0	33.0	40.0
65	37.14636082887385	37.0	37.0	40.0	33.0	40.0
66	37.04842106917498	37.0	37.0	40.0	33.0	40.0
67	36.92695694539397	37.0	37.0	40.0	33.0	40.0
68	36.80870270397699	37.0	37.0	40.0	33.0	40.0
69	36.658744744886334	37.0	37.0	40.0	33.0	40.0
70	36.54519562774543	37.0	37.0	40.0	33.0	40.0
71	36.41969243342213	37.0	37.0	40.0	33.0	40.0
72	36.274980865492665	37.0	37.0	37.0	33.0	40.0
73	36.144392214180755	37.0	37.0	37.0	33.0	40.0
74	35.961925552228955	37.0	37.0	37.0	33.0	40.0
75	35.827429532363645	37.0	37.0	37.0	33.0	40.0
76	34.22250343792483	37.0	33.0	37.0	27.0	37.0
77	34.84734702216774	37.0	33.0	37.0	33.0	37.0
78	35.26848471989753	37.0	33.0	37.0	33.0	37.0
79	35.396435559537	37.0	33.0	37.0	33.0	37.0
80	35.37518501929167	37.0	33.0	37.0	33.0	37.0
81	35.30287748414626	37.0	33.0	37.0	33.0	37.0
82	35.21132699969353	37.0	33.0	37.0	33.0	37.0
83	35.12107624727913	37.0	33.0	37.0	33.0	37.0
84	35.056081472924866	37.0	33.0	37.0	33.0	37.0
85	34.977748021719826	37.0	33.0	37.0	33.0	37.0
86	34.898403074094155	37.0	33.0	37.0	33.0	37.0
87	34.814233558861204	37.0	33.0	37.0	33.0	37.0
88	34.72391836991285	37.0	33.0	37.0	33.0	37.0
89	34.665079013335216	37.0	33.0	37.0	33.0	37.0
90	34.605213387082834	37.0	33.0	37.0	33.0	37.0
91	34.51744108379107	37.0	33.0	37.0	33.0	37.0
92	34.45368474818674	37.0	33.0	37.0	33.0	37.0
93	34.42012651563372	37.0	33.0	37.0	33.0	37.0
94	34.36137076938793	37.0	33.0	37.0	33.0	37.0
95	34.29788538155072	37.0	33.0	37.0	33.0	37.0
96	34.22621215335895	37.0	33.0	37.0	33.0	37.0
97	34.125160266232896	37.0	33.0	37.0	33.0	37.0
98	34.03720062550587	37.0	33.0	37.0	33.0	37.0
99	33.96494904013139	37.0	33.0	37.0	33.0	37.0
100	33.88463817314568	37.0	33.0	37.0	33.0	37.0
101	32.87638935382729	33.0	33.0	37.0	27.0	37.0
>>END_MODULE
>>Per sequence quality scores	pass
#Quality	Count
4	1.0
5	1.0
6	8.0
7	17.0
8	41.0
9	113.0
10	193.0
11	320.0
12	408.0
13	645.0
14	670.0
15	839.0
16	1020.0
17	1272.0
18	1521.0
19	1780.0
20	2043.0
21	2477.0
22	2978.0
23	3833.0
24	5096.0
25	7028.0
26	9553.0
27	12908.0
28	17827.0
29	24253.0
30	32942.0
31	44447.0
32	61553.0
33	86473.0
34	124114.0
35	190866.0
36	350609.0
37	987322.0
38	1203996.0
39	2258.0
>>END_MODULE
>>Per base sequence content	fail
#Base	G	A	T	C
1	1073759	893131	506340	706918
2	385571	742955	1436951	615948
3	411368	1039133	1064941	665699
4	325131	654044	1465248	736772
5	315646	1285460	1273110	307209
6	732396	1462578	659429	327019
7	666710	1105456	974385	434874
8	599304	1315891	782620	483606
9	689344	575714	871419	1044948
10	415458	955907	1183797	626263
11	877050	914859	911289	478227
12	558632	914024	1137575	571194
13	719461	814072	999610	648282
14	563741	771668	1008611	837405
15	631831	1078654	841563	629377
16	594513	1081805	926319	578787
17	565625	1033204	1012046	570550
18	574174	1041454	1000167	565630
19	595505	1014995	1003255	567670
20	597363	1004574	993568	585920
21	592720	995415	1001734	591556
22	600400	985503	998201	597321
23	595127	991759	994909	599620
24	593852	1001156	990581	595829
25	603004	986689	994369	597348
26	598339	993334	988647	601102
27	599118	1001726	985117	595444
28	602077	995814	987704	595786
29	598602	992008	987648	603137
30	600797	1000355	988775	591466
31	604384	991573	987409	598025
32	598894	994086	987118	601284
33	601955	994112	983146	602079
34	605379	985175	990518	600264
35	601608	987321	987463	605019
36	601562	991219	983529	605114
37	605013	986833	991813	597766
38	601482	988742	990360	600841
39	604519	992914	983055	600920
40	607392	984850	993725	595458
41	601887	988044	986786	604708
42	604342	992565	986211	598307
43	609736	981446	987856	602387
44	604875	984116	983647	608787
45	603836	992315	980667	604607
46	607732	979462	990459	603772
47	600226	985803	986667	608724
48	606557	988221	983059	603588
49	607232	983839	989268	601086
50	602825	986025	982765	609809
51	600470	989860	988518	602577
52	607037	978291	991125	604972
53	599668	984127	985211	612419
54	602358	987704	986952	604411
55	607969	982828	986104	604524
56	606379	978452	985731	610863
57	602625	988207	982640	607953
58	610913	976932	983313	610267
59	597363	978881	987829	617352
60	601153	992709	982410	605153
61	606178	978119	989579	607549
62	603692	982726	983194	611813
63	600150	988702	981566	611007
64	605877	982410	985393	607745
65	602638	985646	977444	615697
66	604195	984946	980194	611907
67	605747	980926	985166	609482
68	603178	980257	977984	619806
69	606916	987348	976099	610811
70	608593	979939	983300	609572
71	599469	979817	984790	617268
72	601339	989088	977890	612961
73	614129	974285	981413	611560
74	602204	980366	981898	616755
75	606364	985675	977010	612306
76	609379	982283	977851	611868
77	606994	979698	974125	620608
78	601920	982180	980950	616214
79	606337	977343	983888	613851
80	604781	980547	977341	618598
81	603359	983788	978109	616111
82	607689	980428	978968	614202
83	607313	976679	977038	620393
84	601387	989557	975491	614885
85	609333	972924	981899	616926
86	600935	979361	978945	622096
87	609466	979232	976350	616066
88	611756	971399	981002	616427
89	601853	980366	977425	620695
90	602483	979412	977297	621106
91	608406	971082	982651	617721
92	604547	973159	977621	624974
93	605614	978156	976664	620247
94	604697	972111	984130	619354
95	598980	974340	980423	626317
96	606765	983308	976072	614375
97	612767	969426	976095	622055
98	607409	973105	976502	623623
99	607210	978157	975728	619275
100	610329	971335	978905	620088
101	607108	974261	976709	622966
>>END_MODULE
>>Per base GC content	fail
#Base	%GC
1	55.993526087465106
2	31.480201482040282
3	33.857883067742044
4	33.38063212094826
5	19.57786212153359
6	33.300046331483216
7	34.62549014985423
8	34.038563270940884
9	54.51305625623738
10	32.74384906134829
11	42.5996841038214
12	35.513205560401396
13	42.991521095106755
14	44.04145940891267
15	39.64286443967719
16	36.87971172657276
17	35.712770220891585
18	35.8268386021987
19	36.56144652160588
20	37.19349033844897
21	37.22470276684191
22	37.64731213214204
23	37.55395005052783
24	37.39467746772036
25	37.73018881565092
26	37.70141150718138
27	37.548253051717715
28	37.652296282652095
29	37.773963937203646
30	37.47613073895618
31	37.79507140115754
32	37.725051565640335
33	37.84732743803461
34	37.89738022013393
35	37.927416482812184
36	37.928801693832696
37	37.806297492475856
38	37.791964292730455
39	37.89011029078949
40	37.80852919682218
41	37.92624374297681
42	37.802211273250194
43	38.10000235743417
44	38.14837690657488
45	37.98433092089237
46	38.08054566742891
47	38.00032689805181
48	38.037828960292956
49	37.98040186394462
50	38.11607632305534
51	37.81472139057184
52	38.09641905749782
53	38.09887078903322
54	37.93171299024808
55	38.11163236599951
56	38.260905097558485
57	38.05143921355996
58	38.38468610764044
59	38.18147528230274
60	37.917159763313606
61	38.15042001618772
62	38.206306922212526
63	38.06963860534194
64	38.1471196083516
65	38.29526077150962
66	38.22727098409992
67	38.19888027646377
68	38.44380702402376
69	38.27916989136715
70	38.29017000041491
71	38.24600546184254
72	38.17019449416241
73	38.52687522769157
74	38.31730752606781
75	38.30663349421866
76	38.38732298960734
77	38.586545337388124
78	38.29088060594783
79	38.35357744453026
80	38.455715914445406
81	38.33163542590339
82	38.40870062965083
83	38.58983857223638
84	38.23167741692128
85	38.54848759007156
86	38.443930963616864
87	38.525246187341914
88	38.61501535567053
89	38.4408077252142
90	38.474036080895566
91	38.559150402847926
92	38.660523013387724
93	38.540834494248244
94	38.4886356347153
95	38.5306252083294
96	38.394350609334325
97	38.82669259259143
98	38.703920815911516
99	38.56422365951131
100	38.68436615453977
101	38.66887726167887
>>END_MODULE
>>Per sequence GC content	pass
#GC Content	Count
0	0.0
1	0.0
2	0.0
3	0.0
4	0.5
5	1.5
6	3.5
7	3.0
8	3.0
9	10.5
10	18.0
11	21.5
12	45.0
13	89.5
14	172.5
15	271.5
16	348.0
17	511.5
18	749.5
19	1221.5
20	1881.5
21	2980.0
22	4883.5
23	7620.0
24	12010.5
25	18802.5
26	28669.5
27	42117.0
28	59050.0
29	78120.5
30	99914.5
31	123196.5
32	145029.0
33	165725.5
34	184190.5
35	197792.5
36	204441.5
37	206005.0
38	201954.5
39	193239.0
40	179891.0
41	163214.0
42	147768.5
43	129728.5
44	110913.5
45	92845.0
46	77389.0
47	64596.5
48	52672.0
49	41966.0
50	32666.0
51	25794.5
52	20311.5
53	15219.0
54	11219.0
55	9223.0
56	7446.0
57	5500.0
58	3678.0
59	2361.5
60	1511.5
61	1234.0
62	1039.5
63	803.0
64	555.5
65	339.5
66	188.0
67	101.0
68	66.0
69	37.5
70	18.5
71	10.0
72	8.0
73	7.0
74	4.0
75	2.5
76	1.5
77	0.5
78	0.0
79	0.0
80	0.0
81	0.0
82	0.5
83	0.5
84	0.0
85	0.0
86	0.0
87	0.0
88	0.0
89	0.0
90	0.0
91	0.0
92	0.0
93	0.0
94	0.0
95	0.0
96	0.0
97	0.0
98	0.0
99	0.0
100	0.0
>>END_MODULE
>>Per base N content	pass
#Base	N-Count
1	0.04013924577822831
2	0.0
3	0.008926817385291183
4	0.007229464783862577
5	0.0
6	9.429736674603362E-5
7	0.0
8	1.257298223280448E-4
9	0.0
10	0.0
11	0.0
12	0.0
13	0.0
14	0.0
15	0.0
16	3.14324555820112E-5
17	0.0
18	0.0
19	0.0
20	0.0
21	0.0
22	0.0
23	3.1432455582011204E-4
24	2.2002718907407844E-4
25	4.714868337301681E-4
26	9.429736674603362E-5
27	6.286491116402241E-4
28	0.001383028045608493
29	9.429736674603362E-4
30	0.0010058385786243585
31	0.0010687034897883811
32	0.0013515955900264818
33	0.004180516592407491
34	0.0027974885467989975
35	4.400543781481569E-4
36	3.14324555820112E-5
37	0.0
38	0.0
39	5.343517448941906E-4
40	0.0
41	0.0
42	0.0
43	0.0
44	0.0
45	0.0
46	0.0
47	1.5716227791005602E-4
48	0.0
49	0.0
50	3.14324555820112E-5
51	0.0
52	0.0
53	0.0
54	0.0
55	0.0
56	0.0
57	0.0
58	0.0
59	0.0
60	0.0
61	0.0
62	0.0
63	0.0
64	0.0
65	0.0
66	0.005752139371508051
67	0.003268975380529166
68	0.00628649111640224
69	0.007889546351084811
70	6.600815672222353E-4
71	0.0025460289021429078
72	0.004620570970555647
73	0.001194433312116426
74	0.006349356027566264
75	0.0022002718907407843
76	0.001383028045608493
77	0.0
78	0.0050606253487038046
79	1.8859473349206723E-4
80	0.004966327981957771
81	0.0018230824237566497
82	0.0043376788703175465
83	6.28649111640224E-5
84	0.003300407836111177
85	0.010781332264629843
86	0.002766056091216986
87	0.009775493686005485
88	0.026434695144471426
89	0.034135646762064174
90	0.03542437744092663
91	0.04919179298584754
92	0.03533008007418059
93	0.023385746953016335
94	0.035612972174418694
95	0.0429053018694453
96	0.028446372301720143
97	0.03400991693973612
98	0.024705910087460807
99	0.03316124063902182
100	0.024140125886984606
101	0.01197576557674627
>>END_MODULE
>>Sequence Length Distribution	pass
#Length	Count
101	3181425.0
>>END_MODULE
>>Sequence Duplication Levels	warn
#Total Duplicate Percentage	44.62315195500654
#Duplication Level	Relative count
1	100.0
2	33.758463498022394
3	14.153315009720453
4	6.647616813032111
5	3.366125896628008
6	1.8401823422940269
7	1.0935509821009586
8	0.7876918951531809
9	0.558088087417041
10++	5.388985720989475
>>END_MODULE
>>Overrepresented sequences	pass
>>END_MODULE
>>Kmer Content	warn
#Sequence	Count	Obs/Exp Overall	Obs/Exp Max	Max Obs/Exp Position
TCCAA	565335	1.7100196	5.0932665	2
ACACC	239790	1.1794615	5.2650094	6
ATACC	366475	1.10851	5.881649	6
GTATT	548595	1.0252734	6.771133	1
AATAC	534540	0.9978815	5.570847	5
ATATA	830855	0.95382017	5.4034953	1
TATTA	760370	0.8697718	5.95184	2
TATAC	463445	0.862057	6.7499595	5
ATACT	461885	0.85915524	5.9553213	6
GTATA	413815	0.7761667	7.7309313	1
TATAA	642175	0.7372158	5.0800347	2
>>END_MODULE
