##FastQC	0.8.0
>>Basic Statistics	pass
#Measure	Value	
Filename	1_140716_AH9BY4ADXX_P1260_1015_1.fastq.gz	
File type	Conventional base calls	
Total Sequences	1923464	
Sequence length	101	
%GC	38	
>>END_MODULE
>>Per base sequence quality	pass
#Base	Mean	Median	Lower Quartile	Upper Quartile	10th Percentile	90th Percentile
1	32.76139714598246	33.0	33.0	33.0	33.0	33.0
2	32.771315189678624	33.0	33.0	33.0	33.0	33.0
3	32.783832190256746	33.0	33.0	33.0	33.0	33.0
4	36.728341159491414	37.0	37.0	37.0	37.0	37.0
5	36.66814507575915	37.0	37.0	37.0	37.0	37.0
6	36.65111330391419	37.0	37.0	37.0	37.0	37.0
7	36.604365873237036	37.0	37.0	37.0	37.0	37.0
8	36.59647074236898	37.0	37.0	37.0	37.0	37.0
9	36.575388985704954	37.0	37.0	37.0	37.0	37.0
10	36.568784235109156	37.0	37.0	37.0	37.0	37.0
11	36.585279474947285	37.0	37.0	37.0	37.0	37.0
12	36.569353000628034	37.0	37.0	37.0	37.0	37.0
13	36.56786246064392	37.0	37.0	37.0	37.0	37.0
14	38.721931369653916	40.0	37.0	40.0	37.0	40.0
15	38.74902727578993	40.0	37.0	40.0	37.0	40.0
16	38.762576268648644	40.0	37.0	40.0	37.0	40.0
17	38.74975304970616	40.0	37.0	40.0	37.0	40.0
18	38.75507573835539	40.0	37.0	40.0	37.0	40.0
19	38.79436371047235	40.0	37.0	40.0	37.0	40.0
20	38.78755048183901	40.0	37.0	40.0	37.0	40.0
21	38.76782825152953	40.0	37.0	40.0	37.0	40.0
22	38.77726019306834	40.0	37.0	40.0	37.0	40.0
23	38.771125427873876	40.0	37.0	40.0	37.0	40.0
24	38.76142626012236	40.0	37.0	40.0	37.0	40.0
25	38.74526323341638	40.0	37.0	40.0	37.0	40.0
26	38.70260945876814	40.0	37.0	40.0	37.0	40.0
27	38.69245018362704	40.0	37.0	40.0	37.0	40.0
28	38.70273319386274	40.0	37.0	40.0	37.0	40.0
29	38.69336623924337	40.0	37.0	40.0	37.0	40.0
30	38.67496714261353	40.0	37.0	40.0	37.0	40.0
31	38.66563346129691	40.0	37.0	40.0	37.0	40.0
32	38.65032202318317	40.0	37.0	40.0	37.0	40.0
33	38.626750487661845	40.0	37.0	40.0	37.0	40.0
34	38.6217454550748	40.0	37.0	40.0	37.0	40.0
35	38.60923833250843	40.0	37.0	40.0	37.0	40.0
36	38.604441258063574	40.0	37.0	40.0	37.0	40.0
37	38.57882341442315	40.0	37.0	40.0	37.0	40.0
38	38.57003874260189	40.0	37.0	40.0	37.0	40.0
39	38.54971031430794	40.0	37.0	40.0	37.0	40.0
40	38.549566303294476	40.0	37.0	40.0	37.0	40.0
41	38.53237492357538	40.0	37.0	40.0	37.0	40.0
42	38.50321451298283	40.0	37.0	40.0	37.0	40.0
43	38.50857255451623	40.0	37.0	40.0	37.0	40.0
44	38.48321673813495	40.0	37.0	40.0	37.0	40.0
45	38.45104977270175	40.0	37.0	40.0	37.0	40.0
46	38.45602049219533	40.0	37.0	40.0	37.0	40.0
47	38.42587591969488	40.0	37.0	40.0	37.0	40.0
48	38.40698188268665	40.0	37.0	40.0	37.0	40.0
49	38.39130859740551	40.0	37.0	40.0	37.0	40.0
50	38.35965372889745	40.0	37.0	40.0	37.0	40.0
51	38.312174285559806	40.0	37.0	40.0	37.0	40.0
52	38.277829998377925	40.0	37.0	40.0	37.0	40.0
53	38.24841327937513	40.0	37.0	40.0	37.0	40.0
54	38.19880642424293	40.0	37.0	40.0	37.0	40.0
55	38.135382310248595	40.0	37.0	40.0	37.0	40.0
56	38.0963256915648	40.0	37.0	40.0	37.0	40.0
57	38.04551735826613	40.0	37.0	40.0	37.0	40.0
58	37.9899691390117	40.0	37.0	40.0	33.0	40.0
59	37.92611611134911	40.0	37.0	40.0	33.0	40.0
60	37.87279772327426	40.0	37.0	40.0	33.0	40.0
61	37.76889143753145	40.0	37.0	40.0	33.0	40.0
62	37.68787094533612	40.0	37.0	40.0	33.0	40.0
63	37.60330060765369	40.0	37.0	40.0	33.0	40.0
64	37.515607778466354	37.0	37.0	40.0	33.0	40.0
65	37.40563899298349	37.0	37.0	40.0	33.0	40.0
66	37.35126105817421	37.0	37.0	40.0	33.0	40.0
67	37.264784264223294	37.0	37.0	40.0	33.0	40.0
68	37.16779934534777	37.0	37.0	40.0	33.0	40.0
69	37.05211223085018	37.0	37.0	40.0	33.0	40.0
70	36.92156234793061	37.0	37.0	40.0	33.0	40.0
71	36.785170920797064	37.0	37.0	40.0	33.0	40.0
72	36.64801576738634	37.0	37.0	40.0	33.0	40.0
73	36.53259379952003	37.0	37.0	37.0	33.0	40.0
74	36.496947694368075	37.0	37.0	37.0	33.0	40.0
75	36.41283382480774	37.0	37.0	37.0	33.0	40.0
76	36.265949869610246	37.0	37.0	37.0	33.0	40.0
77	36.157481502123254	37.0	37.0	37.0	33.0	40.0
78	36.046819176236205	37.0	37.0	37.0	33.0	40.0
79	35.96055086032283	37.0	37.0	37.0	33.0	37.0
80	35.868977012306964	37.0	37.0	37.0	33.0	37.0
81	35.782300058644196	37.0	37.0	37.0	33.0	37.0
82	35.691624589802565	37.0	37.0	37.0	33.0	37.0
83	35.630728726921845	37.0	37.0	37.0	33.0	37.0
84	35.55259625342611	37.0	37.0	37.0	33.0	37.0
85	35.49578520835326	37.0	37.0	37.0	33.0	37.0
86	35.44451260850216	37.0	37.0	37.0	33.0	37.0
87	35.39477058057754	37.0	33.0	37.0	33.0	37.0
88	35.35567756921887	37.0	33.0	37.0	33.0	37.0
89	35.314611035090856	37.0	33.0	37.0	33.0	37.0
90	35.27958256562119	37.0	33.0	37.0	33.0	37.0
91	35.24145967899581	37.0	33.0	37.0	33.0	37.0
92	35.20598253983438	37.0	33.0	37.0	33.0	37.0
93	35.15367482833055	37.0	33.0	37.0	33.0	37.0
94	35.134565554645164	37.0	33.0	37.0	33.0	37.0
95	35.10631444102931	37.0	33.0	37.0	33.0	37.0
96	35.086231403343135	37.0	33.0	37.0	33.0	37.0
97	35.06539971634509	37.0	33.0	37.0	33.0	37.0
98	35.026052996052954	37.0	33.0	37.0	33.0	37.0
99	34.99203988221251	37.0	33.0	37.0	33.0	37.0
100	34.95099882295691	37.0	33.0	37.0	33.0	37.0
101	34.5310252752326	37.0	33.0	37.0	33.0	37.0
>>END_MODULE
>>Per sequence quality scores	pass
#Quality	Count
3	1.0
4	0.0
5	1.0
6	3.0
7	9.0
8	32.0
9	68.0
10	131.0
11	162.0
12	238.0
13	289.0
14	327.0
15	335.0
16	397.0
17	446.0
18	479.0
19	655.0
20	725.0
21	940.0
22	1105.0
23	1564.0
24	2082.0
25	2931.0
26	4036.0
27	5930.0
28	8371.0
29	11519.0
30	16061.0
31	22173.0
32	30880.0
33	44894.0
34	65399.0
35	96943.0
36	164923.0
37	477663.0
38	957082.0
39	4670.0
>>END_MODULE
>>Per base sequence content	fail
#Base	G	A	T	C
1	644373	538195	303819	436489
2	228829	450851	864682	379102
3	246215	625569	641434	410246
4	194750	396264	881871	450579
5	191462	777010	767721	187013
6	443165	883826	398095	198378
7	404939	667555	586375	264595
8	362811	794957	470931	294765
9	416918	347045	526845	632656
10	251057	578046	714114	380247
11	531037	553155	549378	289894
12	337422	552670	686724	346648
13	432941	491834	603401	395288
14	340182	465809	608910	508563
15	382406	652489	506925	381644
16	360976	651233	560318	350937
17	341774	625740	609958	345985
18	348390	628152	604345	342404
19	360839	612261	605787	344577
20	361216	607271	599405	355572
21	358223	601613	604091	359537
22	363509	595259	602523	362173
23	359873	598663	601293	363635
24	361096	603185	598771	360412
25	365359	595996	598922	363187
26	362782	599791	597092	363797
27	362640	605235	593939	361642
28	365509	600465	596311	361166
29	362654	601282	594380	365125
30	363243	604792	597434	357976
31	366783	598471	595661	362496
32	361808	599447	596963	365167
33	364922	601328	593004	364129
34	366465	595745	597504	363654
35	363923	596992	596455	365948
36	364550	599897	592889	365943
37	365573	595811	599844	362017
38	364788	596240	598050	364153
39	366842	599971	592511	363939
40	368719	595279	598060	361191
41	364553	597651	595405	365597
42	366265	599179	594771	363013
43	369407	593830	595124	364841
44	366945	595527	593179	367541
45	366724	598680	592752	365039
46	367750	591141	597178	367110
47	363109	595590	596304	368232
48	367631	597579	593740	364282
49	366365	594895	597467	364498
50	364506	596416	593211	369109
51	364006	598806	595491	364966
52	367755	592498	597564	365452
53	362468	594786	594685	371304
54	365004	597015	594791	366467
55	368157	593432	595904	365773
56	366971	592024	594178	370136
57	365303	597309	593141	367534
58	368757	590728	594563	369286
59	362027	591506	595611	374169
60	364557	599520	593593	365631
61	367714	590256	596972	368319
62	366462	593262	593860	369728
63	363293	597757	591589	370684
64	367392	592670	593934	369375
65	365917	595880	590611	370961
66	366409	594476	592173	370343
67	367627	593024	593658	369056
68	365443	591680	591433	374804
69	367317	597757	589629	368683
70	368988	592860	593965	367581
71	363362	592512	595010	372469
72	365057	596221	591909	370140
73	372011	588733	593405	369221
74	365034	593490	591663	373175
75	366667	595137	591070	370468
76	370321	592939	589505	370607
77	367111	593321	587588	375330
78	364303	593458	591831	373774
79	367518	590895	594325	370614
80	366985	592720	588082	375568
81	365730	594588	589808	373229
82	368582	592969	590953	370857
83	368067	590213	590005	375061
84	364360	599203	588317	371468
85	368924	587252	594979	372168
86	363257	591389	591554	377173
87	370133	592390	589402	371412
88	371167	586931	592200	373021
89	364693	592626	591284	374720
90	366484	591351	590791	374702
91	369219	587501	593856	372761
92	367378	588462	590412	377096
93	367174	591853	590911	373431
94	366608	587298	593943	375530
95	363387	589407	591372	379225
96	369043	594802	588890	370654
97	371572	586144	589736	375950
98	369948	588229	588345	376897
99	368704	593278	587571	373852
100	370306	587798	591026	374267
101	368473	587170	589801	378011
>>END_MODULE
>>Per base GC content	fail
#Base	%GC
1	56.21069689361144
2	31.606050334188733
3	34.129102494249956
4	33.55035498454871
5	19.679379120073463
6	33.35352260297048
7	34.808761692446545
8	34.187070826384065
9	54.56686478145679
10	32.82120174851206
11	42.67982140554749
12	35.56448158114735
13	43.05924103596428
14	44.12585834723187
15	39.722604634139245
16	37.01202621936257
17	35.75640110488563
18	35.91728968731201
19	36.67425020691835
20	37.26547520515071
21	37.3160090337017
22	37.727870134299366
23	37.61484488402174
24	37.510865812929175
25	37.87676816410393
26	37.77454402530437
27	37.65524139881546
28	37.77975108281937
29	37.83734463391391
30	37.4962112251715
31	37.91592124616112
32	37.79664497747461
33	37.90461910082391
34	37.96044230745235
35	37.94853477168102
36	37.98164488875509
37	37.831373537952786
38	37.90189530014855
39	37.9969354165291
40	37.951924061834944
41	37.965251772301045
42	37.919477045883276
43	38.17841287602654
44	38.190986651358784
45	38.04933977053809
46	38.2106917764805
47	38.02660621296929
48	38.05640713132893
49	38.00194984986156
50	38.14470565846628
51	37.902758272503746
52	38.12295627912684
53	38.15284911995
54	38.03253509504871
55	38.160608049016616
56	38.32493894636795
57	38.10336158878005
58	38.37310628315207
59	38.27749305495257
60	37.96535227715266
61	38.270052790546885
62	38.27720099495038
63	38.161920800614354
64	38.306026242467
65	38.311837198166344
66	38.30464890056728
67	38.30177839359664
68	38.48717868729723
69	38.26584991260204
70	38.29527387524345
71	38.25771972175674
72	38.22527318547496
73	38.53819077972517
74	38.381178374117816
75	38.32573718038705
76	38.522345131363046
77	38.60145059401565
78	38.37423558490688
79	38.37737450035147
80	38.60717340272596
81	38.42031242282366
82	38.44514888260706
83	38.63724987599735
84	38.25766319979535
85	38.53185346403074
86	38.49643308916159
87	38.55512580478616
88	38.69290533707617
89	38.44455663453304
90	38.53664065619593
91	38.57774274607102
92	38.70719183423905
93	38.50561176768472
94	38.585115050127925
95	38.60951829347231
96	38.45800303526744
97	38.864574332354856
98	38.829033091593665
99	38.60632576082521
100	38.71135288242625
101	38.80953804482039
>>END_MODULE
>>Per sequence GC content	pass
#GC Content	Count
0	0.0
1	0.0
2	0.0
3	0.0
4	0.0
5	1.5
6	3.0
7	7.5
8	10.0
9	13.5
10	18.5
11	20.0
12	26.5
13	55.0
14	119.0
15	179.0
16	221.0
17	307.5
18	454.0
19	724.5
20	1159.5
21	1883.5
22	2932.5
23	4538.0
24	7240.0
25	11198.0
26	17059.0
27	25093.5
28	34990.0
29	46420.0
30	59870.5
31	73687.5
32	86626.0
33	99301.5
34	110654.5
35	118943.0
36	123378.5
37	124419.0
38	121644.0
39	116625.5
40	108692.0
41	98783.0
42	89638.5
43	78675.5
44	67380.5
45	56814.0
46	47520.5
47	39801.5
48	32525.0
49	25897.5
50	20402.0
51	15981.0
52	12554.5
53	9651.0
54	7168.5
55	5976.0
56	4926.0
57	3638.0
58	2383.5
59	1528.0
60	970.5
61	756.0
62	614.5
63	481.0
64	365.5
65	222.0
66	121.0
67	70.5
68	37.0
69	19.5
70	12.5
71	10.5
72	7.0
73	4.0
74	2.5
75	1.5
76	1.0
77	1.5
78	1.5
79	0.5
80	1.0
81	1.0
82	0.0
83	0.0
84	0.0
85	0.0
86	0.0
87	0.0
88	0.0
89	0.0
90	0.0
91	0.0
92	0.0
93	0.0
94	0.5
95	0.5
96	0.0
97	0.0
98	0.0
99	0.0
100	0.0
>>END_MODULE
>>Per base N content	pass
#Base	N-Count
1	0.03056984690121572
2	0.0
3	0.0
4	0.0
5	0.013413300170941594
6	0.0
7	0.0
8	0.0
9	0.0
10	0.0
11	0.0
12	0.0
13	0.0
14	0.0
15	0.0
16	0.0
17	3.639267488239967E-4
18	0.008994189649507347
19	0.0
20	0.0
21	0.0
22	0.0
23	0.0
24	0.0
25	0.0
26	1.0397907109257049E-4
27	4.1591628437028194E-4
28	6.758639621017082E-4
29	0.0011957593175645606
30	9.878011753794195E-4
31	0.002755445383953118
32	0.004107173308156534
33	0.0042111523792491045
34	0.004990995412443383
35	0.0075904721897576445
36	0.009618064076062771
37	0.011385708284636469
38	0.012113561782284461
39	0.010449896644803334
40	0.011177750142451327
41	0.013413300170941594
42	0.012269530388923318
43	0.013621258313126734
44	0.014141153668589587
45	0.013985185061950732
46	0.014817017630691296
47	0.01190560364009932
48	0.012061572246738176
49	0.012425498995562173
50	0.011541676891275325
51	0.010137959431525623
52	0.010137959431525623
53	0.01148968735572904
54	0.00972204314715534
55	0.010293928038164478
56	0.008058378009674213
57	0.009202147791692488
58	0.006758639621017082
59	0.007850419867489071
60	0.008474294294044494
61	0.010553875715895904
62	0.007902409403035356
63	0.00733052451202622
64	0.004835026805804528
65	0.004939005876897098
66	0.0032753407394159706
67	0.005146964019082239
68	0.005406911696813665
69	0.004055183772610249
70	0.0036392674882399674
71	0.0057708384456376625
72	0.007122566369841079
73	0.004887016341350812
74	0.0053029326257210945
75	0.0063427233366468
76	0.004783037270258242
77	0.005926807052276517
78	0.005094974483535954
79	0.0058228279811839475
80	0.005666859374545092
81	0.005666859374545092
82	0.00535492216126738
83	0.006134765194461659
84	0.006030786123369088
85	0.00733052451202622
86	0.0047310477347119574
87	0.006602671014378226
88	0.0075384826542113596
89	0.00733052451202622
90	0.007070576834294793
91	0.006602671014378226
92	0.006030786123369088
93	0.004939005876897098
94	0.004419110521434246
95	0.0037952360948788223
96	0.003899215165971393
97	0.003223351203869685
98	0.0023395290995828362
99	0.0030673825972308295
100	0.0034832988816011117
101	4.679058199165672E-4
>>END_MODULE
>>Sequence Length Distribution	pass
#Length	Count
101	1923464.0
>>END_MODULE
>>Sequence Duplication Levels	warn
#Total Duplicate Percentage	36.457122749181636
#Duplication Level	Relative count
1	100.0
2	26.537839373934332
3	8.647021961847301
4	3.304478351476996
5	1.6001399029423338
6	0.9166557367492968
7	0.5792856206007082
8	0.4444833063728705
9	0.3497573558343899
10++	3.3525699879042246
>>END_MODULE
>>Overrepresented sequences	pass
>>END_MODULE
>>Kmer Content	warn
#Sequence	Count	Obs/Exp Overall	Obs/Exp Max	Max Obs/Exp Position
TCCAA	339590	1.6955936	5.0953207	2
ACCAT	260485	1.3006173	5.3301935	8
ATACC	223610	1.1164984	5.8886185	6
GTCCA	129370	1.0532436	5.0098495	1
GTATT	326525	1.0141966	6.400413	1
AATAC	320930	0.99193496	5.526377	5
ATATA	497610	0.949986	5.381824	1
TATTA	455325	0.8673589	5.7924905	2
ATACT	275990	0.85116833	5.9435925	6
TATAC	273530	0.8435816	6.814037	5
GTATA	249370	0.7762484	7.7009144	1
TATAA	386740	0.7383244	5.1124125	2
>>END_MODULE
