##FastQC	0.8.0
>>Basic Statistics	pass
#Measure	Value	
Filename	8_140619_BC47HDACXX_P1260_1007_2.fastq.gz	
File type	Conventional base calls	
Total Sequences	3473851	
Sequence length	101	
%GC	37	
>>END_MODULE
>>Per base sequence quality	pass
#Base	Mean	Median	Lower Quartile	Upper Quartile	10th Percentile	90th Percentile
1	31.98155620376349	33.0	33.0	33.0	33.0	33.0
2	31.98003023157873	33.0	33.0	33.0	33.0	33.0
3	31.965943847332543	33.0	33.0	33.0	33.0	33.0
4	35.80919993402135	37.0	37.0	37.0	33.0	37.0
5	35.83838282067941	37.0	37.0	37.0	33.0	37.0
6	35.89443962910326	37.0	37.0	37.0	33.0	37.0
7	35.84891378473055	37.0	37.0	37.0	33.0	37.0
8	35.86868406273038	37.0	37.0	37.0	33.0	37.0
9	35.88803808798938	37.0	37.0	37.0	33.0	37.0
10	35.849434820319004	37.0	37.0	37.0	33.0	37.0
11	35.886813222559056	37.0	37.0	37.0	33.0	37.0
12	35.84551122083244	37.0	37.0	37.0	33.0	37.0
13	35.84708008489714	37.0	37.0	37.0	33.0	37.0
14	37.83138424762605	40.0	37.0	40.0	33.0	40.0
15	37.84556562731102	40.0	37.0	40.0	33.0	40.0
16	37.829298953812355	40.0	37.0	40.0	33.0	40.0
17	37.79139606160425	40.0	37.0	40.0	33.0	40.0
18	37.78155510987662	40.0	37.0	40.0	33.0	40.0
19	37.827954336556175	40.0	37.0	40.0	33.0	40.0
20	37.79395345396219	40.0	37.0	40.0	33.0	40.0
21	37.75328389156587	40.0	37.0	40.0	33.0	40.0
22	37.695138910678665	40.0	37.0	40.0	33.0	40.0
23	37.66339604087798	40.0	37.0	40.0	33.0	40.0
24	37.611181366155314	40.0	37.0	40.0	33.0	40.0
25	37.55365040124058	40.0	37.0	40.0	33.0	40.0
26	37.49585114617754	40.0	37.0	40.0	33.0	40.0
27	37.46515524125819	40.0	37.0	40.0	33.0	40.0
28	37.435548905235144	40.0	37.0	40.0	33.0	40.0
29	37.37909369169835	40.0	37.0	40.0	33.0	40.0
30	37.37400884493894	40.0	37.0	40.0	33.0	40.0
31	37.33365967624979	40.0	37.0	40.0	33.0	40.0
32	37.33669578804618	40.0	37.0	40.0	33.0	40.0
33	37.32933652019042	40.0	37.0	40.0	33.0	40.0
34	37.30793375996841	40.0	37.0	40.0	33.0	40.0
35	37.30083702496164	40.0	37.0	40.0	33.0	40.0
36	37.26739229748196	40.0	37.0	40.0	33.0	40.0
37	37.245501606142575	40.0	37.0	40.0	33.0	40.0
38	37.20469242923775	40.0	37.0	40.0	33.0	40.0
39	37.17001966981313	40.0	37.0	40.0	33.0	40.0
40	37.15170167056676	40.0	37.0	40.0	33.0	40.0
41	37.06361211232146	40.0	37.0	40.0	33.0	40.0
42	37.042783354841646	40.0	37.0	40.0	33.0	40.0
43	37.01576895497245	40.0	37.0	40.0	33.0	40.0
44	36.99279934574051	40.0	37.0	40.0	33.0	40.0
45	36.94152368653693	40.0	37.0	40.0	33.0	40.0
46	36.87589738304838	40.0	37.0	40.0	33.0	40.0
47	36.7934013289574	40.0	37.0	40.0	33.0	40.0
48	36.73540603785251	40.0	37.0	40.0	33.0	40.0
49	36.65511215075143	40.0	37.0	40.0	33.0	40.0
50	36.542228782984644	40.0	37.0	40.0	33.0	40.0
51	35.05271469616861	37.0	37.0	37.0	33.0	40.0
52	35.546254286669175	37.0	37.0	40.0	33.0	40.0
53	36.047200354879934	37.0	37.0	40.0	33.0	40.0
54	36.245150123019094	37.0	37.0	40.0	33.0	40.0
55	36.29649803632913	37.0	37.0	40.0	33.0	40.0
56	36.26410919754474	37.0	37.0	40.0	33.0	40.0
57	36.47241087772619	40.0	37.0	40.0	33.0	40.0
58	36.517088959774036	40.0	37.0	40.0	33.0	40.0
59	36.50033723380767	40.0	37.0	40.0	33.0	40.0
60	36.44908402807144	40.0	37.0	40.0	33.0	40.0
61	36.38516793034589	37.0	37.0	40.0	33.0	40.0
62	36.28836153306518	37.0	37.0	40.0	33.0	40.0
63	36.19076379499293	37.0	37.0	40.0	33.0	40.0
64	36.08616777173229	37.0	37.0	40.0	33.0	40.0
65	36.00034313503947	37.0	37.0	40.0	33.0	40.0
66	36.053867883222395	37.0	37.0	40.0	33.0	40.0
67	35.99329706426672	37.0	37.0	40.0	33.0	40.0
68	35.887650621745145	37.0	37.0	40.0	33.0	40.0
69	35.76054211881857	37.0	37.0	40.0	33.0	40.0
70	35.636606751412195	37.0	37.0	40.0	33.0	40.0
71	35.48552197546757	37.0	37.0	40.0	33.0	40.0
72	35.354785798239476	37.0	37.0	40.0	33.0	40.0
73	35.18187596416772	37.0	37.0	37.0	33.0	40.0
74	35.028077773053596	37.0	37.0	37.0	33.0	40.0
75	34.85080707261192	37.0	37.0	37.0	27.0	40.0
76	34.66219017453541	37.0	33.0	37.0	27.0	40.0
77	34.48791758771461	37.0	33.0	37.0	27.0	40.0
78	34.32094439283665	37.0	33.0	37.0	27.0	40.0
79	34.179938632946545	37.0	33.0	37.0	27.0	37.0
80	34.09782831791001	37.0	33.0	37.0	27.0	37.0
81	33.98436922021123	37.0	33.0	37.0	27.0	37.0
82	33.88545046981002	37.0	33.0	37.0	27.0	37.0
83	33.79105551734948	37.0	33.0	37.0	27.0	37.0
84	33.70448185601513	37.0	33.0	37.0	27.0	37.0
85	33.62718953691451	37.0	33.0	37.0	27.0	37.0
86	33.51829022027715	37.0	33.0	37.0	27.0	37.0
87	33.448879068215646	37.0	33.0	37.0	27.0	37.0
88	33.384420632894155	37.0	33.0	37.0	27.0	37.0
89	33.318775330317855	37.0	33.0	37.0	27.0	37.0
90	33.23692812386023	37.0	33.0	37.0	27.0	37.0
91	33.17168640796626	37.0	33.0	37.0	27.0	37.0
92	33.094435541420744	37.0	33.0	37.0	27.0	37.0
93	33.01812081174466	37.0	33.0	37.0	27.0	37.0
94	32.97155606270965	37.0	33.0	37.0	27.0	37.0
95	32.89221644797085	37.0	33.0	37.0	27.0	37.0
96	32.80975090756627	37.0	33.0	37.0	27.0	37.0
97	32.72909171982333	37.0	33.0	37.0	27.0	37.0
98	32.64402388012612	37.0	33.0	37.0	27.0	37.0
99	32.55785351760913	37.0	33.0	37.0	27.0	37.0
100	32.44802842724112	37.0	33.0	37.0	27.0	37.0
101	31.674558292799546	33.0	33.0	37.0	22.0	37.0
>>END_MODULE
>>Per sequence quality scores	pass
#Quality	Count
2	24364.0
3	5504.0
4	4315.0
5	4813.0
6	4070.0
7	3516.0
8	3976.0
9	4795.0
10	5293.0
11	5582.0
12	5068.0
13	4683.0
14	4660.0
15	5284.0
16	5851.0
17	6232.0
18	6602.0
19	6915.0
20	7340.0
21	7691.0
22	8796.0
23	10046.0
24	11916.0
25	14751.0
26	17976.0
27	21967.0
28	27015.0
29	33276.0
30	42347.0
31	54765.0
32	73162.0
33	101140.0
34	144887.0
35	220542.0
36	398123.0
37	1011524.0
38	1149591.0
39	5473.0
>>END_MODULE
>>Per base sequence content	fail
#Base	G	A	T	C
1	1233536	950149	524103	752971
2	429837	796936	1588578	646103
3	460743	1154941	1141867	703683
4	354408	707192	1623398	777728
5	344589	1404506	1382978	332931
6	777983	1597887	740757	352704
7	715074	1203541	1081765	470744
8	647440	1440655	861950	522469
9	749142	648029	959350	1116663
10	454531	1049689	1293816	675234
11	947116	1003299	1006730	516207
12	611838	1006079	1239453	615964
13	784341	899485	1092307	697430
14	616598	849684	1110897	896459
15	689771	1178358	925651	679843
16	649107	1172961	1022317	629327
17	618425	1126827	1107320	621079
18	626633	1135670	1096143	615167
19	651518	1109167	1097729	615161
20	650071	1100245	1085410	637381
21	645066	1090499	1093913	642333
22	656120	1074807	1091680	647665
23	650035	1088176	1083596	647453
24	645989	1098820	1080980	641308
25	658592	1075716	1081670	649250
26	647755	1086603	1079698	649290
27	650956	1097939	1069063	644009
28	657421	1088257	1072971	642697
29	647888	1085317	1074102	654689
30	651421	1095040	1080016	636466
31	655868	1087344	1072668	648789
32	649068	1087330	1077142	651986
33	654849	1097380	1068244	647761
34	660178	1077891	1081427	650808
35	652567	1082607	1079575	657358
36	654678	1090378	1070509	657154
37	659053	1081045	1085734	647310
38	657991	1086116	1074959	654306
39	661230	1088666	1072040	651471
40	662647	1078597	1085384	646917
41	659608	1086545	1071206	656325
42	656961	1091977	1078220	646474
43	664902	1077874	1078963	651873
44	659839	1081984	1076879	654715
45	656815	1088897	1073977	653660
46	661001	1069030	1086305	656538
47	649947	1085758	1076576	659213
48	661724	1083638	1073527	651367
49	661902	1077825	1077973	651208
50	656898	1077989	1071135	661277
51	654218	1084571	1076598	651020
52	662264	1070328	1078660	653676
53	647705	1081595	1072169	661473
54	653405	1083011	1074115	651360
55	657291	1074150	1077416	652730
56	657614	1070436	1074757	659267
57	653943	1079574	1070040	658940
58	661488	1069769	1072251	660494
59	646446	1073651	1078047	666431
60	650640	1087537	1072626	654530
61	658561	1067241	1080703	659377
62	656697	1075385	1074162	661176
63	653067	1083320	1071078	661738
64	659686	1078976	1079227	653377
65	659848	1079042	1067987	665036
66	655595	1084244	1074472	657882
67	659577	1074741	1078335	659713
68	656643	1073547	1070117	672091
69	659905	1085105	1066956	660358
70	662984	1077600	1073914	658020
71	651932	1076448	1079059	663685
72	653704	1083585	1069118	663488
73	669535	1064247	1077135	657323
74	654599	1074020	1070894	666173
75	657867	1077811	1068551	658345
76	663853	1072805	1068426	654986
77	654472	1069029	1062126	672162
78	649533	1073556	1071576	662147
79	659355	1066628	1072532	659223
80	658593	1071255	1063834	667294
81	654508	1076015	1066686	665591
82	662024	1071419	1067431	662724
83	658432	1066721	1070207	670324
84	653915	1085427	1067498	660864
85	664642	1063123	1076537	664094
86	651632	1073600	1069408	674446
87	663674	1071843	1073811	660308
88	669268	1062354	1073497	665588
89	657508	1076314	1069319	668439
90	656786	1076304	1070010	668446
91	665680	1064165	1076340	666159
92	659677	1070704	1070874	671201
93	663678	1075090	1070392	663545
94	663243	1064793	1077357	667419
95	656008	1067935	1073242	675738
96	665245	1080019	1068709	658991
97	672942	1060295	1070103	668949
98	667563	1068212	1068324	668697
99	667162	1073677	1068006	663797
100	671612	1062468	1071868	665468
101	666652	1062744	1066542	673160
>>END_MODULE
>>Per base GC content	fail
#Base	%GC
1	57.40090540832228
2	31.08346954776808
3	33.64193232818123
4	32.694934568891675
5	19.553224180982188
6	32.59092314916045
7	34.16236354564112
8	33.69054811586073
9	53.72030390558059
10	32.527416526788876
11	42.12999431097108
12	35.349379011635506
13	42.658532463640356
14	43.558280972283235
15	39.428976604542285
16	36.80310860543419
17	35.683032060503486
18	35.74952074396313
19	36.466147988743586
20	37.06917178192322
21	37.08148283417502
22	37.57010977813843
23	37.39956071323567
24	37.12895831873178
25	37.741874416344324
26	37.45063300057228
27	37.40546920291268
28	37.56105283898229
29	37.625029029496275
30	37.190534178587406
31	37.65603582910806
32	37.542756857112025
33	37.55830777277427
34	37.777266775475574
35	37.7270919358188
36	37.775357004122704
37	37.61329078972297
38	37.78164273795033
39	37.79289326013335
40	37.70108059633602
41	37.882921992904365
42	37.52369278035209
43	37.90794711671885
44	37.84613249719225
45	37.72943634515276
46	37.93800178180953
47	37.71171720302556
48	37.838447653429604
49	37.85369920447587
50	38.017344336326346
51	37.65391657702053
52	37.978855549090774
53	37.805368960843126
54	37.689372657891305
55	37.84452044683551
56	38.03734408912114
57	37.91723140843155
58	38.163430621575856
59	37.89431604165013
60	37.663624246212414
61	38.02604935771039
62	38.007308027294066
63	37.89933883949714
64	37.82663155171629
65	38.16005758208803
66	37.828455964285396
67	37.993978745328114
68	38.265602042162215
69	38.02245988565583
70	38.041674657985936
71	37.90175747106701
72	37.960572293974316
73	38.257387032039304
74	38.109973032755995
75	38.012530562523715
76	38.11596297184739
77	38.366540005766694
78	37.944788435124615
79	38.13412120872084
80	38.30962711096523
81	38.122299872935194
82	38.24774122170067
83	38.340368019704044
84	37.91497198146093
85	38.309812374365556
86	38.225572960716455
87	38.159103721543126
88	38.46063640635755
89	38.19433802476106
90	38.17411608545587
91	38.3556179917658
92	38.32670593954251
93	38.21870847077422
94	38.31655730284277
95	38.34654554679157
96	38.12985104366184
97	38.64571756555978
98	38.47792959908961
99	38.3269856207464
100	38.516847303809165
101	38.62133615135692
>>END_MODULE
>>Per sequence GC content	pass
#GC Content	Count
0	99.5
1	47.5
2	68.5
3	77.5
4	87.5
5	108.0
6	127.0
7	142.0
8	169.5
9	231.0
10	300.5
11	347.0
12	430.0
13	597.5
14	817.0
15	1068.0
16	1290.5
17	1586.5
18	2089.5
19	3005.5
20	4345.0
21	6400.5
22	9294.0
23	13032.0
24	19317.5
25	28642.0
26	40378.0
27	54542.5
28	72720.5
29	93040.0
30	114950.0
31	137579.5
32	158059.5
33	176791.5
34	193255.0
35	205241.5
36	212088.5
37	213562.0
38	208968.0
39	200503.0
40	188623.0
41	172721.5
42	158081.0
43	140060.5
44	119323.5
45	100946.5
46	84207.0
47	70491.0
48	58600.5
49	48547.0
50	38824.5
51	30142.5
52	22553.0
53	16894.0
54	13366.0
55	11152.0
56	7865.5
57	4708.5
58	3327.5
59	2163.5
60	1412.0
61	1026.5
62	825.0
63	669.0
64	485.5
65	335.5
66	214.0
67	143.0
68	100.5
69	69.0
70	61.0
71	55.5
72	45.0
73	40.5
74	39.5
75	35.5
76	30.5
77	25.0
78	24.0
79	22.0
80	18.5
81	14.0
82	9.0
83	9.0
84	11.0
85	8.5
86	7.0
87	5.5
88	4.5
89	4.0
90	3.0
91	4.5
92	4.5
93	2.0
94	0.5
95	0.5
96	1.5
97	1.0
98	1.5
99	2.0
100	0.5
>>END_MODULE
>>Per base N content	pass
#Base	N-Count
1	0.37687281348566765
2	0.35686619834874894
3	0.36319922760072326
4	0.32024977467369786
5	0.2546741354191645
6	0.13011496463147096
7	0.0785007762278808
8	0.03848754595404351
9	0.01920059323212193
10	0.016724954524531994
11	0.014364461803341593
12	0.014882618742139487
13	0.00829051102076629
14	0.006131523775775069
15	0.006563321224773313
16	0.004001323027383731
17	0.005757299319976591
18	0.006851186190772143
19	0.007945073061567694
20	0.021417153470312915
21	0.05872445306376123
22	0.1030268713309811
23	0.13215880589006265
24	0.19442399803560947
25	0.2482259601807907
26	0.3024021467817704
27	0.342098725593009
28	0.35997513998153635
29	0.3412639171916124
30	0.3140031049115232
31	0.2643176117801253
32	0.23964758419402563
33	0.16169375140154255
34	0.10210570343978484
35	0.05020365007019587
36	0.032586314151067504
37	0.020409626089317016
38	0.013788731871343935
39	0.01278120449034803
40	0.008808667959564184
41	0.004807344932180453
42	0.006304242755374367
43	0.006879972687372026
44	0.012493339524349202
45	0.014450821293141241
46	0.028124407178085647
47	0.06784977248592412
48	0.10348745527657922
49	0.14229165269322144
50	0.1886091257224331
51	0.2142866806895287
52	0.2568619091607556
53	0.31403189140812315
54	0.34428649933460015
55	0.35303759430096454
56	0.33901857045682154
57	0.32684188239507106
58	0.2835182050122472
59	0.2670235424605143
60	0.245203378037803
61	0.22939959140446725
62	0.1851259596338473
63	0.13379963619625596
64	0.07441309371069743
65	0.05578823041057317
66	0.04772801136260594
67	0.04274794745082619
68	0.041826779559629934
69	0.04395698030802127
70	0.03837239996764397
71	0.0785007762278808
72	0.11387938054913697
73	0.16152103242194324
74	0.23504174473804432
75	0.32462532215688006
76	0.396706709642987
77	0.46236870838732
78	0.4904931155654057
79	0.46383681971391405
80	0.370626143723493
81	0.31811957392530654
82	0.29514794963859997
83	0.23509931773124407
84	0.17695059459948054
85	0.15703033895236151
86	0.13716765629844227
87	0.12133508316850665
88	0.090504745310032
89	0.06537413377833419
90	0.06635287466273021
91	0.04338125037602361
92	0.04015716275683672
93	0.03298932510346587
94	0.02990916996727839
95	0.026713868844691385
96	0.025533622484096182
97	0.04496450768901717
98	0.030369753912876513
99	0.03480287438925849
100	0.070095119220715
101	0.13682221833924368
>>END_MODULE
>>Sequence Length Distribution	pass
#Length	Count
101	3473851.0
>>END_MODULE
>>Sequence Duplication Levels	warn
#Total Duplicate Percentage	45.357774605141465
#Duplication Level	Relative count
1	100.0
2	31.09301695026662
3	12.564395402147746
4	5.98230204832839
5	3.0326434363933643
6	1.777189854488986
7	1.0894839329877002
8	0.7632960586316542
9	0.6154023120722378
10++	7.408655070701427
>>END_MODULE
>>Overrepresented sequences	pass
>>END_MODULE
>>Kmer Content	warn
#Sequence	Count	Obs/Exp Overall	Obs/Exp Max	Max Obs/Exp Position
ATACC	413530	1.1580968	6.057181	6
GTCTT	401315	1.1192765	5.047018	1
GTCCA	232750	1.0698472	5.109897	1
ATATA	1025240	1.0623738	5.965147	1
GTATT	624450	1.0602762	7.5584006	1
TATAT	1010120	1.044961	5.3598304	2
AATAC	598515	1.0204275	5.784225	5
ATACA	595550	1.0153724	5.091068	6
TACTG	342475	0.9567657	5.1707706	7
TAATA	912955	0.94602185	5.3105874	4
TATTA	905065	0.9362825	6.28144	2
ATACT	543755	0.9255199	6.074423	6
TATAC	525170	0.89388645	7.0123425	5
GTATA	489890	0.833191	8.800478	1
TATAA	766525	0.7942882	5.5587826	2
GTCTA	262695	0.7338858	5.172111	1
>>END_MODULE
