##FastQC	0.8.0
>>Basic Statistics	pass
#Measure	Value	
Filename	1_140716_AH9BY4ADXX_P1260_1001_1.fastq	
File type	Conventional base calls	
Total Sequences	2462393	
Sequence length	101	
%GC	37	
>>END_MODULE
>>Per base sequence quality	pass
#Base	Mean	Median	Lower Quartile	Upper Quartile	10th Percentile	90th Percentile
1	32.71412077600935	33.0	33.0	33.0	33.0	33.0
2	32.73353847253465	33.0	33.0	33.0	33.0	33.0
3	32.74172278754853	33.0	33.0	33.0	33.0	33.0
4	36.677433293548184	37.0	37.0	37.0	37.0	37.0
5	36.611052744220764	37.0	37.0	37.0	37.0	37.0
6	36.5891845858886	37.0	37.0	37.0	37.0	37.0
7	36.5287246999159	37.0	37.0	37.0	37.0	37.0
8	36.52402195750231	37.0	37.0	37.0	37.0	37.0
9	36.50129122361865	37.0	37.0	37.0	37.0	37.0
10	36.495909060820104	37.0	37.0	37.0	37.0	37.0
11	36.51422620191009	37.0	37.0	37.0	37.0	37.0
12	36.49326204224914	37.0	37.0	37.0	37.0	37.0
13	36.493096349770326	37.0	37.0	37.0	37.0	37.0
14	38.568026306117666	40.0	37.0	40.0	37.0	40.0
15	38.58599541178033	40.0	37.0	40.0	37.0	40.0
16	38.59815918904903	40.0	37.0	40.0	37.0	40.0
17	38.586965200112246	40.0	37.0	40.0	37.0	40.0
18	38.598672916955174	40.0	37.0	40.0	37.0	40.0
19	38.63830428367852	40.0	37.0	40.0	37.0	40.0
20	38.62909738616054	40.0	37.0	40.0	37.0	40.0
21	38.61368514286712	40.0	37.0	40.0	37.0	40.0
22	38.61911563263865	40.0	37.0	40.0	37.0	40.0
23	38.61545455985296	40.0	37.0	40.0	37.0	40.0
24	38.605107308216034	40.0	37.0	40.0	37.0	40.0
25	38.578065321010904	40.0	37.0	40.0	37.0	40.0
26	38.53408452671852	40.0	37.0	40.0	37.0	40.0
27	38.517943723849115	40.0	37.0	40.0	37.0	40.0
28	38.52791979184476	40.0	37.0	40.0	37.0	40.0
29	38.51917870136895	40.0	37.0	40.0	37.0	40.0
30	38.50025564562603	40.0	37.0	40.0	37.0	40.0
31	38.490578473866684	40.0	37.0	40.0	37.0	40.0
32	38.47026327641445	40.0	37.0	40.0	37.0	40.0
33	38.443477950107884	40.0	37.0	40.0	37.0	40.0
34	38.43732864737676	40.0	37.0	40.0	37.0	40.0
35	38.42714018436537	40.0	37.0	40.0	37.0	40.0
36	38.41712919099429	40.0	37.0	40.0	37.0	40.0
37	38.38859800202486	40.0	37.0	40.0	37.0	40.0
38	38.37851797012094	40.0	37.0	40.0	37.0	40.0
39	38.363923224278174	40.0	37.0	40.0	37.0	40.0
40	38.360848979021625	40.0	37.0	40.0	37.0	40.0
41	38.34719193889846	40.0	37.0	40.0	37.0	40.0
42	38.31669274563402	40.0	37.0	40.0	37.0	40.0
43	38.32055321794693	40.0	37.0	40.0	37.0	40.0
44	38.293175378584976	40.0	37.0	40.0	37.0	40.0
45	38.261871277249405	40.0	37.0	40.0	37.0	40.0
46	38.27056769573338	40.0	37.0	40.0	37.0	40.0
47	38.239997839500035	40.0	37.0	40.0	37.0	40.0
48	38.22187075742987	40.0	37.0	40.0	37.0	40.0
49	38.205560607100495	40.0	37.0	40.0	37.0	40.0
50	38.168426810829956	40.0	37.0	40.0	37.0	40.0
51	38.12280127501987	40.0	37.0	40.0	37.0	40.0
52	38.09210024557412	40.0	37.0	40.0	37.0	40.0
53	38.06151048999896	40.0	37.0	40.0	33.0	40.0
54	38.010147039891685	40.0	37.0	40.0	33.0	40.0
55	37.94389685155863	40.0	37.0	40.0	33.0	40.0
56	37.90306786934498	40.0	37.0	40.0	33.0	40.0
57	37.85228068793243	40.0	37.0	40.0	33.0	40.0
58	37.80070524891843	40.0	37.0	40.0	33.0	40.0
59	37.73049874654452	40.0	37.0	40.0	33.0	40.0
60	37.6783592221063	40.0	37.0	40.0	33.0	40.0
61	37.56859485874107	40.0	37.0	40.0	33.0	40.0
62	37.499269206824415	40.0	37.0	40.0	33.0	40.0
63	37.4193741616387	37.0	37.0	40.0	33.0	40.0
64	37.329295932858805	37.0	37.0	40.0	33.0	40.0
65	37.22092777229305	37.0	37.0	40.0	33.0	40.0
66	37.175733930367734	37.0	37.0	40.0	33.0	40.0
67	37.087963619129845	37.0	37.0	40.0	33.0	40.0
68	36.99225306439711	37.0	37.0	40.0	33.0	40.0
69	36.87484166824711	37.0	37.0	40.0	33.0	40.0
70	36.748844721374695	37.0	37.0	40.0	33.0	40.0
71	36.61045454563914	37.0	37.0	40.0	33.0	40.0
72	36.47563122539741	37.0	37.0	40.0	33.0	40.0
73	36.3638874866847	37.0	37.0	37.0	33.0	40.0
74	36.327643881378805	37.0	37.0	37.0	33.0	40.0
75	36.248248350283646	37.0	37.0	37.0	33.0	40.0
76	36.09984230786881	37.0	37.0	37.0	33.0	40.0
77	35.99115778837903	37.0	37.0	37.0	33.0	40.0
78	35.87259832203876	37.0	37.0	37.0	33.0	40.0
79	35.78783565417868	37.0	37.0	37.0	33.0	37.0
80	35.68918527627393	37.0	37.0	37.0	33.0	37.0
81	35.59534079247301	37.0	37.0	37.0	33.0	37.0
82	35.49936220578925	37.0	37.0	37.0	33.0	37.0
83	35.433434061906446	37.0	37.0	37.0	33.0	37.0
84	35.35591881555869	37.0	33.0	37.0	33.0	37.0
85	35.28833862019588	37.0	33.0	37.0	33.0	37.0
86	35.23003760975604	37.0	33.0	37.0	33.0	37.0
87	35.16843818188242	37.0	33.0	37.0	33.0	37.0
88	35.12861838057532	37.0	33.0	37.0	33.0	37.0
89	35.080849401375005	37.0	33.0	37.0	33.0	37.0
90	35.039538773867534	37.0	33.0	37.0	33.0	37.0
91	34.997346077575756	37.0	33.0	37.0	33.0	37.0
92	34.961192222362556	37.0	33.0	37.0	33.0	37.0
93	34.896890951200724	37.0	33.0	37.0	33.0	37.0
94	34.87268766602244	37.0	33.0	37.0	33.0	37.0
95	34.84084343969464	37.0	33.0	37.0	33.0	37.0
96	34.8183344413341	37.0	33.0	37.0	33.0	37.0
97	34.79116818476986	37.0	33.0	37.0	33.0	37.0
98	34.744423412509704	37.0	33.0	37.0	33.0	37.0
99	34.70226320493926	37.0	33.0	37.0	33.0	37.0
100	34.654371986924914	37.0	33.0	37.0	33.0	37.0
101	34.22040754664263	37.0	33.0	37.0	33.0	37.0
>>END_MODULE
>>Per sequence quality scores	pass
#Quality	Count
6	1.0
7	12.0
8	62.0
9	100.0
10	176.0
11	250.0
12	381.0
13	404.0
14	453.0
15	517.0
16	578.0
17	692.0
18	861.0
19	946.0
20	1182.0
21	1403.0
22	1943.0
23	2548.0
24	3493.0
25	4973.0
26	6773.0
27	9417.0
28	13204.0
29	18082.0
30	24678.0
31	33601.0
32	46698.0
33	65241.0
34	93498.0
35	135176.0
36	225916.0
37	627951.0
38	1136225.0
39	4958.0
>>END_MODULE
>>Per base sequence content	fail
#Base	G	A	T	C
1	802037	702908	400088	556657
2	285341	586177	1108925	481950
3	310040	809475	825579	517299
4	248185	520718	1119340	574150
5	248746	989378	981296	242690
6	561753	1124171	517236	259233
7	509532	857406	757294	338161
8	458965	1019158	609234	375036
9	528110	454874	678757	800652
10	324228	742594	910679	484892
11	667888	712971	709151	372383
12	428670	710472	881311	441940
13	550578	638482	773659	499674
14	431473	601617	784978	644325
15	486097	836967	653602	485727
16	458134	835181	720457	448621
17	435759	801529	783210	441890
18	444592	803494	778098	435965
19	458067	788231	777498	438597
20	460387	776601	773650	451755
21	454089	774545	775298	458461
22	458119	764622	778105	461547
23	457200	772133	769707	463353
24	457199	777903	768397	458894
25	463846	764809	773527	460211
26	460026	771443	767296	463627
27	460525	776402	764527	460934
28	464541	774240	764915	458683
29	460549	772153	765705	463956
30	463849	774203	765388	458924
31	465984	769817	762415	464112
32	459858	773176	767207	462052
33	463179	773812	760799	464504
34	466587	763850	768839	462994
35	463489	767139	762982	468600
36	462322	770535	762926	466381
37	464874	766974	770748	459521
38	464673	767586	763870	465968
39	465628	767815	763997	464693
40	468621	765306	767733	460469
41	461799	767263	764167	468858
42	463146	772162	765707	461070
43	470034	762814	765434	463784
44	465670	763946	765846	466597
45	465901	768002	763394	464763
46	467365	760320	767321	467037
47	460319	766698	766302	468782
48	469654	765747	760668	466022
49	468460	764947	764979	463709
50	462705	764952	765343	469112
51	462847	769039	763641	466619
52	468173	761594	765963	466413
53	464359	763886	762537	471346
54	465519	768990	763175	464488
55	467937	763144	764419	466649
56	467003	760163	764019	471022
57	467966	765519	761323	467369
58	469369	755542	764045	473269
59	462862	759345	767264	472746
60	464554	767144	763318	467180
61	467260	758647	765815	470432
62	464201	763916	761504	472595
63	463934	763502	762905	471884
64	466277	762140	763981	469871
65	467001	765410	758394	471467
66	465685	766650	759868	470106
67	468658	762201	762040	469369
68	467126	758804	760176	476159
69	469627	764472	758840	469356
70	470326	759900	761018	471055
71	461398	760236	764984	475645
72	462770	763091	761160	475217
73	470532	757916	762626	471196
74	463711	760941	761823	475793
75	466008	763656	762325	470257
76	471620	761097	759223	470336
77	466048	760495	755474	480239
78	465466	764425	759924	472459
79	468542	757336	763301	473075
80	467162	758390	759021	477687
81	463597	765281	758327	475059
82	470225	756944	760257	474841
83	465882	758976	759361	478031
84	464435	768984	756755	472077
85	469969	754094	763865	474308
86	463994	762093	758853	477356
87	468996	761815	758388	473036
88	470489	754856	759665	477218
89	466134	762168	757756	476175
90	465645	763876	756520	476180
91	466940	754581	763976	476744
92	468486	758681	756132	478943
93	466842	759907	759438	476091
94	469667	756122	760696	475796
95	463865	757260	761144	480050
96	469811	763366	757118	472012
97	471669	755711	757623	477315
98	470504	756966	756792	478080
99	468447	762839	755940	475099
100	470804	755052	758426	478029
101	469905	752849	760598	479029
>>END_MODULE
>>Per base GC content	fail
#Base	%GC
1	55.1935458973307
2	31.160379354554696
3	33.598982778134925
4	33.39576582616991
5	19.959953048401573
6	33.340981719814835
7	34.42557707076003
8	33.86953260507157
9	53.96222292704699
10	32.85909276057883
11	42.24634329288623
12	35.35625710436961
13	42.65168070247113
14	43.68912679657553
15	39.466648906165666
16	36.824138145292
17	35.64218961430936
18	35.76375759549889
19	36.414333536523216
20	37.04290907259727
21	37.05947832047931
22	37.348465496774885
23	37.38448736655766
24	37.20336274510202
25	37.52678796601517
26	37.510396395050016
27	37.42135682922431
28	37.49317225333712
29	37.54543907620444
30	37.47508491839549
31	37.773034299248515
32	37.4411168776421
33	37.67555783346749
34	37.75300840281528
35	37.85578809281093
36	37.7189740407219
37	37.54472269189482
38	37.79871386058307
39	37.78516432702864
40	37.73522833287777
41	37.79951723883031
42	37.53794040416963
43	37.92822775668889
44	37.86533953897936
45	37.80021607921821
46	37.952302214055564
47	37.73610424592655
48	38.00330694519415
49	37.86080553349891
50	37.8462474493443
51	37.750239019132096
52	37.95823394498207
53	38.003913687671805
54	37.77181285466653
55	37.95814144472979
56	38.09691873997597
57	37.98813001664787
58	38.2839911056057
59	37.99860044829517
60	37.84158531652233
61	38.08421406622007
62	38.04686510038112
63	38.00700585852227
64	38.01972895731539
65	38.11390455644218
66	38.004612743567115
67	38.09605615635666
68	38.30964579360873
69	38.13446398583436
70	38.231790696418265
71	38.056170279129404
72	38.09489578180501
73	38.24633366771313
74	38.15604150319949
75	38.02483586124213
76	38.25550019575385
77	38.43170653254576
78	38.09182081279337
79	38.24207413207573
80	38.37324246830148
81	38.121663639642215
82	38.38194639330341
83	38.33538430297492
84	38.03479011684836
85	38.350385584485
86	38.230578289531394
87	38.25922383525537
88	38.48981491559677
89	38.27050486286229
90	38.25103433038708
91	38.32622395614402
92	38.47830554429662
93	38.29514782652487
94	38.39785142313164
95	38.33439127911534
96	38.24961712735252
97	38.54026977831458
98	38.52364943618717
99	38.31931203232717
100	38.53424689245185
101	38.53725317081313
>>END_MODULE
>>Per sequence GC content	pass
#GC Content	Count
0	0.0
1	0.0
2	0.0
3	0.0
4	1.0
5	2.0
6	2.5
7	4.0
8	8.0
9	15.0
10	27.0
11	27.0
12	40.5
13	78.0
14	115.0
15	157.0
16	223.5
17	357.0
18	553.0
19	913.5
20	1510.5
21	2469.5
22	4096.5
23	6660.5
24	10766.5
25	17013.5
26	25491.0
27	36171.0
28	49289.5
29	64397.5
30	80633.0
31	97361.0
32	113267.0
33	129542.0
34	141972.5
35	150385.5
36	156150.5
37	157973.5
38	154310.5
39	144460.0
40	135109.0
41	124782.5
42	112824.0
43	100200.0
44	86263.5
45	73075.0
46	60738.5
47	49175.0
48	39919.5
49	31893.5
50	25749.5
51	21078.0
52	15657.5
53	11568.0
54	8316.5
55	5581.5
56	3915.0
57	2827.0
58	2171.5
59	1663.0
60	1127.0
61	710.0
62	516.5
63	393.5
64	281.0
65	173.5
66	93.5
67	51.5
68	34.0
69	23.0
70	15.0
71	9.0
72	3.0
73	2.5
74	2.0
75	1.0
76	0.5
77	1.0
78	1.5
79	0.5
80	0.0
81	0.0
82	0.0
83	0.0
84	0.0
85	0.0
86	0.0
87	0.0
88	0.0
89	0.0
90	0.0
91	0.0
92	0.0
93	0.0
94	0.0
95	0.0
96	0.0
97	0.0
98	0.0
99	0.0
100	0.0
>>END_MODULE
>>Per base N content	pass
#Base	N-Count
1	0.028549463875181584
2	0.0
3	0.0
4	0.0
5	0.011492885173081632
6	0.0
7	0.0
8	0.0
9	0.0
10	0.0
11	0.0
12	0.0
13	0.0
14	0.0
15	0.0
16	0.0
17	2.030545083583327E-4
18	0.009909060007886637
19	0.0
20	0.0
21	0.0
22	0.0
23	0.0
24	0.0
25	0.0
26	4.061090167166655E-5
27	2.030545083583327E-4
28	5.685526234033316E-4
29	0.0012183270501499963
30	0.0011777161484783298
31	0.0026397086086583253
32	0.0040610901671666545
33	0.0040204792654949875
34	0.004995140905614985
35	0.007431795005914977
36	0.009299896482811638
37	0.011208608861379967
38	0.012020826894813296
39	0.010558834434633301
40	0.010721278041319969
41	0.012426935911529963
42	0.012508157714873297
43	0.013279764846634961
44	0.013564041158336626
45	0.01352343025666496
46	0.01421381558508329
47	0.011858383288126632
48	0.012264492304843298
49	0.01210204869815663
50	0.0114116633697383
51	0.010030892712901637
52	0.010152725417916637
53	0.010761888942991633
54	0.008975009269438306
55	0.009909060007886637
56	0.007553627710929977
57	0.008771954761079974
58	0.00682263148083998
59	0.007147518694213312
60	0.008000347629318309
61	0.009706005499528304
62	0.007188129595884978
63	0.00682263148083998
64	0.005035751807286651
65	0.004913919102271652
66	0.00341131574041999
67	0.005076362708958318
68	0.005198195413973318
69	0.003979868363823321
70	0.0038174247571366557
71	0.005279417217316651
72	0.006294689759108314
73	0.004995140905614985
74	0.005076362708958318
75	0.005969802545734982
76	0.004751475495584985
77	0.005563693529018317
78	0.004832697298928319
79	0.00564491533236165
80	0.005401249922331651
81	0.0052388063156449845
82	0.005116973610629984
83	0.005807358939048316
84	0.00576674803737665
85	0.006375911562451648
86	0.0039392574621516544
87	0.006416522464123314
88	0.006700798775824981
89	0.006497744267466647
90	0.006985075087526645
91	0.006172857054093314
92	0.006132246152421649
93	0.004670253692241653
94	0.004548420987226653
95	0.003005206723703324
96	0.0034925375437633225
97	0.003045817625374991
98	0.0020711559852549938
99	0.0027615413136733253
100	0.003330093937076657
101	4.8733082005999854E-4
>>END_MODULE
>>Sequence Length Distribution	pass
#Length	Count
101	2462393.0
>>END_MODULE
>>Sequence Duplication Levels	warn
#Total Duplicate Percentage	39.44692776246613
#Duplication Level	Relative count
1	100.0
2	29.27825588066552
3	10.36756550009562
4	4.28380187416332
5	2.062344616561484
6	1.088544654809715
7	0.7374258940524001
8	0.5071715433161216
9	0.41231593038821956
10++	4.255498183209027
>>END_MODULE
>>Overrepresented sequences	pass
>>END_MODULE
>>Kmer Content	warn
#Sequence	Count	Obs/Exp Overall	Obs/Exp Max	Max Obs/Exp Position
ACACC	179860	1.1426432	5.0041003	6
ATACC	281650	1.0961211	5.2529764	6
GTATT	419790	1.0117415	5.897646	1
AATAC	417880	0.99734014	5.4553485	5
ATATA	650355	0.9508564	5.403064	1
TACTG	240030	0.944344	5.172472	7
ATACT	363950	0.8676873	5.7904644	6
TATTA	589750	0.8613153	5.537423	2
TATAC	357120	0.85140395	6.6441574	5
GTATA	316310	0.7631687	7.027399	1
>>END_MODULE
