##FastQC	0.8.0
>>Basic Statistics	pass
#Measure	Value	
Filename	8_140619_BC47HDACXX_P1260_1014_1.fastq.gz	
File type	Conventional base calls	
Total Sequences	3528456	
Sequence length	101	
%GC	38	
>>END_MODULE
>>Per base sequence quality	pass
#Base	Mean	Median	Lower Quartile	Upper Quartile	10th Percentile	90th Percentile
1	32.73168037237817	33.0	33.0	33.0	33.0	33.0
2	32.787237533924184	33.0	33.0	33.0	33.0	33.0
3	32.78489883393756	33.0	33.0	33.0	33.0	33.0
4	36.739982303874555	37.0	37.0	37.0	37.0	37.0
5	36.65655459498432	37.0	37.0	37.0	37.0	37.0
6	36.635724237456834	37.0	37.0	37.0	37.0	37.0
7	36.60707856354168	37.0	37.0	37.0	37.0	37.0
8	36.59852638094396	37.0	37.0	37.0	37.0	37.0
9	36.564270604479695	37.0	37.0	37.0	37.0	37.0
10	36.568967843158596	37.0	37.0	37.0	37.0	37.0
11	36.59254076003782	37.0	37.0	37.0	37.0	37.0
12	36.55667436408446	37.0	37.0	37.0	37.0	37.0
13	36.56532914113142	37.0	37.0	37.0	37.0	37.0
14	38.700223837281804	40.0	37.0	40.0	37.0	40.0
15	38.71795170465495	40.0	37.0	40.0	37.0	40.0
16	38.70224455115779	40.0	37.0	40.0	37.0	40.0
17	38.694923501950996	40.0	37.0	40.0	37.0	40.0
18	38.695372990339116	40.0	37.0	40.0	37.0	40.0
19	38.72719625808002	40.0	37.0	40.0	37.0	40.0
20	38.70734678284213	40.0	37.0	40.0	37.0	40.0
21	38.682086725752	40.0	37.0	40.0	37.0	40.0
22	38.64306824288017	40.0	37.0	40.0	37.0	40.0
23	38.62341970538955	40.0	37.0	40.0	37.0	40.0
24	38.61524899276057	40.0	37.0	40.0	37.0	40.0
25	38.578314991032904	40.0	37.0	40.0	37.0	40.0
26	38.5311433669571	40.0	37.0	40.0	37.0	40.0
27	38.503191480919696	40.0	37.0	40.0	37.0	40.0
28	38.49704941764897	40.0	37.0	40.0	37.0	40.0
29	38.47233435814419	40.0	37.0	40.0	37.0	40.0
30	38.464205590207165	40.0	37.0	40.0	37.0	40.0
31	38.435693685850126	40.0	37.0	40.0	37.0	40.0
32	38.419148488744085	40.0	37.0	40.0	37.0	40.0
33	38.386041373337235	40.0	37.0	40.0	37.0	40.0
34	38.37504024423147	40.0	37.0	40.0	37.0	40.0
35	38.348808090564255	40.0	37.0	40.0	37.0	40.0
36	38.29816922756016	40.0	37.0	40.0	37.0	40.0
37	38.393506394865064	40.0	37.0	40.0	37.0	40.0
38	38.41097097427317	40.0	37.0	40.0	37.0	40.0
39	38.398800778584175	40.0	37.0	40.0	37.0	40.0
40	38.373101719278914	40.0	37.0	40.0	37.0	40.0
41	38.36458694681186	40.0	37.0	40.0	37.0	40.0
42	38.356588547512	40.0	37.0	40.0	37.0	40.0
43	38.32034578297136	40.0	37.0	40.0	37.0	40.0
44	38.289100955205335	40.0	37.0	40.0	37.0	40.0
45	38.27611028733248	40.0	37.0	40.0	37.0	40.0
46	38.234174947909224	40.0	37.0	40.0	37.0	40.0
47	38.204465069140724	40.0	37.0	40.0	37.0	40.0
48	38.16976150474882	40.0	37.0	40.0	37.0	40.0
49	38.13401754195036	40.0	37.0	40.0	37.0	40.0
50	38.17948558803057	40.0	37.0	40.0	37.0	40.0
51	38.174315904747004	40.0	37.0	40.0	37.0	40.0
52	38.14572719625808	40.0	37.0	40.0	37.0	40.0
53	38.11120047975658	40.0	37.0	40.0	37.0	40.0
54	38.05184760699864	40.0	37.0	40.0	37.0	40.0
55	37.99451431447636	40.0	37.0	40.0	33.0	40.0
56	37.92923618715948	40.0	37.0	40.0	33.0	40.0
57	37.86144081150509	40.0	37.0	40.0	33.0	40.0
58	37.78630568157857	40.0	37.0	40.0	33.0	40.0
59	37.719951162774876	40.0	37.0	40.0	33.0	40.0
60	37.63671560591941	40.0	37.0	40.0	33.0	40.0
61	37.57930154152411	40.0	37.0	40.0	33.0	40.0
62	37.46210183717751	40.0	37.0	40.0	33.0	40.0
63	37.35698787231582	37.0	37.0	40.0	33.0	40.0
64	37.255195757011	37.0	37.0	40.0	33.0	40.0
65	37.14148284688827	37.0	37.0	40.0	33.0	40.0
66	37.04693327619786	37.0	37.0	40.0	33.0	40.0
67	36.922938248344316	37.0	37.0	40.0	33.0	40.0
68	36.806780076044596	37.0	37.0	40.0	33.0	40.0
69	36.650693391103644	37.0	37.0	40.0	33.0	40.0
70	36.53386722124351	37.0	37.0	40.0	33.0	40.0
71	36.40972368650764	37.0	37.0	40.0	33.0	40.0
72	36.265875215675074	37.0	37.0	37.0	33.0	40.0
73	36.12913920422984	37.0	37.0	37.0	33.0	40.0
74	35.9552662694391	37.0	37.0	37.0	33.0	40.0
75	35.81660108557397	37.0	37.0	37.0	33.0	40.0
76	34.20573446289255	37.0	33.0	37.0	27.0	37.0
77	34.83140756183441	37.0	33.0	37.0	33.0	37.0
78	35.252041686221965	37.0	33.0	37.0	33.0	37.0
79	35.38266737632551	37.0	33.0	37.0	33.0	37.0
80	35.36064301212768	37.0	33.0	37.0	33.0	37.0
81	35.28930416023326	37.0	33.0	37.0	33.0	37.0
82	35.20170153744301	37.0	33.0	37.0	33.0	37.0
83	35.11272324212063	37.0	33.0	37.0	33.0	37.0
84	35.0494162319156	37.0	33.0	37.0	33.0	37.0
85	34.96779526229036	37.0	33.0	37.0	33.0	37.0
86	34.89483700519434	37.0	33.0	37.0	33.0	37.0
87	34.81282606329794	37.0	33.0	37.0	33.0	37.0
88	34.722168846657006	37.0	33.0	37.0	33.0	37.0
89	34.66034152048375	37.0	33.0	37.0	33.0	37.0
90	34.601158977184355	37.0	33.0	37.0	33.0	37.0
91	34.516676982793605	37.0	33.0	37.0	33.0	37.0
92	34.457190907297694	37.0	33.0	37.0	33.0	37.0
93	34.42212259413182	37.0	33.0	37.0	33.0	37.0
94	34.36593427833591	37.0	33.0	37.0	33.0	37.0
95	34.30303452841696	37.0	33.0	37.0	33.0	37.0
96	34.23001873907454	37.0	33.0	37.0	33.0	37.0
97	34.129905261678196	37.0	33.0	37.0	33.0	37.0
98	34.04430578133892	37.0	33.0	37.0	33.0	37.0
99	33.96709098823962	37.0	33.0	37.0	33.0	37.0
100	33.88976651543905	37.0	33.0	37.0	33.0	37.0
101	32.87594715648998	33.0	33.0	37.0	27.0	37.0
>>END_MODULE
>>Per sequence quality scores	pass
#Quality	Count
2	1.0
3	0.0
4	0.0
5	1.0
6	5.0
7	13.0
8	66.0
9	128.0
10	268.0
11	371.0
12	505.0
13	633.0
14	784.0
15	1018.0
16	1170.0
17	1399.0
18	1694.0
19	1970.0
20	2280.0
21	2705.0
22	3283.0
23	4343.0
24	5666.0
25	7643.0
26	10282.0
27	14228.0
28	19514.0
29	26465.0
30	36306.0
31	48976.0
32	67266.0
33	95381.0
34	138563.0
35	212196.0
36	389886.0
37	1100473.0
38	1330935.0
39	2039.0
>>END_MODULE
>>Per base sequence content	fail
#Base	G	A	T	C
1	1194141	984701	559994	788225
2	428281	831356	1582221	686598
3	455902	1156286	1178422	737523
4	361649	732484	1626570	807501
5	353895	1423611	1407055	343895
6	807907	1620132	734999	365414
7	740123	1221324	1084598	482411
8	668735	1449501	871328	538892
9	769777	636484	963263	1158932
10	459300	1064073	1308596	696487
11	971195	1014502	1015275	527484
12	619573	1011468	1265552	631863
13	802771	903747	1101093	720845
14	627295	854198	1118442	928521
15	700417	1194951	931523	701565
16	661576	1192149	1026303	648426
17	636248	1136198	1121350	634660
18	641817	1142926	1114174	629539
19	665409	1122959	1107776	632312
20	667082	1113113	1094507	653754
21	661654	1100882	1102577	663343
22	666535	1090424	1106840	664657
23	662795	1095124	1097246	673279
24	661250	1107831	1096041	663321
25	674337	1088446	1104347	661318
26	670529	1101503	1088333	668089
27	669657	1107626	1091408	659732
28	670541	1104559	1093536	659775
29	668454	1098325	1089267	672371
30	670056	1105626	1088263	664475
31	679572	1094178	1086378	668280
32	668077	1098046	1095507	666774
33	670194	1103928	1086525	667674
34	676219	1087058	1096043	669035
35	667238	1095813	1091431	673961
36	670852	1094939	1089003	673659
37	674186	1091788	1100391	662091
38	674699	1092912	1090760	670085
39	674123	1097171	1086385	670753
40	677884	1089668	1095591	665313
41	670302	1091789	1089847	676518
42	672591	1097555	1092271	666039
43	679691	1087713	1091556	669496
44	676937	1086751	1089283	675485
45	670659	1099921	1084496	673380
46	679867	1084931	1093191	670467
47	666244	1091525	1092061	678624
48	678767	1094420	1083828	671441
49	681577	1087353	1092861	666665
50	671115	1094993	1086522	675825
51	667826	1094396	1089027	677207
52	677977	1084637	1094342	671500
53	669733	1090307	1089905	678511
54	675232	1092968	1087643	672613
55	675932	1090158	1090824	671542
56	680121	1081455	1086459	680421
57	675208	1094660	1082908	675680
58	679925	1077012	1087167	684352
59	668114	1081989	1092857	685496
60	670935	1096258	1086220	675043
61	681510	1080855	1090718	675373
62	674829	1083898	1086350	683379
63	669904	1091624	1084517	682411
64	676308	1082086	1088681	681381
65	672257	1090196	1084584	681419
66	673615	1092135	1081347	681186
67	677113	1081206	1088729	681300
68	674433	1085445	1077903	690489
69	679414	1087621	1081951	679227
70	676230	1083199	1085931	683074
71	668033	1082359	1088240	689748
72	668934	1092259	1081512	685624
73	678665	1080185	1088020	681550
74	675115	1083264	1082016	687844
75	675068	1088058	1083340	681932
76	681955	1083768	1079451	683250
77	671520	1084300	1079059	693577
78	674285	1088090	1082537	683379
79	676794	1080673	1087126	683851
80	676206	1079974	1080676	691451
81	671597	1088183	1080499	688115
82	677390	1081979	1084480	684454
83	676995	1076263	1083152	692041
84	669193	1091724	1078759	688662
85	680472	1077951	1082873	686805
86	673587	1082455	1078862	693451
87	671942	1090729	1078005	687465
88	679808	1076519	1084638	686630
89	670486	1083419	1078264	695193
90	675048	1083000	1078744	690542
91	679402	1072830	1086690	687912
92	676721	1080240	1076698	693601
93	671380	1084949	1080726	690651
94	676591	1076544	1082110	692050
95	667361	1078765	1086710	694216
96	680198	1082788	1078310	686219
97	680783	1073682	1078251	694627
98	676042	1075162	1080596	695843
99	675783	1087794	1073403	690412
100	682647	1075275	1083164	686571
101	678446	1070581	1080865	698176
>>END_MODULE
>>Per base GC content	fail
#Base	%GC
1	56.20447165501249
2	31.596794745350376
3	33.825964043872496
4	33.13725623575054
5	19.77607202697157
6	33.253137636561306
7	34.64784597002202
8	34.22536656259849
9	54.6615573497303
10	32.756168703818325
11	42.47407364580995
12	35.46695778550165
13	43.18081336425904
14	44.093393824380975
15	39.73358318766056
16	37.12679830883441
17	36.01881389480271
18	36.0315106664218
19	36.77872134440673
20	37.433823746137115
21	37.55175068075101
22	37.72732322579621
23	37.86581280587137
24	37.539815720418325
25	37.85389497025321
26	37.93780505569862
27	37.67657675964588
28	37.702977345893096
29	38.00075217866822
30	37.82233974413477
31	38.200004081160685
32	37.8315805106218
33	37.91797855127127
34	38.126945843034505
35	38.01107173900783
36	38.1048295102698
37	37.871437251874475
38	38.11253420759675
39	38.11540083527187
40	38.06755702777645
41	38.17023650004421
42	37.93812364388277
43	38.2373196661656
44	38.329002827298964
45	38.0914201565784
46	38.26982680243143
47	38.114936456589774
48	38.26625583541357
49	38.21053741353159
50	38.17364823981034
51	38.119591118608255
52	38.245538558508315
53	38.21059409554774
54	38.19928603332449
55	38.18877151932744
56	38.55913181289493
57	38.28552772090682
58	38.66498547806746
59	38.36267194489601
60	38.14637337124226
61	38.45543206433636
62	38.49298390004013
63	38.32597033943458
64	38.47827491684748
65	38.36454245142918
66	38.39830875244418
67	38.49997222496194
68	38.68530469606918
69	38.507907544130695
70	38.52428584465517
71	38.48171115356055
72	38.390921028056056
73	38.55025762239189
74	38.63000777441664
75	38.45938014929155
76	38.691636832761596
77	38.68822510469168
78	38.479365789273054
79	38.56218208366067
80	38.76241494858582
81	38.536285913647966
82	38.597705469173135
83	38.79991531694786
84	38.48426653002065
85	38.753907555367604
86	38.74434403567668
87	38.53040453882087
88	38.735682525913546
89	38.71672371591008
90	38.71450789746591
91	38.7688788301349
92	38.84947523006526
93	38.60953832320494
94	38.80143282600406
95	38.603825517741164
96	38.7359656868929
97	38.992805633021796
98	38.889564505251805
99	38.73102280665149
100	38.8138075782311
101	39.01914588947832
>>END_MODULE
>>Per sequence GC content	pass
#GC Content	Count
0	0.0
1	0.0
2	0.0
3	0.0
4	0.0
5	1.5
6	2.0
7	2.0
8	3.5
9	8.0
10	16.5
11	26.0
12	53.0
13	89.5
14	145.5
15	221.5
16	304.5
17	466.5
18	721.5
19	1109.0
20	1789.5
21	3017.0
22	4999.0
23	7860.5
24	12310.5
25	19233.5
26	29377.0
27	42902.0
28	60114.5
29	81879.0
30	106368.0
31	130893.0
32	155830.0
33	179832.0
34	199957.0
35	216961.5
36	226804.5
37	227899.0
38	224180.0
39	216020.0
40	200350.0
41	184531.0
42	168740.5
43	147583.0
44	128603.5
45	110643.0
46	92882.0
47	77125.5
48	63662.5
49	50367.0
50	38777.0
51	31246.5
52	24356.5
53	18032.0
54	12272.0
55	7997.0
56	5589.5
57	3999.0
58	3035.0
59	2113.0
60	1414.0
61	1067.5
62	836.0
63	616.5
64	411.0
65	280.5
66	199.5
67	132.0
68	77.0
69	47.0
70	27.5
71	14.0
72	10.5
73	7.0
74	4.0
75	2.0
76	1.0
77	2.0
78	2.0
79	0.5
80	0.0
81	0.0
82	0.0
83	0.5
84	0.5
85	0.0
86	0.0
87	0.0
88	0.0
89	0.0
90	0.0
91	0.0
92	0.0
93	0.0
94	0.0
95	0.0
96	0.0
97	0.0
98	0.0
99	0.0
100	0.0
>>END_MODULE
>>Per base N content	pass
#Base	N-Count
1	0.03953570626925772
2	0.0
3	0.009154145609297663
4	0.007141934035736877
5	0.0
6	1.1336403231328377E-4
7	0.0
8	0.0
9	0.0
10	0.0
11	0.0
12	0.0
13	0.0
14	0.0
15	0.0
16	5.6682016156641885E-5
17	0.0
18	0.0
19	0.0
20	0.0
21	0.0
22	0.0
23	3.400920969398513E-4
24	3.6843310501817226E-4
25	2.2672806462656754E-4
26	5.6682016156641885E-5
27	9.352532665845911E-4
28	0.0012753453635244425
29	0.0011052993150545169
30	0.0010202762908195539
31	0.0013603683877594051
32	0.001473732420072689
33	0.003826036090573327
34	0.002862441815910415
35	3.6843310501817226E-4
36	8.502302423496282E-5
37	0.0
38	0.0
39	6.801841938797026E-4
40	0.0
41	0.0
42	0.0
43	0.0
44	0.0
45	0.0
46	0.0
47	5.6682016156641885E-5
48	0.0
49	0.0
50	2.8341008078320943E-5
51	0.0
52	0.0
53	0.0
54	0.0
55	0.0
56	0.0
57	0.0
58	0.0
59	0.0
60	0.0
61	0.0
62	0.0
63	0.0
64	0.0
65	0.0
66	0.004902994397549524
67	0.003060828872458662
68	0.005271427502567695
69	0.00688686496303199
70	6.235021777230607E-4
71	0.0021539166139523916
72	0.0035993080259467598
73	0.0010202762908195539
74	0.006149998752995645
75	0.0016437784685426145
76	9.069122585062702E-4
77	0.0
78	0.004676266332922956
79	3.400920969398513E-4
80	0.00422281020366982
81	0.0017571425008558984
82	0.0043361742359831045
83	1.4170504039160472E-4
84	0.0033442389532418715
85	0.010061057867803935
86	0.002862441815910415
87	0.008927417544671096
88	0.02440160795543433
89	0.03100506283768311
90	0.031798611063876096
91	0.04596911510303657
92	0.03389584566167185
93	0.021255756058740707
94	0.03290391037893061
95	0.039790775341962605
96	0.026668888601700007
97	0.03154354199117121
98	0.023041239567674926
99	0.03015483259533348
100	0.022644465454578433
101	0.010996311134388526
>>END_MODULE
>>Sequence Length Distribution	pass
#Length	Count
101	3528456.0
>>END_MODULE
>>Sequence Duplication Levels	warn
#Total Duplicate Percentage	47.414553068008594
#Duplication Level	Relative count
1	100.0
2	36.24322224065521
3	15.782902147054457
4	7.499410629622192
5	3.868889102323429
6	2.155785870827476
7	1.3324136244968523
8	0.8259916702319936
9	0.6199303233242236
10++	6.299714482794751
>>END_MODULE
>>Overrepresented sequences	pass
>>END_MODULE
>>Kmer Content	warn
#Sequence	Count	Obs/Exp Overall	Obs/Exp Max	Max Obs/Exp Position
ATACC	408185	1.1128664	5.4937644	6
GTATT	601175	1.0206597	6.615622	1
ATACA	591020	1.0017794	5.186707	6
AATAC	590785	1.001381	5.6227975	5
ATATA	893940	0.9392345	5.391194	1
TACTG	339985	0.93120235	5.254847	7
TATAC	508140	0.8587467	6.7588463	5
ATACT	502355	0.8489702	5.7643256	6
TATTA	810265	0.8487984	5.9534783	2
GTATA	443565	0.75531054	7.45835	1
TATAA	693925	0.7290851	5.019005	2
>>END_MODULE
