##FastQC	0.8.0
>>Basic Statistics	pass
#Measure	Value	
Filename	8_140619_BC47HDACXX_P1260_1001_1.fastq	
File type	Conventional base calls	
Total Sequences	3480996	
Sequence length	101	
%GC	37	
>>END_MODULE
>>Per base sequence quality	pass
#Base	Mean	Median	Lower Quartile	Upper Quartile	10th Percentile	90th Percentile
1	32.65872009045687	33.0	33.0	33.0	33.0	33.0
2	32.733369127686444	33.0	33.0	33.0	33.0	33.0
3	32.72471987902313	33.0	33.0	33.0	33.0	33.0
4	36.66673905974037	37.0	37.0	37.0	37.0	37.0
5	36.56316209498661	37.0	37.0	37.0	37.0	37.0
6	36.544818207202766	37.0	37.0	37.0	37.0	37.0
7	36.50755846889798	37.0	37.0	37.0	37.0	37.0
8	36.495842569195716	37.0	37.0	37.0	37.0	37.0
9	36.454197017175545	37.0	37.0	37.0	37.0	37.0
10	36.45643861699353	37.0	37.0	37.0	37.0	37.0
11	36.4844642165633	37.0	37.0	37.0	37.0	37.0
12	36.443987870138315	37.0	37.0	37.0	37.0	37.0
13	36.45499994829066	37.0	37.0	37.0	37.0	37.0
14	38.46080259787716	40.0	37.0	40.0	37.0	40.0
15	38.471021512233854	40.0	37.0	40.0	37.0	40.0
16	38.45123148662049	40.0	37.0	40.0	37.0	40.0
17	38.43785772807553	40.0	37.0	40.0	37.0	40.0
18	38.433590845838374	40.0	37.0	40.0	37.0	40.0
19	38.473720452422235	40.0	37.0	40.0	37.0	40.0
20	38.446490027566824	40.0	37.0	40.0	37.0	40.0
21	38.416729292420904	40.0	37.0	40.0	37.0	40.0
22	38.375109595069915	40.0	37.0	40.0	37.0	40.0
23	38.35343275315456	40.0	37.0	40.0	37.0	40.0
24	38.341769424612956	40.0	37.0	40.0	37.0	40.0
25	38.29737868127398	40.0	37.0	40.0	37.0	40.0
26	38.24402354958178	40.0	37.0	40.0	37.0	40.0
27	38.20986637157871	40.0	37.0	40.0	37.0	40.0
28	38.19942683071167	40.0	37.0	40.0	37.0	40.0
29	38.16808838619751	40.0	37.0	40.0	37.0	40.0
30	38.15471663857126	40.0	37.0	40.0	37.0	40.0
31	38.12223800314623	40.0	37.0	40.0	37.0	40.0
32	38.101825167279706	40.0	37.0	40.0	37.0	40.0
33	38.0643045840903	40.0	37.0	40.0	37.0	40.0
34	38.046686063414036	40.0	37.0	40.0	33.0	40.0
35	38.0149641079737	40.0	37.0	40.0	33.0	40.0
36	37.96095255495841	40.0	37.0	40.0	33.0	40.0
37	38.065549917322514	40.0	37.0	40.0	37.0	40.0
38	38.08650598851593	40.0	37.0	40.0	37.0	40.0
39	38.075013588065026	40.0	37.0	40.0	37.0	40.0
40	38.044053483543216	40.0	37.0	40.0	37.0	40.0
41	38.02659669818638	40.0	37.0	40.0	33.0	40.0
42	38.02381502305662	40.0	37.0	40.0	33.0	40.0
43	37.97932947926398	40.0	37.0	40.0	33.0	40.0
44	37.946888764020414	40.0	37.0	40.0	33.0	40.0
45	37.92613062468328	40.0	37.0	40.0	33.0	40.0
46	37.88180107072803	40.0	37.0	40.0	33.0	40.0
47	37.85550457397825	40.0	37.0	40.0	33.0	40.0
48	37.814208059992026	40.0	37.0	40.0	33.0	40.0
49	37.77549758747209	40.0	37.0	40.0	33.0	40.0
50	37.823052655044705	40.0	37.0	40.0	33.0	40.0
51	37.82184926383139	40.0	37.0	40.0	33.0	40.0
52	37.791098869404046	40.0	37.0	40.0	33.0	40.0
53	37.75361046091406	40.0	37.0	40.0	33.0	40.0
54	37.6925558087398	40.0	37.0	40.0	33.0	40.0
55	37.637856808798404	40.0	37.0	40.0	33.0	40.0
56	37.567443915477064	40.0	37.0	40.0	33.0	40.0
57	37.49456448671587	40.0	37.0	40.0	33.0	40.0
58	37.41514928485985	40.0	37.0	40.0	33.0	40.0
59	37.349664291484395	40.0	37.0	40.0	33.0	40.0
60	37.26363776344471	37.0	37.0	40.0	33.0	40.0
61	37.2032472889943	37.0	37.0	40.0	33.0	40.0
62	37.08179469324297	37.0	37.0	40.0	33.0	40.0
63	36.973484025836285	37.0	37.0	40.0	33.0	40.0
64	36.87541008378062	37.0	37.0	40.0	33.0	40.0
65	36.76106809660224	37.0	37.0	40.0	33.0	40.0
66	36.66645408383118	37.0	37.0	40.0	33.0	40.0
67	36.545608210983296	37.0	37.0	40.0	33.0	40.0
68	36.42617974855472	37.0	37.0	40.0	33.0	40.0
69	36.27332378434218	37.0	37.0	40.0	33.0	40.0
70	36.15479822441623	37.0	37.0	40.0	33.0	40.0
71	36.03379607445685	37.0	37.0	37.0	33.0	40.0
72	35.889530180442605	37.0	37.0	37.0	33.0	40.0
73	35.759256258840864	37.0	37.0	37.0	33.0	40.0
74	35.57135199236081	37.0	33.0	37.0	33.0	40.0
75	35.42781749821028	37.0	33.0	37.0	33.0	40.0
76	33.84455885614347	37.0	33.0	37.0	27.0	37.0
77	34.47418296372648	37.0	33.0	37.0	27.0	37.0
78	34.90373990662442	37.0	33.0	37.0	33.0	37.0
79	35.046872504306236	37.0	33.0	37.0	33.0	37.0
80	35.027677997906345	37.0	33.0	37.0	33.0	37.0
81	34.94979741430326	37.0	33.0	37.0	33.0	37.0
82	34.85791738916103	37.0	33.0	37.0	33.0	37.0
83	34.76204138125985	37.0	33.0	37.0	33.0	37.0
84	34.68505048555069	37.0	33.0	37.0	33.0	37.0
85	34.58679010260282	37.0	33.0	37.0	33.0	37.0
86	34.49937690247274	37.0	33.0	37.0	33.0	37.0
87	34.404915144975746	37.0	33.0	37.0	33.0	37.0
88	34.294749835966485	37.0	33.0	37.0	33.0	37.0
89	34.228372856504286	37.0	33.0	37.0	33.0	37.0
90	34.154842751902045	37.0	33.0	37.0	33.0	37.0
91	34.05703654930945	37.0	33.0	37.0	27.0	37.0
92	33.982770735731954	37.0	33.0	37.0	27.0	37.0
93	33.93101485896565	37.0	33.0	37.0	27.0	37.0
94	33.8590414927222	37.0	33.0	37.0	27.0	37.0
95	33.776618818292235	37.0	33.0	37.0	27.0	37.0
96	33.68457590873417	37.0	33.0	37.0	27.0	37.0
97	33.56573635821472	37.0	33.0	37.0	27.0	37.0
98	33.459627072251735	37.0	33.0	37.0	27.0	37.0
99	33.364204957431724	37.0	33.0	37.0	27.0	37.0
100	33.26639559482401	37.0	33.0	37.0	27.0	37.0
101	32.242985628251226	33.0	33.0	37.0	27.0	37.0
>>END_MODULE
>>Per sequence quality scores	pass
#Quality	Count
2	1.0
3	1.0
4	0.0
5	5.0
6	4.0
7	35.0
8	81.0
9	191.0
10	321.0
11	496.0
12	625.0
13	815.0
14	1068.0
15	1231.0
16	1525.0
17	1764.0
18	2265.0
19	2582.0
20	3079.0
21	3693.0
22	4551.0
23	5723.0
24	7553.0
25	10192.0
26	13716.0
27	18525.0
28	25285.0
29	33564.0
30	44686.0
31	60302.0
32	81650.0
33	113220.0
34	161457.0
35	246879.0
36	450944.0
37	1139708.0
38	1042037.0
39	1222.0
>>END_MODULE
>>Per base sequence content	fail
#Base	G	A	T	C
1	1125042	1006841	576786	771066
2	407680	833319	1570850	669147
3	441167	1151735	1173409	714403
4	356817	739283	1589395	795317
5	349986	1401416	1388918	340676
6	792310	1592826	731904	363951
7	720719	1210841	1074079	475357
8	649748	1445253	859569	526425
9	747041	642502	961776	1129677
10	457883	1055603	1285900	681610
11	946724	1008734	1001468	524070
12	606570	1004159	1247916	622351
13	780082	903248	1093639	704027
14	613177	852163	1110039	905617
15	684476	1184189	926082	686249
16	646180	1182649	1020919	631247
17	615650	1134853	1109137	621356
18	628156	1138113	1101299	613428
19	649591	1113019	1099371	619015
20	651597	1099925	1092444	637030
21	642712	1096813	1095769	645702
22	649518	1081337	1100481	649660
23	646723	1091879	1088627	653756
24	646177	1100267	1087469	647068
25	657119	1082943	1092582	648335
26	650968	1094809	1083767	651450
27	652226	1100240	1080499	648008
28	656662	1094963	1084687	644642
29	651541	1089818	1086778	652827
30	655915	1096409	1083293	645339
31	659791	1088187	1080021	652957
32	650345	1092712	1086919	650975
33	655762	1095052	1076184	653863
34	660177	1080199	1089884	650640
35	652585	1088010	1082448	657936
36	654964	1091157	1078969	655905
37	655996	1085457	1091872	647671
38	656133	1086572	1081675	656613
39	658023	1088875	1078368	655713
40	661529	1083533	1085902	650032
41	652145	1086117	1082156	660578
42	654687	1091738	1083313	651258
43	664539	1080156	1082282	654017
44	658346	1082007	1083696	656947
45	657997	1088401	1079079	655519
46	659835	1075918	1086447	658796
47	652337	1086311	1081506	660838
48	662265	1083654	1077993	657084
49	662730	1081045	1084421	652800
50	656073	1082710	1079680	662530
51	654886	1086987	1081438	657685
52	663850	1075674	1084813	656659
53	654328	1081625	1080398	664645
54	657074	1087966	1081192	654764
55	661078	1078660	1085602	655656
56	661420	1075396	1080210	663970
57	660247	1082958	1078648	659143
58	662221	1068884	1082087	667804
59	653867	1075751	1084128	667250
60	656156	1087460	1078915	658465
61	660200	1073146	1083402	664248
62	658097	1077827	1078514	666558
63	656505	1081455	1078028	665008
64	659106	1079403	1080998	661489
65	658249	1083291	1073806	665648
66	659358	1082679	1074934	663843
67	661641	1079931	1076627	662678
68	660425	1074171	1075908	670281
69	664795	1080397	1074208	661311
70	663505	1077211	1075745	664517
71	652426	1077807	1080102	670567
72	653876	1081933	1076075	668969
73	663955	1072225	1079443	665330
74	657618	1077121	1075612	670404
75	661309	1080674	1075528	663419
76	664482	1078321	1074930	663228
77	659787	1077004	1069141	675063
78	658607	1081683	1074597	665917
79	661963	1073410	1079422	666184
80	660527	1075773	1071352	673175
81	654333	1084459	1071872	670270
82	665349	1072774	1075464	667224
83	657449	1075678	1074128	673737
84	656858	1086631	1070649	666737
85	664129	1068653	1079657	668144
86	654982	1076370	1073428	676105
87	663489	1076341	1074288	666512
88	665774	1067797	1074630	671865
89	659716	1077983	1069141	673012
90	657758	1080494	1071725	669849
91	660114	1067695	1079554	671996
92	660093	1073155	1068789	677727
93	660083	1076371	1072859	670865
94	661549	1071245	1075707	671299
95	653476	1071554	1075010	679517
96	662949	1081066	1069964	666037
97	666092	1067323	1070431	675977
98	663181	1071103	1070250	675597
99	663317	1079138	1068059	669368
100	665173	1068178	1073545	673231
101	662055	1066264	1075259	676973
>>END_MODULE
>>Per base GC content	fail
#Base	%GC
1	54.49001145202149
2	30.93445094449979
3	33.19922291805647
4	33.09957561626425
5	19.840930584235085
6	33.21643175750813
7	34.360165883557464
8	33.788413944863464
9	53.91324781757865
10	32.73468283215494
11	42.25210255915261
12	35.30371767160893
13	42.63460802597877
14	43.63101824880006
15	39.377379347749894
16	36.6971799729675
17	35.53597878308392
18	35.66749286698405
19	36.443764945435156
20	37.01891642506915
21	37.012797486696336
22	37.32201933009978
23	37.359511747393334
24	37.1517396963672
25	37.50249570594939
26	37.41511763593962
27	37.352602275283374
28	37.383544855806775
29	37.47145905559495
30	37.38208698989588
31	37.71228363702385
32	37.384036718701296
33	37.623593702822376
34	37.65741618546928
35	37.64805820431551
36	37.65788230089385
37	37.45097667449201
38	37.711825332599055
39	37.74041727916198
40	37.67775085061862
41	37.71113210127216
42	37.516417714929865
43	37.87872084812556
44	37.784961545488706
45	37.73391293756155
46	37.8808536407396
47	37.72416023938004
48	37.90147992126391
49	37.791769941706335
50	37.88008191915353
51	37.706765534921615
52	37.93480371709706
53	37.89067841502835
54	37.685708343244286
55	37.82635774358833
56	38.07502220628808
57	37.90265774508215
58	38.20817375256967
59	37.95226998249926
60	37.765656725833644
61	38.04796098587875
62	38.05390755979035
63	37.963646036938854
64	37.937274274374346
65	38.03215403416381
66	38.014125431580084
67	38.04555576080396
68	38.23005442737773
69	38.09871029223627
70	38.15083002535494
71	38.00718894125718
72	38.00347213743298
73	38.18738718965754
74	38.15327421780619
75	38.05672621971715
76	38.14205330079826
77	38.34679452283039
78	38.05224310245564
79	38.15441000936806
80	38.315664639466426
81	38.05309149785661
82	38.28340579250066
83	38.241570219063995
84	38.02477825259453
85	38.27729434982587
86	38.23990163421084
87	38.21150194074061
88	38.437173317977305
89	38.298410392166105
90	38.151534013482284
91	38.286075107512616
92	38.445710686126986
93	38.243676041857626
94	38.30243117420542
95	38.3092732781788
96	38.189077291598664
97	38.56716275511714
98	38.46918406232409
99	38.296844548177205
100	38.45848154392067
101	38.47172473553756
>>END_MODULE
>>Per sequence GC content	pass
#GC Content	Count
0	0.0
1	0.0
2	0.0
3	0.0
4	0.0
5	0.0
6	0.5
7	2.0
8	6.0
9	9.5
10	15.0
11	24.0
12	50.5
13	88.5
14	133.5
15	198.5
16	290.0
17	442.0
18	747.0
19	1237.5
20	2140.0
21	3669.0
22	5942.5
23	9574.5
24	15679.0
25	24682.0
26	36719.5
27	52073.0
28	70588.0
29	92411.0
30	115941.5
31	139176.0
32	161853.0
33	184753.5
34	202228.0
35	213781.0
36	221183.0
37	222998.5
38	217822.0
39	204493.5
40	191089.0
41	176385.5
42	158347.5
43	140258.5
44	120737.5
45	101865.5
46	84916.0
47	68458.0
48	55074.0
49	43846.0
50	35213.0
51	28737.5
52	21418.5
53	15721.0
54	11158.5
55	7748.0
56	5519.5
57	3818.0
58	2899.0
59	2227.0
60	1534.5
61	969.0
62	714.5
63	523.0
64	345.0
65	219.5
66	128.5
67	68.0
68	42.5
69	25.5
70	15.0
71	10.0
72	4.0
73	2.5
74	1.5
75	0.5
76	0.0
77	0.0
78	0.5
79	0.5
80	0.0
81	0.0
82	0.0
83	0.0
84	0.0
85	0.0
86	0.0
87	0.0
88	0.0
89	0.0
90	0.0
91	0.0
92	0.0
93	0.0
94	0.5
95	0.5
96	0.0
97	0.0
98	0.0
99	0.0
100	0.0
>>END_MODULE
>>Per base N content	pass
#Base	N-Count
1	0.03622526426344644
2	0.0
3	0.008101129676678745
4	0.005285843476981875
5	0.0
6	1.4363705100494225E-4
7	0.0
8	2.872741020098845E-5
9	0.0
10	0.0
11	0.0
12	0.0
13	0.0
14	0.0
15	0.0
16	2.872741020098845E-5
17	0.0
18	0.0
19	0.0
20	0.0
21	0.0
22	0.0
23	3.1600151221087294E-4
24	4.309111530148268E-4
25	4.883659734168037E-4
26	5.74548204019769E-5
27	6.607304346227344E-4
28	0.001206551228441515
29	9.192771264316304E-4
30	0.001149096408039538
31	0.001149096408039538
32	0.0012927334590444805
33	0.003878200377133441
34	0.002757831379294891
35	4.883659734168037E-4
36	2.872741020098845E-5
37	0.0
38	8.618223060296535E-5
39	4.883659734168037E-4
40	0.0
41	0.0
42	0.0
43	5.74548204019769E-5
44	0.0
45	0.0
46	0.0
47	1.149096408039538E-4
48	0.0
49	0.0
50	8.618223060296535E-5
51	0.0
52	0.0
53	0.0
54	0.0
55	0.0
56	0.0
57	0.0
58	0.0
59	0.0
60	0.0
61	0.0
62	0.0
63	0.0
64	0.0
65	5.74548204019769E-5
66	0.005228388656579899
67	0.0034185618139176257
68	0.006061483552408564
69	0.008187311907281709
70	5.170933836177921E-4
71	0.0027003765588929146
72	0.004108019658741349
73	0.0012352786386425035
74	0.0069233058584382175
75	0.001896009073265238
76	0.001005459357034596
77	2.872741020098845E-5
78	0.005515662758589782
79	4.883659734168037E-4
80	0.004854932323967048
81	0.001781099432461284
82	0.005314570887182863
83	1.149096408039538E-4
84	0.0034760166343196027
85	0.011864420413008232
86	0.0031887425323097185
87	0.010514232133561773
88	0.026716491486919264
89	0.03286415726993079
90	0.033611069935156494
91	0.0470267704990181
92	0.03539216936761777
93	0.02349902154440855
94	0.034357982600382184
95	0.041338743279222386
96	0.028152861996968682
97	0.03369725216575946
98	0.024849209823855013
99	0.03200233496390114
100	0.024964119464658964
101	0.012783697539439863
>>END_MODULE
>>Sequence Length Distribution	pass
#Length	Count
101	3480996.0
>>END_MODULE
>>Sequence Duplication Levels	warn
#Total Duplicate Percentage	44.53188993968277
#Duplication Level	Relative count
1	100.0
2	33.974375110126616
3	14.211157818779839
4	6.372660071655717
5	3.2765289769342427
6	1.766221125850597
7	1.0907778924493
8	0.7870382023980332
9	0.5831466425017411
10++	5.750077613042348
>>END_MODULE
>>Overrepresented sequences	pass
>>END_MODULE
>>Kmer Content	warn
#Sequence	Count	Obs/Exp Overall	Obs/Exp Max	Max Obs/Exp Position
GCACC	182455	1.3665874	5.0188975	6
ATACC	394755	1.0916137	5.381041	6
GTATT	598950	1.0163375	6.2455506	1
AATAC	589795	0.99553573	5.4024734	5
ATATA	923235	0.9499994	5.441957	1
TACTG	335870	0.934896	5.250805	7
TATTA	844075	0.86742675	5.662355	2
ATACT	513275	0.8652601	5.8041506	6
TATAC	509270	0.85850865	6.7023253	5
GTATA	453415	0.77037555	7.1955523	1
>>END_MODULE
