##FastQC	0.8.0
>>Basic Statistics	pass
#Measure	Value	
Filename	1_140716_AH9BY4ADXX_P1260_1002_2.fastq.gz	
File type	Conventional base calls	
Total Sequences	1160378	
Sequence length	101	
%GC	37	
>>END_MODULE
>>Per base sequence quality	pass
#Base	Mean	Median	Lower Quartile	Upper Quartile	10th Percentile	90th Percentile
1	32.29408606505811	33.0	33.0	33.0	33.0	33.0
2	32.309501731332375	33.0	33.0	33.0	33.0	33.0
3	32.277571618903494	33.0	33.0	33.0	33.0	33.0
4	36.182444858485766	37.0	37.0	37.0	37.0	37.0
5	36.194022120378015	37.0	37.0	37.0	37.0	37.0
6	36.245001197885514	37.0	37.0	37.0	37.0	37.0
7	36.18586874277175	37.0	37.0	37.0	37.0	37.0
8	36.21355627218027	37.0	37.0	37.0	37.0	37.0
9	36.18020679468242	37.0	37.0	37.0	37.0	37.0
10	36.17722328413672	37.0	37.0	37.0	37.0	37.0
11	36.18986916332437	37.0	37.0	37.0	37.0	37.0
12	36.17047117404846	37.0	37.0	37.0	37.0	37.0
13	36.156424027342815	37.0	37.0	37.0	37.0	37.0
14	38.262360196418754	40.0	37.0	40.0	37.0	40.0
15	38.31164930738087	40.0	37.0	40.0	37.0	40.0
16	38.28784068639702	40.0	37.0	40.0	37.0	40.0
17	38.25857263753708	40.0	37.0	40.0	37.0	40.0
18	38.1690104431487	40.0	37.0	40.0	37.0	40.0
19	38.278505797248826	40.0	37.0	40.0	37.0	40.0
20	38.2762660098692	40.0	37.0	40.0	37.0	40.0
21	38.26266957836153	40.0	37.0	40.0	37.0	40.0
22	38.235393983684624	40.0	37.0	40.0	37.0	40.0
23	38.21171807807456	40.0	37.0	40.0	37.0	40.0
24	38.19316205581285	40.0	37.0	40.0	37.0	40.0
25	38.16375181190957	40.0	37.0	40.0	37.0	40.0
26	38.161335357960944	40.0	37.0	40.0	37.0	40.0
27	38.16321750326187	40.0	37.0	40.0	37.0	40.0
28	38.12839178267772	40.0	37.0	40.0	37.0	40.0
29	38.10669281906413	40.0	37.0	40.0	37.0	40.0
30	38.042510285441466	40.0	37.0	40.0	37.0	40.0
31	38.07173179774177	40.0	37.0	40.0	37.0	40.0
32	38.057856146876276	40.0	37.0	40.0	37.0	40.0
33	38.03725337777862	40.0	37.0	40.0	37.0	40.0
34	38.009466742733835	40.0	37.0	40.0	37.0	40.0
35	37.97403604687438	40.0	37.0	40.0	37.0	40.0
36	37.95278348951807	40.0	37.0	40.0	37.0	40.0
37	37.945489314688835	40.0	37.0	40.0	37.0	40.0
38	37.91693310283373	40.0	37.0	40.0	37.0	40.0
39	37.87493989027713	40.0	37.0	40.0	33.0	40.0
40	37.86820070701099	40.0	37.0	40.0	33.0	40.0
41	37.82060500974682	40.0	37.0	40.0	33.0	40.0
42	37.80500750617471	40.0	37.0	40.0	33.0	40.0
43	37.74679802616044	40.0	37.0	40.0	33.0	40.0
44	37.68530685690352	40.0	37.0	40.0	33.0	40.0
45	37.65238310274755	40.0	37.0	40.0	33.0	40.0
46	37.609741825508586	40.0	37.0	40.0	33.0	40.0
47	37.586059025593386	40.0	37.0	40.0	33.0	40.0
48	37.48911475398534	40.0	37.0	40.0	33.0	40.0
49	37.47368443731267	40.0	37.0	40.0	33.0	40.0
50	37.44937167026607	40.0	37.0	40.0	33.0	40.0
51	37.398071145781806	40.0	37.0	40.0	33.0	40.0
52	37.35687939619676	40.0	37.0	40.0	33.0	40.0
53	37.30580121305299	40.0	37.0	40.0	33.0	40.0
54	37.23690986902544	40.0	37.0	40.0	33.0	40.0
55	37.19143934131809	40.0	37.0	40.0	33.0	40.0
56	37.12264882650309	40.0	37.0	40.0	33.0	40.0
57	37.044918983296824	40.0	37.0	40.0	33.0	40.0
58	36.99302985751195	40.0	37.0	40.0	33.0	40.0
59	36.94556601383342	40.0	37.0	40.0	33.0	40.0
60	36.86326869347747	40.0	37.0	40.0	33.0	40.0
61	36.770719541390825	40.0	37.0	40.0	33.0	40.0
62	36.68178817592199	37.0	37.0	40.0	33.0	40.0
63	36.58946825948096	37.0	37.0	40.0	33.0	40.0
64	36.492423158660365	37.0	37.0	40.0	33.0	40.0
65	36.36261631985439	37.0	37.0	40.0	33.0	40.0
66	36.25888460484428	37.0	37.0	40.0	33.0	40.0
67	36.12570645082896	37.0	37.0	40.0	33.0	40.0
68	35.98717055993823	37.0	37.0	40.0	33.0	40.0
69	35.88193760998571	37.0	37.0	40.0	33.0	40.0
70	35.74794506617671	37.0	37.0	40.0	33.0	40.0
71	35.60755977793443	37.0	37.0	40.0	33.0	40.0
72	35.43785042460302	37.0	37.0	37.0	33.0	40.0
73	35.31344527386765	37.0	37.0	37.0	33.0	40.0
74	35.174491415728326	37.0	37.0	37.0	33.0	40.0
75	35.026954147700145	37.0	33.0	37.0	33.0	40.0
76	34.893127929002446	37.0	33.0	37.0	33.0	40.0
77	34.76357704127448	37.0	33.0	37.0	27.0	40.0
78	34.61018478461329	37.0	33.0	37.0	27.0	37.0
79	34.48917249379082	37.0	33.0	37.0	27.0	37.0
80	34.37846718914009	37.0	33.0	37.0	27.0	37.0
81	34.250492511922836	37.0	33.0	37.0	27.0	37.0
82	34.14293014862398	37.0	33.0	37.0	27.0	37.0
83	34.22231634863812	37.0	33.0	37.0	27.0	37.0
84	34.20737121868908	37.0	33.0	37.0	27.0	37.0
85	34.14084806847424	37.0	33.0	37.0	27.0	37.0
86	34.070939814439775	37.0	33.0	37.0	27.0	37.0
87	34.003335120107415	37.0	33.0	37.0	27.0	37.0
88	33.94104852039594	37.0	33.0	37.0	27.0	37.0
89	34.02983165830445	37.0	33.0	37.0	27.0	37.0
90	34.036346776653815	37.0	33.0	37.0	27.0	37.0
91	34.0066323215366	37.0	33.0	37.0	27.0	37.0
92	33.97209443819169	37.0	33.0	37.0	27.0	37.0
93	33.89357778241228	37.0	33.0	37.0	27.0	37.0
94	33.8758706214699	37.0	33.0	37.0	27.0	37.0
95	33.849837725292964	37.0	33.0	37.0	27.0	37.0
96	33.782141681417606	37.0	33.0	37.0	27.0	37.0
97	33.72880647513138	37.0	33.0	37.0	27.0	37.0
98	33.65692127910043	37.0	33.0	37.0	27.0	37.0
99	33.61797362583572	37.0	33.0	37.0	27.0	37.0
100	33.55260785709484	37.0	33.0	37.0	27.0	37.0
101	33.15586903577972	37.0	33.0	37.0	27.0	37.0
>>END_MODULE
>>Per sequence quality scores	pass
#Quality	Count
2	5557.0
3	1174.0
4	882.0
5	764.0
6	736.0
7	772.0
8	841.0
9	963.0
10	968.0
11	1104.0
12	1165.0
13	1234.0
14	1323.0
15	1501.0
16	1552.0
17	1600.0
18	1560.0
19	1564.0
20	1706.0
21	1769.0
22	2040.0
23	2326.0
24	2884.0
25	3620.0
26	4527.0
27	5711.0
28	7148.0
29	9181.0
30	12015.0
31	15917.0
32	21546.0
33	29722.0
34	43396.0
35	65706.0
36	116777.0
37	313508.0
38	473923.0
39	1696.0
>>END_MODULE
>>Per base sequence content	fail
#Base	G	A	T	C
1	406066	324494	177896	251920
2	148155	272957	526437	212828
3	152648	382912	392591	232225
4	122433	239264	537665	261012
5	119109	465574	460816	114875
6	262521	531535	245488	120831
7	235553	407188	361241	156394
8	212935	473862	293306	180271
9	252660	210340	325202	372155
10	152289	345317	439519	223252
11	305455	337338	343930	173655
12	197290	336684	421760	204639
13	259358	307512	364899	228609
14	205997	292578	371041	290757
15	226158	403779	309199	221229
16	213906	396427	344656	205384
17	204133	378191	373922	204114
18	208167	380519	369534	202150
19	215144	373430	368337	203465
20	214088	368765	366551	210950
21	211485	364927	370150	213807
22	214901	363945	368266	213250
23	212148	367551	366568	214072
24	212835	371953	365508	210036
25	214114	367183	366299	212736
26	212654	367950	366084	213649
27	213572	372072	363282	211439
28	217507	366916	365567	210347
29	214529	367379	364789	213623
30	215767	368183	364333	212034
31	218240	363987	363959	214115
32	215067	364844	363641	216738
33	216708	365714	362994	214876
34	217816	365541	362613	214301
35	215473	366163	362883	215726
36	213842	368003	363305	215053
37	215692	366290	366548	211685
38	213332	366134	367149	213603
39	216106	367703	363767	212619
40	217398	364715	367255	210734
41	216772	363097	364604	215625
42	218343	365209	362112	214425
43	219306	362402	362664	215655
44	217379	362761	360910	218853
45	217227	366685	360143	215883
46	217321	363958	363395	215204
47	214009	365096	364689	216011
48	215091	365489	364405	214761
49	216630	362872	367326	212868
50	214614	364292	364510	216297
51	215959	364627	364671	214446
52	218329	359991	364747	216650
53	216959	361821	362019	218967
54	217662	364978	361081	216130
55	220563	362275	360297	216645
56	217488	363998	360441	217908
57	215290	365870	361301	217304
58	217056	362168	364329	216239
59	212603	362900	365669	218620
60	216379	365330	363196	214860
61	218037	360799	365944	214929
62	217192	360948	363624	217896
63	216726	363040	361225	218608
64	220116	360621	361327	217620
65	217613	363277	357532	221288
66	218678	363756	358871	218506
67	218688	362326	360963	217772
68	216018	361885	361999	219827
69	216216	365071	362049	216352
70	217825	362426	363796	215594
71	214412	361841	364489	218869
72	217651	362390	363090	216460
73	221074	357997	363363	217178
74	218377	359708	360908	220703
75	218770	362741	357950	220188
76	221199	361528	357862	218981
77	217843	362094	358863	220672
78	216026	364669	360068	218769
79	217808	361790	363306	216549
80	216778	361105	361842	219791
81	216474	363375	361548	218113
82	220336	360113	363277	215788
83	218763	359945	361105	219716
84	218414	363013	359696	218436
85	221286	359062	359296	219930
86	219494	360004	358973	221075
87	220456	363270	356790	219041
88	221086	359818	360831	217862
89	216443	361105	361133	220761
90	217841	362795	361510	217457
91	218994	360682	362639	217236
92	218950	359401	361289	219836
93	220053	359366	360946	219137
94	221602	358087	361777	218029
95	218583	358308	360526	222086
96	221225	360663	358034	219623
97	223765	358420	356693	220425
98	221641	360040	356873	220848
99	219550	361825	358401	219746
100	220898	358965	360549	219094
101	220323	358584	360427	220169
>>END_MODULE
>>Per base GC content	fail
#Base	%GC
1	56.70455093866126
2	31.10911367598634
3	33.167955903948375
4	33.04494930082887
5	20.164533159136624
6	33.036906172573524
7	33.77758588595421
8	33.88614360542377
9	53.84679025506806
10	32.363705933502644
11	41.28913164503291
12	34.6379138432211
13	42.052417401915584
14	42.80985510693544
15	38.55571307304167
16	36.13407068244435
17	35.18278810024475
18	35.360876272223514
19	36.07528938895668
20	36.63002842236076
21	36.65144449739695
22	36.898054227904744
23	36.73236873017282
24	36.443966037306566
25	36.78688513287576
26	36.739585137766014
27	36.627354323854995
28	36.87325320144061
29	36.89947600661886
30	36.8693210562286
31	37.26231383063532
32	37.21526514922993
33	37.1961540715613
34	37.24276483683553
35	37.164478192105975
36	36.96723762996648
37	36.836017462280694
38	36.79782592581739
39	36.952839824339875
40	36.9046859672684
41	37.27245456849335
42	37.30472403410428
43	37.49576518477587
44	37.6093518164881
45	37.33906467414638
46	37.29055986922762
47	37.076922413681615
48	37.06432270514406
49	37.03539548295415
50	37.156693078373706
51	37.113381615810255
52	37.50734015281314
53	37.5874098740608
54	37.400666120044725
55	37.69749435237718
56	37.53947759810663
57	37.30014270132311
58	37.35971622497827
59	37.181063501041564
60	37.183308687535835
61	37.33402086213007
62	37.518583032957935
63	37.54177090528709
64	37.74614463940177
65	37.845754542083796
66	37.694417452498726
67	37.634005289075475
68	37.581624672660595
69	37.300377342871535
70	37.375273899422325
71	37.36434028307769
72	37.436561684249014
73	37.79298592977651
74	37.86164650046219
75	37.852660589540456
76	37.960623334511936
77	37.820231967654244
78	37.49745587012691
79	37.462234346713494
80	37.65096816257818
81	37.480228717303
82	37.61265495716309
83	37.815268095925155
84	37.67380530011841
85	38.04983554305288
86	37.994956646825564
87	37.90214711307853
88	37.85349565409362
89	37.708138915098814
90	37.53853689581693
91	37.62059624803049
92	37.84347412106848
93	37.877468085436675
94	37.915730555112354
95	38.00499006902095
96	38.019050575872434
97	38.315263567850685
98	38.1652783072653
99	37.88595645447003
100	37.94650480463232
101	37.98972490799938
>>END_MODULE
>>Per sequence GC content	pass
#GC Content	Count
0	0.0
1	0.5
2	1.5
3	2.0
4	4.0
5	11.5
6	20.0
7	22.0
8	25.0
9	38.5
10	55.0
11	64.5
12	79.5
13	113.0
14	154.5
15	210.5
16	293.0
17	422.5
18	567.0
19	833.0
20	1360.0
21	2137.0
22	3190.0
23	4772.5
24	7085.0
25	10410.0
26	14927.5
27	20357.0
28	26793.5
29	33832.0
30	41428.5
31	49569.5
32	56940.5
33	63039.5
34	68626.0
35	72406.5
36	73583.5
37	73209.5
38	70709.0
39	66685.5
40	61366.0
41	55296.5
42	49176.5
43	42640.0
44	36188.0
45	30148.0
46	25068.5
47	20764.5
48	17051.5
49	13738.0
50	10841.5
51	8543.5
52	6650.5
53	4958.0
54	3548.5
55	2661.5
56	1994.5
57	1453.0
58	1088.0
59	785.0
60	540.5
61	426.5
62	357.5
63	276.5
64	201.0
65	146.0
66	90.5
67	55.0
68	37.5
69	28.0
70	29.5
71	20.5
72	11.5
73	12.5
74	11.5
75	9.5
76	7.5
77	9.5
78	8.5
79	6.0
80	7.0
81	6.0
82	3.0
83	7.0
84	9.0
85	3.5
86	3.5
87	4.5
88	3.0
89	3.0
90	2.0
91	1.5
92	2.5
93	3.0
94	3.0
95	3.0
96	3.0
97	4.0
98	6.5
99	15.5
100	34.5
>>END_MODULE
>>Per base N content	pass
#Base	N-Count
1	1.7235762829009168E-4
2	8.617881414504584E-5
3	1.7235762829009168E-4
4	3.4471525658018336E-4
5	3.4471525658018336E-4
6	2.585364424351375E-4
7	1.7235762829009168E-4
8	3.4471525658018336E-4
9	0.0018097550970459625
10	8.617881414504584E-5
11	0.0
12	4.308940707252292E-4
13	0.0
14	4.308940707252292E-4
15	0.001120324583885596
16	4.308940707252292E-4
17	0.0015512186546108252
18	6.894305131603667E-4
19	1.7235762829009168E-4
20	0.0020682915394811
21	7.756093273054126E-4
22	0.0013788610263207335
23	0.003360973751656788
24	0.003964225450672109
25	0.003964225450672109
26	0.0035333313799468793
27	0.001120324583885596
28	0.0035333313799468793
29	0.004998371220412658
30	0.0052569076628477965
31	0.00663576868916853
32	0.007583735644764034
33	0.007411378016473943
34	0.009221133113519905
35	0.011461782281291097
36	0.01508129247538302
37	0.014047146705642471
38	0.013788610263207334
39	0.01577072298854339
40	0.02378535270403265
41	0.024130067960612834
42	0.024905677287918246
43	0.03024876376491109
44	0.040934936718896774
45	0.03791867822382017
46	0.04308940707252292
47	0.049380460505111266
48	0.05446501053966897
49	0.05877395124692126
50	0.057308911406455484
51	0.05817069954790594
52	0.056964196149875294
53	0.052741434256768055
54	0.045416235054439154
55	0.05153493085873741
56	0.04679509608075989
57	0.0528276130709131
58	0.050500785088996865
59	0.050500785088996865
60	0.0528276130709131
61	0.05765362666303567
62	0.061876388556142914
63	0.06713329621899071
64	0.059808097016661815
65	0.057567447848890625
66	0.04886338762024099
67	0.05420647409723384
68	0.05593005038013475
69	0.059463381760081625
70	0.06351378602489878
71	0.06609915044925016
72	0.06782272673215108
73	0.06601297163510511
74	0.05877395124692126
75	0.06282435551173841
76	0.06963248182919703
77	0.07807800561541153
78	0.07290727676670877
79	0.0797154030841674
80	0.07428613779302952
81	0.07480321067789979
82	0.0744584954213196
83	0.07316581320914392
84	0.07058044878479254
85	0.06928776657261686
86	0.07170077336867814
87	0.07075280641308263
88	0.0673056538472808
89	0.08066337003976291
90	0.06678858096241053
91	0.0712698792979529
92	0.07773329035883135
93	0.07549264119106015
94	0.07609589289007547
95	0.0754064623769151
96	0.07178695218282319
97	0.09264222520592427
98	0.08411052260556474
99	0.07376906490815924
100	0.07514792593447997
101	0.0754064623769151
>>END_MODULE
>>Sequence Length Distribution	pass
#Length	Count
101	1160378.0
>>END_MODULE
>>Sequence Duplication Levels	warn
#Total Duplicate Percentage	22.407090803159544
#Duplication Level	Relative count
1	100.0
2	16.10864240081734
3	3.579561540639348
4	1.0869163825256343
5	0.5329952362781423
6	0.3385073671512451
7	0.2480335799308214
8	0.1926414653060722
9	0.1446349659646229
10++	0.8616551163849875
>>END_MODULE
>>Overrepresented sequences	pass
>>END_MODULE
>>Kmer Content	warn
#Sequence	Count	Obs/Exp Overall	Obs/Exp Max	Max Obs/Exp Position
GTCTT	134645	1.1233034	5.1337833	1
ATACC	129565	1.0927968	5.6517086	6
GTATT	200880	0.997627	6.784363	1
AATAC	192455	0.9662858	5.2996144	5
TATTA	291555	0.86644936	5.578959	2
TATAC	170540	0.8538145	6.1087933	5
ATACT	163790	0.82002026	5.4887815	6
GTATA	149400	0.7440828	7.040421	1
>>END_MODULE
