##FastQC	0.8.0
>>Basic Statistics	pass
#Measure	Value	
Filename	1_140716_AH9BY4ADXX_P1260_1018_1.fastq.gz	
File type	Conventional base calls	
Total Sequences	2628541	
Sequence length	101	
%GC	39	
>>END_MODULE
>>Per base sequence quality	pass
#Base	Mean	Median	Lower Quartile	Upper Quartile	10th Percentile	90th Percentile
1	32.76167919769941	33.0	33.0	33.0	33.0	33.0
2	32.780805777806016	33.0	33.0	33.0	33.0	33.0
3	32.78635676597778	33.0	33.0	33.0	33.0	33.0
4	36.73186988523291	37.0	37.0	37.0	37.0	37.0
5	36.663923446505116	37.0	37.0	37.0	37.0	37.0
6	36.64525301298325	37.0	37.0	37.0	37.0	37.0
7	36.59489960400085	37.0	37.0	37.0	37.0	37.0
8	36.59168831682671	37.0	37.0	37.0	37.0	37.0
9	36.56833353560017	37.0	37.0	37.0	37.0	37.0
10	36.56618785858771	37.0	37.0	37.0	37.0	37.0
11	36.579252140255754	37.0	37.0	37.0	37.0	37.0
12	36.558146515500425	37.0	37.0	37.0	37.0	37.0
13	36.559564031909716	37.0	37.0	37.0	37.0	37.0
14	38.71691596212499	40.0	37.0	40.0	37.0	40.0
15	38.741091731116235	40.0	37.0	40.0	37.0	40.0
16	38.752810399381254	40.0	37.0	40.0	37.0	40.0
17	38.74270174975395	40.0	37.0	40.0	37.0	40.0
18	38.75071455990224	40.0	37.0	40.0	37.0	40.0
19	38.78304237978407	40.0	37.0	40.0	37.0	40.0
20	38.778867059711075	40.0	37.0	40.0	37.0	40.0
21	38.76145131462663	40.0	37.0	40.0	37.0	40.0
22	38.76262877390918	40.0	37.0	40.0	37.0	40.0
23	38.75361312606499	40.0	37.0	40.0	37.0	40.0
24	38.74483220919895	40.0	37.0	40.0	37.0	40.0
25	38.72078464821359	40.0	37.0	40.0	37.0	40.0
26	38.67544885166334	40.0	37.0	40.0	37.0	40.0
27	38.6633501246509	40.0	37.0	40.0	37.0	40.0
28	38.671000376254355	40.0	37.0	40.0	37.0	40.0
29	38.665918850038864	40.0	37.0	40.0	37.0	40.0
30	38.64785369526289	40.0	37.0	40.0	37.0	40.0
31	38.636311550780455	40.0	37.0	40.0	37.0	40.0
32	38.61532956876077	40.0	37.0	40.0	37.0	40.0
33	38.58919910322875	40.0	37.0	40.0	37.0	40.0
34	38.57832577083637	40.0	37.0	40.0	37.0	40.0
35	38.56400642029171	40.0	37.0	40.0	37.0	40.0
36	38.55004163906897	40.0	37.0	40.0	37.0	40.0
37	38.524080468974994	40.0	37.0	40.0	37.0	40.0
38	38.50796049976013	40.0	37.0	40.0	37.0	40.0
39	38.487024550882026	40.0	37.0	40.0	37.0	40.0
40	38.482313191995104	40.0	37.0	40.0	37.0	40.0
41	38.460362231367135	40.0	37.0	40.0	37.0	40.0
42	38.42927654542957	40.0	37.0	40.0	37.0	40.0
43	38.42700037777611	40.0	37.0	40.0	37.0	40.0
44	38.392632642975705	40.0	37.0	40.0	37.0	40.0
45	38.3621701164258	40.0	37.0	40.0	37.0	40.0
46	38.360066668163064	40.0	37.0	40.0	37.0	40.0
47	38.32138132903386	40.0	37.0	40.0	37.0	40.0
48	38.292290666190866	40.0	37.0	40.0	37.0	40.0
49	38.27101156116644	40.0	37.0	40.0	37.0	40.0
50	38.23099126093145	40.0	37.0	40.0	37.0	40.0
51	38.17404598216273	40.0	37.0	40.0	37.0	40.0
52	38.12643553971576	40.0	37.0	40.0	37.0	40.0
53	38.087891343524795	40.0	37.0	40.0	37.0	40.0
54	38.03000790172191	40.0	37.0	40.0	33.0	40.0
55	37.95184286644188	40.0	37.0	40.0	33.0	40.0
56	37.896003524388625	40.0	37.0	40.0	33.0	40.0
57	37.8296256364272	40.0	37.0	40.0	33.0	40.0
58	37.75614380753429	40.0	37.0	40.0	33.0	40.0
59	37.67515781568559	40.0	37.0	40.0	33.0	40.0
60	37.59733061040326	40.0	37.0	40.0	33.0	40.0
61	37.476479917946875	40.0	37.0	40.0	33.0	40.0
62	37.37231719041095	37.0	37.0	40.0	33.0	40.0
63	37.282878981153424	37.0	37.0	40.0	33.0	40.0
64	37.17730254160007	37.0	37.0	40.0	33.0	40.0
65	37.04604797870758	37.0	37.0	40.0	33.0	40.0
66	36.992097517215825	37.0	37.0	40.0	33.0	40.0
67	36.894226112508804	37.0	37.0	40.0	33.0	40.0
68	36.78816309123579	37.0	37.0	40.0	33.0	40.0
69	36.65837626272521	37.0	37.0	40.0	33.0	40.0
70	36.5213565243989	37.0	37.0	40.0	33.0	40.0
71	36.377444749768024	37.0	37.0	37.0	33.0	40.0
72	36.23930423759797	37.0	37.0	37.0	33.0	40.0
73	36.12593374042863	37.0	37.0	37.0	33.0	40.0
74	36.093134175955406	37.0	37.0	37.0	33.0	40.0
75	36.01952566081336	37.0	37.0	37.0	33.0	40.0
76	35.887183422286355	37.0	37.0	37.0	33.0	40.0
77	35.793074561134866	37.0	37.0	37.0	33.0	37.0
78	35.69708823259747	37.0	37.0	37.0	33.0	37.0
79	35.6308256177096	37.0	37.0	37.0	33.0	37.0
80	35.55784140327277	37.0	37.0	37.0	33.0	37.0
81	35.486596937236285	37.0	37.0	37.0	33.0	37.0
82	35.40694096078395	37.0	37.0	37.0	33.0	37.0
83	35.36236185777585	37.0	37.0	37.0	33.0	37.0
84	35.30333063094698	37.0	33.0	37.0	33.0	37.0
85	35.252547706122904	37.0	33.0	37.0	33.0	37.0
86	35.209020137026585	37.0	33.0	37.0	33.0	37.0
87	35.16308819227092	37.0	33.0	37.0	33.0	37.0
88	35.13628891464885	37.0	33.0	37.0	33.0	37.0
89	35.09905761409086	37.0	33.0	37.0	33.0	37.0
90	35.068463455582396	37.0	33.0	37.0	33.0	37.0
91	35.03422811361892	37.0	33.0	37.0	33.0	37.0
92	35.003804772305244	37.0	33.0	37.0	33.0	37.0
93	34.95469577990224	37.0	33.0	37.0	33.0	37.0
94	34.934534785647244	37.0	33.0	37.0	33.0	37.0
95	34.903503502513374	37.0	33.0	37.0	33.0	37.0
96	34.8835011513992	37.0	33.0	37.0	33.0	37.0
97	34.86650655249433	37.0	33.0	37.0	33.0	37.0
98	34.82504058335023	37.0	33.0	37.0	33.0	37.0
99	34.78926674531613	37.0	33.0	37.0	33.0	37.0
100	34.746780438273554	37.0	33.0	37.0	33.0	37.0
101	34.324868054179106	37.0	33.0	37.0	33.0	37.0
>>END_MODULE
>>Per sequence quality scores	pass
#Quality	Count
3	1.0
4	1.0
5	1.0
6	7.0
7	18.0
8	64.0
9	151.0
10	277.0
11	376.0
12	493.0
13	622.0
14	746.0
15	798.0
16	836.0
17	1055.0
18	1208.0
19	1360.0
20	1474.0
21	1766.0
22	2239.0
23	2821.0
24	3828.0
25	5102.0
26	7107.0
27	9672.0
28	13350.0
29	18133.0
30	24558.0
31	33381.0
32	46482.0
33	65472.0
34	93858.0
35	135163.0
36	227797.0
37	700959.0
38	1224649.0
39	2716.0
>>END_MODULE
>>Per base sequence content	fail
#Base	G	A	T	C
1	906313	681008	413807	626630
2	324605	598616	1164993	540327
3	368612	812347	873358	574224
4	282869	533766	1159899	652007
5	278754	1040510	1034054	274885
6	640219	1154433	540578	293311
7	559082	902031	768650	398778
8	517360	1058449	634511	418221
9	597244	479872	677677	873748
10	358640	778293	956583	535025
11	751921	723408	742912	410300
12	478610	716982	931699	501250
13	619139	650407	802679	556316
14	482417	626070	809410	710644
15	532963	865330	685191	545057
16	508434	867042	750827	502238
17	483085	841346	812290	491814
18	490951	839009	813177	485118
19	506997	825651	808754	487139
20	505062	812643	808201	502635
21	511554	805497	805641	505849
22	513071	795433	806498	513539
23	505106	802359	807241	513835
24	511541	807068	799293	510639
25	509460	798786	805970	514325
26	506716	802830	803606	515383
27	513227	809335	799702	506268
28	510976	803987	803611	509946
29	510565	807367	801543	509030
30	515512	807281	797845	507862
31	516903	798521	798337	514704
32	509242	800779	798357	520052
33	515193	801475	796389	515370
34	515572	794512	804030	514287
35	512080	799823	799816	516600
36	516962	801655	801267	508380
37	513518	799286	800171	515234
38	514045	799745	799511	514897
39	514538	803087	799291	511316
40	514227	799316	801986	512680
41	512369	800673	804009	511115
42	513105	804522	799135	511406
43	519705	794702	797115	516619
44	513362	794118	798194	522458
45	516337	802060	794809	514921
46	516142	795051	800203	516738
47	510609	797565	801709	518294
48	512861	804015	797253	514050
49	514214	795008	805177	513766
50	509158	796844	801676	520534
51	513350	801572	799045	514273
52	515067	794272	801009	517889
53	512055	797805	799407	518945
54	518304	797581	796674	515718
55	515961	795489	799699	517115
56	513390	793442	797660	523823
57	515175	798373	796778	517955
58	515196	791231	799699	522217
59	512666	793026	801015	521631
60	513940	799444	798682	516250
61	516960	791746	800010	519529
62	515305	793706	798892	520428
63	512264	800249	798863	516962
64	515215	791944	798232	523009
65	511549	794071	799334	523447
66	515230	798297	795980	518927
67	517573	791232	796268	523324
68	509316	794307	797557	527216
69	520140	798036	790241	519998
70	517067	791308	799173	520883
71	513371	795026	799219	520779
72	515560	799459	793857	519477
73	517178	791783	796378	523056
74	512697	794245	796851	524610
75	516781	797799	794534	519250
76	519010	794679	793380	521334
77	512081	795201	797839	523260
78	517612	799165	790309	521302
79	514084	795547	795460	523286
80	512956	794068	795599	525758
81	517603	798878	792110	519794
82	516036	791565	796467	524319
83	513760	792934	795032	526652
84	513761	799709	792966	521943
85	517188	790158	796569	524444
86	516269	793588	794824	523756
87	515967	798528	792061	521806
88	518487	789302	795767	524788
89	513259	794251	793804	527031
90	515809	794721	794349	523470
91	517555	791575	796032	523198
92	514402	793456	794826	525664
93	517734	798310	788195	524164
94	515771	791786	796988	523864
95	514351	791189	793790	529123
96	518144	796381	790341	523583
97	515190	789009	792674	531578
98	516269	789980	793996	528220
99	517323	794559	791351	525222
100	517664	792032	793520	525217
101	514955	793162	791673	528733
>>END_MODULE
>>Per base GC content	fail
#Base	%GC
1	58.336536317271225
2	32.90540265493291
3	35.86917609426674
4	35.566346501728525
5	21.065305838247657
6	35.515139387211384
7	36.4407479282233
8	35.59316746438424
9	55.96229999836411
10	33.99851856980736
11	44.21544118961812
12	37.27771413875606
13	44.71891440917224
14	45.38871564111041
15	41.01210519447861
16	38.44992336052586
17	37.0890629190785
18	37.13753041466676
19	37.8208291215545
20	38.336742702510634
21	38.705996977030225
22	39.056267336138184
23	38.764508523930196
24	38.887732776471815
25	38.94879326592204
26	38.8847399787334
27	38.785717655330046
28	38.840183829683625
29	38.789920506143226
30	38.93376450447023
31	39.247507575714344
32	39.160030892966525
33	39.2083554156155
34	39.18195891722762
35	39.13832377272317
36	39.01213881101746
37	39.14270136050824
38	39.15009447537819
39	39.032094579169566
40	39.072501463924674
41	38.94289782304467
42	38.98194483762073
43	39.43182652681116
44	39.41278444157295
45	39.23927572754285
46	39.30088800647151
47	39.148923379209236
48	39.073099663303
49	39.11398256958753
50	39.178422440807665
51	39.099283170486714
52	39.302239486012866
53	39.22819011556145
54	39.3422002323195
55	39.306401487826186
56	39.46304000852257
57	39.30820182469074
58	39.4702289617451
59	39.351750041280845
60	39.195819680738545
61	39.436544157793506
62	39.40649027843144
63	39.1588144294988
64	39.50022827575712
65	39.37740093691944
66	39.3449864063545
67	39.60197032640046
68	39.43591452733911
69	39.57282240437679
70	39.48933793582559
71	39.34530388316825
72	39.379679974493534
73	39.576775941211274
74	39.465295086027524
75	39.41733336782881
76	39.5808405332059
77	39.39082652020388
78	39.52666044739209
79	39.468082394572775
80	39.51915646932465
81	39.468989512571405
82	39.58149998459131
83	39.58380415602322
84	39.404667287328046
85	39.63050709587237
86	39.56819204721285
87	39.483640381347776
88	39.69324411112092
89	39.57965944349011
90	39.54113399704529
91	39.59704911047193
92	39.57109180367288
93	39.639963886816446
94	39.55377568711719
95	39.699169054953614
96	39.6327644173427
97	39.82452022122535
98	39.73760350622892
99	39.66379489091501
100	39.6769101590187
101	39.70625328368821
>>END_MODULE
>>Per sequence GC content	pass
#GC Content	Count
0	12.0
1	27.5
2	39.5
3	47.5
4	62.0
5	72.5
6	65.0
7	55.0
8	69.5
9	81.5
10	86.5
11	97.0
12	115.0
13	150.0
14	191.5
15	243.0
16	303.5
17	399.5
18	553.5
19	814.0
20	1255.5
21	1907.0
22	2831.5
23	4278.5
24	6533.5
25	9964.5
26	15273.0
27	22067.0
28	30723.5
29	42207.0
30	56807.5
31	74109.5
32	92267.5
33	110334.5
34	128037.0
35	143704.0
36	155643.5
37	164908.5
38	170697.5
39	169917.5
40	164209.0
41	155892.5
42	144757.5
43	132046.0
44	116453.0
45	98782.5
46	83782.0
47	70384.5
48	57963.5
49	47645.5
50	39411.0
51	30823.0
52	22673.0
53	16409.5
54	11640.5
55	8596.5
56	5985.5
57	4125.5
58	2774.0
59	2144.5
60	1513.5
61	948.5
62	882.5
63	622.5
64	349.0
65	255.5
66	180.0
67	120.0
68	66.0
69	39.5
70	33.5
71	25.5
72	16.0
73	12.5
74	7.5
75	4.5
76	3.0
77	1.5
78	0.5
79	0.0
80	0.0
81	0.5
82	1.0
83	1.0
84	0.5
85	0.0
86	0.0
87	0.0
88	0.0
89	0.0
90	0.0
91	0.0
92	0.0
93	0.5
94	0.5
95	0.0
96	0.0
97	0.0
98	0.0
99	0.0
100	0.0
>>END_MODULE
>>Per base N content	pass
#Base	N-Count
1	0.029788388311234256
2	0.0
3	0.0
4	0.0
5	0.01285884450727609
6	0.0
7	0.0
8	0.0
9	0.0
10	0.0
11	0.0
12	0.0
13	0.0
14	0.0
15	0.0
16	0.0
17	2.282635119634809E-4
18	0.010880560736925922
19	0.0
20	0.0
21	0.0
22	0.0
23	0.0
24	0.0
25	0.0
26	2.282635119634809E-4
27	3.423952679452213E-4
28	7.989222918721831E-4
29	0.0013695810717808852
30	0.0015598006650837863
31	0.002891337818204091
32	0.0042228749713243965
33	0.004337006727306137
34	0.005326148612481221
35	0.008445749942648793
36	0.0105381654689807
37	0.012630580995312609
38	0.01304906410057899
39	0.011755570866119266
40	0.012630580995312609
41	0.014266469497717555
42	0.014190381660396394
43	0.015217567464232057
44	0.015559962732177279
45	0.015750182325480182
46	0.015483874894856121
47	0.013847986392451174
48	0.013771898555130013
49	0.014304513416378136
50	0.012516449239330867
51	0.011451219516834624
52	0.011565351272816365
53	0.012516449239330867
54	0.01004359452639316
55	0.0105381654689807
56	0.008597925617291113
57	0.009891418851750839
58	0.007532695894794869
59	0.00772291548809777
60	0.008559881698630532
61	0.011260999923531722
62	0.00798922291872183
63	0.00772291548809777
64	0.005364192531141801
65	0.005326148612481221
66	0.004070699296682076
67	0.005478324287123541
68	0.005516368205784121
69	0.004793533751233098
70	0.004184831052663816
71	0.005554412124444701
72	0.007152256708189068
73	0.005554412124444701
74	0.00525006077516006
75	0.006733773602922686
76	0.00525006077516006
77	0.006087026985692824
78	0.005820719555068762
79	0.006239202660335145
80	0.006087026985692824
81	0.005934851311050503
82	0.0058587634737293426
83	0.006201158741674565
84	0.006163114823013984
85	0.006923993196225587
86	0.0039565675407003354
87	0.006809861440243847
88	0.007494651976134289
89	0.007456608057473709
90	0.007304432382831389
91	0.006885949277565006
92	0.007342476301491969
93	0.00525006077516006
94	0.00502179726319658
95	0.0033478648421310527
96	0.003500040516773374
97	0.003423952679452213
98	0.002891337818204091
99	0.0032717770048098925
100	0.004108743215342656
101	6.847905358904426E-4
>>END_MODULE
>>Sequence Length Distribution	pass
#Length	Count
101	2628541.0
>>END_MODULE
>>Sequence Duplication Levels	warn
#Total Duplicate Percentage	36.99823271032857
#Duplication Level	Relative count
1	100.0
2	27.48668115122474
3	9.53376588588946
4	3.840144051906307
5	1.7917199916664186
6	0.9918449953867675
7	0.6183219738682699
8	0.46653174201613146
9	0.3690586029346111
10++	3.715884401321468
>>END_MODULE
>>Overrepresented sequences	pass
>>END_MODULE
>>Kmer Content	warn
#Sequence	Count	Obs/Exp Overall	Obs/Exp Max	Max Obs/Exp Position
CTTCT	479760	1.7297072	5.011739	1
TACTG	265670	0.9731346	5.1146436	7
GTATT	382695	0.91040206	5.8430166	1
TATAC	338925	0.8012358	6.137832	5
ATACT	324860	0.76798546	5.1063495	6
GTATA	301545	0.7207948	6.8967977	1
>>END_MODULE
