##FastQC	0.8.0
>>Basic Statistics	pass
#Measure	Value	
Filename	8_140619_BC47HDACXX_P1260_1019_1.fastq.gz	
File type	Conventional base calls	
Total Sequences	2664496	
Sequence length	101	
%GC	36	
>>END_MODULE
>>Per base sequence quality	pass
#Base	Mean	Median	Lower Quartile	Upper Quartile	10th Percentile	90th Percentile
1	32.694103500249206	33.0	33.0	33.0	33.0	33.0
2	32.761179975500056	33.0	33.0	33.0	33.0	33.0
3	32.757219751878026	33.0	33.0	33.0	33.0	33.0
4	36.70643754015769	37.0	37.0	37.0	37.0	37.0
5	36.61487388234023	37.0	37.0	37.0	37.0	37.0
6	36.59301984315233	37.0	37.0	37.0	37.0	37.0
7	36.56247823228108	37.0	37.0	37.0	37.0	37.0
8	36.5507371750605	37.0	37.0	37.0	37.0	37.0
9	36.512690955437726	37.0	37.0	37.0	37.0	37.0
10	36.51999627696945	37.0	37.0	37.0	37.0	37.0
11	36.54394489614546	37.0	37.0	37.0	37.0	37.0
12	36.507795470512995	37.0	37.0	37.0	37.0	37.0
13	36.51726367763359	37.0	37.0	37.0	37.0	37.0
14	38.61640250163633	40.0	37.0	40.0	37.0	40.0
15	38.632244146735445	40.0	37.0	40.0	37.0	40.0
16	38.615850802553275	40.0	37.0	40.0	37.0	40.0
17	38.61095869537804	40.0	37.0	40.0	37.0	40.0
18	38.61067759155953	40.0	37.0	40.0	37.0	40.0
19	38.648961754868466	40.0	37.0	40.0	37.0	40.0
20	38.627643276627175	40.0	37.0	40.0	37.0	40.0
21	38.603440200323064	40.0	37.0	40.0	37.0	40.0
22	38.56504569719752	40.0	37.0	40.0	37.0	40.0
23	38.54535604482049	40.0	37.0	40.0	37.0	40.0
24	38.53366077487075	40.0	37.0	40.0	37.0	40.0
25	38.4991229110496	40.0	37.0	40.0	37.0	40.0
26	38.44408323375227	40.0	37.0	40.0	37.0	40.0
27	38.419928947162994	40.0	37.0	40.0	37.0	40.0
28	38.414485891515696	40.0	37.0	40.0	37.0	40.0
29	38.38678384204743	40.0	37.0	40.0	37.0	40.0
30	38.37810940605653	40.0	37.0	40.0	37.0	40.0
31	38.3478747950832	40.0	37.0	40.0	37.0	40.0
32	38.33301720100162	40.0	37.0	40.0	37.0	40.0
33	38.29761538392251	40.0	37.0	40.0	37.0	40.0
34	38.285973782659084	40.0	37.0	40.0	37.0	40.0
35	38.257500855696534	40.0	37.0	40.0	37.0	40.0
36	38.213620512096846	40.0	37.0	40.0	37.0	40.0
37	38.298157325062604	40.0	37.0	40.0	37.0	40.0
38	38.31137971308645	40.0	37.0	40.0	37.0	40.0
39	38.29535604482049	40.0	37.0	40.0	37.0	40.0
40	38.2697853552792	40.0	37.0	40.0	37.0	40.0
41	38.256565594393834	40.0	37.0	40.0	37.0	40.0
42	38.25670220559535	40.0	37.0	40.0	37.0	40.0
43	38.21457528928548	40.0	37.0	40.0	37.0	40.0
44	38.18354540596045	40.0	37.0	40.0	37.0	40.0
45	38.16980697287592	40.0	37.0	40.0	37.0	40.0
46	38.12612291405204	40.0	37.0	40.0	37.0	40.0
47	38.1041371426341	40.0	37.0	40.0	37.0	40.0
48	38.06675671496598	40.0	37.0	40.0	37.0	40.0
49	38.03539918994061	40.0	37.0	40.0	33.0	40.0
50	38.08016075085119	40.0	37.0	40.0	37.0	40.0
51	38.082918120349966	40.0	37.0	40.0	37.0	40.0
52	38.05487191573941	40.0	37.0	40.0	37.0	40.0
53	38.02134662615369	40.0	37.0	40.0	33.0	40.0
54	37.96917390756075	40.0	37.0	40.0	33.0	40.0
55	37.914239315803066	40.0	37.0	40.0	33.0	40.0
56	37.84850831076496	40.0	37.0	40.0	33.0	40.0
57	37.78533463739484	40.0	37.0	40.0	33.0	40.0
58	37.709255333841746	40.0	37.0	40.0	33.0	40.0
59	37.65332242945758	40.0	37.0	40.0	33.0	40.0
60	37.57283441221154	40.0	37.0	40.0	33.0	40.0
61	37.51910042274412	40.0	37.0	40.0	33.0	40.0
62	37.406032885769015	40.0	37.0	40.0	33.0	40.0
63	37.315375215425355	37.0	37.0	40.0	33.0	40.0
64	37.22160476127568	37.0	37.0	40.0	33.0	40.0
65	37.10918912995178	37.0	37.0	40.0	33.0	40.0
66	37.01417040971351	37.0	37.0	40.0	33.0	40.0
67	36.90083115155737	37.0	37.0	40.0	33.0	40.0
68	36.78864858494815	37.0	37.0	40.0	33.0	40.0
69	36.64206138796981	37.0	37.0	40.0	33.0	40.0
70	36.53359659763047	37.0	37.0	40.0	33.0	40.0
71	36.41509651356204	37.0	37.0	40.0	33.0	40.0
72	36.27075964835376	37.0	37.0	40.0	33.0	40.0
73	36.144584191531905	37.0	37.0	37.0	33.0	40.0
74	35.96718066005729	37.0	37.0	37.0	33.0	40.0
75	35.83335610186692	37.0	37.0	37.0	33.0	40.0
76	34.239572512024786	37.0	33.0	37.0	27.0	37.0
77	34.86218369252572	37.0	33.0	37.0	33.0	37.0
78	35.28387507431049	37.0	33.0	37.0	33.0	37.0
79	35.41071857491998	37.0	33.0	37.0	33.0	37.0
80	35.38490844047055	37.0	33.0	37.0	33.0	37.0
81	35.30410141355063	37.0	33.0	37.0	33.0	37.0
82	35.20736642126691	37.0	33.0	37.0	33.0	37.0
83	35.11217993947073	37.0	33.0	37.0	33.0	37.0
84	35.03232130954597	37.0	33.0	37.0	33.0	37.0
85	34.94089951720701	37.0	33.0	37.0	33.0	37.0
86	34.85416491524101	37.0	33.0	37.0	33.0	37.0
87	34.75789117341516	37.0	33.0	37.0	33.0	37.0
88	34.65837741921924	37.0	33.0	37.0	33.0	37.0
89	34.5939922596994	37.0	33.0	37.0	33.0	37.0
90	34.531706934444635	37.0	33.0	37.0	33.0	37.0
91	34.43774244735214	37.0	33.0	37.0	33.0	37.0
92	34.36506941650504	37.0	33.0	37.0	33.0	37.0
93	34.32314403924795	37.0	33.0	37.0	33.0	37.0
94	34.25917734535912	37.0	33.0	37.0	33.0	37.0
95	34.18383439119443	37.0	33.0	37.0	33.0	37.0
96	34.10125367048778	37.0	33.0	37.0	33.0	37.0
97	33.997711387069074	37.0	33.0	37.0	33.0	37.0
98	33.907821967081205	37.0	33.0	37.0	27.0	37.0
99	33.82381696200707	37.0	33.0	37.0	27.0	37.0
100	33.73277910719325	37.0	33.0	37.0	27.0	37.0
101	32.737669337841005	33.0	33.0	37.0	27.0	37.0
>>END_MODULE
>>Per sequence quality scores	pass
#Quality	Count
3	1.0
4	1.0
5	1.0
6	4.0
7	10.0
8	60.0
9	130.0
10	209.0
11	282.0
12	438.0
13	544.0
14	669.0
15	807.0
16	957.0
17	1173.0
18	1461.0
19	1596.0
20	1978.0
21	2372.0
22	2922.0
23	3719.0
24	4805.0
25	6785.0
26	9272.0
27	12566.0
28	17114.0
29	22574.0
30	30421.0
31	40596.0
32	54903.0
33	75759.0
34	107539.0
35	160820.0
36	286968.0
37	779073.0
38	1030775.0
39	5192.0
>>END_MODULE
>>Per base sequence content	fail
#Base	G	A	T	C
1	880992	772976	425903	583599
2	309554	629960	1220917	504065
3	331241	901912	897165	533935
4	259771	565029	1252236	587277
5	249405	1087640	1078629	248822
6	579317	1250865	568434	265875
7	532018	931216	843834	357428
8	484654	1126229	659373	394239
9	556511	497104	755253	855628
10	333366	818839	1000886	511405
11	715984	784217	777310	386985
12	450551	777669	971708	464568
13	589499	703330	847367	524300
14	456292	661119	866281	680804
15	511050	923534	715609	514303
16	482740	920534	789923	471298
17	457508	878765	862906	465317
18	466755	885104	852634	460003
19	485115	863994	853575	461812
20	483122	858414	845436	477524
21	477984	850310	853491	482711
22	486232	842576	849119	486569
23	481504	847653	847102	488230
24	481039	853826	847109	482512
25	486350	846987	848084	483062
26	481686	848212	846001	488594
27	484591	856406	838620	484854
28	488861	848055	843483	484054
29	484514	848168	842600	489179
30	485695	853588	843407	481777
31	489316	844710	843987	486441
32	485647	847242	840550	491009
33	484563	849596	841637	488573
34	489464	843833	843744	487362
35	484687	845005	846185	488603
36	486389	849201	841925	486981
37	491121	843713	844979	484683
38	485145	843423	847068	488860
39	489358	849537	839835	485756
40	491430	842582	845881	484602
41	487343	842529	841643	492981
42	489143	847638	841756	485959
43	493082	837841	845181	488392
44	486569	842181	842134	493612
45	487576	846560	841534	488826
46	490726	838891	847007	487872
47	486526	844522	841494	491952
48	490696	847429	838009	488362
49	490857	840551	846175	486913
50	484651	842493	842697	494655
51	485424	846366	843738	488968
52	490525	838308	845784	489879
53	485927	840196	843175	495198
54	486662	846953	841304	489577
55	494526	840706	840415	488849
56	490863	841479	840297	491857
57	489355	844059	838623	492459
58	493310	837547	842844	490795
59	483558	841688	843317	495933
60	487206	846573	840337	490380
61	490008	839229	845174	490085
62	486892	839845	841119	496640
63	485286	846623	840030	492557
64	490477	838955	842404	492660
65	486486	841933	839208	496869
66	487640	846047	837581	493107
67	491737	839481	841807	491392
68	488308	836835	840905	498316
69	491242	843919	838269	490875
70	491443	840943	840348	491748
71	486141	840158	842876	495263
72	487186	845991	838140	493079
73	494943	835284	843203	491028
74	488203	838049	839757	498325
75	489112	843990	838209	493139
76	493427	838531	838174	494332
77	488270	838374	838734	499117
78	487376	844911	837055	495033
79	492662	839422	840035	492368
80	487535	842918	834436	499477
81	487465	843546	838496	494946
82	490033	840602	840469	493264
83	489684	837857	839291	497664
84	484458	844580	841165	494209
85	493036	836316	841358	493479
86	487428	842728	835794	498463
87	490276	844005	835175	494785
88	493028	838525	837742	494529
89	485029	840063	839601	498960
90	486439	844763	836490	495909
91	493280	836218	838610	495139
92	487990	840338	837297	497953
93	489529	842439	837222	494730
94	490735	835486	841768	495605
95	484540	839603	838385	500893
96	490012	844930	836487	492349
97	493103	838189	838039	494290
98	491337	838120	834999	499425
99	488231	842286	837018	496119
100	491526	836154	840494	495706
101	488164	836796	837212	502001
>>END_MODULE
>>Per base GC content	fail
#Base	%GC
1	54.98807946025298
2	30.53556845272051
3	32.47349256996239
4	31.79236073239143
5	18.69873326888087
6	31.720580028230533
7	33.38139745753043
8	32.985349944360934
9	52.99835315947181
10	31.704720142195747
11	41.395033056908325
12	34.344919264281124
13	41.801488911974346
14	42.67583813223964
15	38.48206189838528
16	35.80558417261057
17	34.634129681560786
18	34.78173733419003
19	35.5386909944695
20	36.053572608102996
21	36.05541160504651
22	36.509756441743576
23	36.39474585933738
24	36.16273457619969
25	36.38274291860748
26	36.41518292598254
27	36.38414529563279
28	36.51462420241603
29	36.543713719210004
30	36.31015133608335
31	36.62127400210324
32	36.65509704073789
33	36.52407005185843
34	36.66209653719801
35	36.5283282291479
36	36.53111132461824
37	36.622460682995964
38	36.55494322378416
39	36.596701953022084
40	36.63103139619327
41	36.79209876839747
42	36.59611423698891
43	36.8352589007452
44	36.78673189976641
45	36.64490395181678
46	36.727321039326014
47	36.722844937913166
48	36.744585092265105
49	36.69624574403564
50	36.75389266863227
51	36.56946754658292
52	36.79510121238688
53	36.82216073884142
54	36.638786472188364
55	36.9066044760435
56	36.88202196588023
57	36.84801928770019
58	36.93400177744684
59	36.76083582035778
60	36.68934012286001
61	36.78342921137806
62	36.91249677237271
63	36.69898547417598
64	36.89767220517501
65	36.90585386504615
66	36.80964578935022
67	36.89846596835255
68	37.03037572944237
69	36.86203343836385
70	36.89989273712489
71	36.833433542082794
72	36.791265262370906
73	37.00456152808564
74	37.02718953404491
75	36.8650565782807
76	37.071583628076795
77	37.05719094987981
78	36.87202439596528
79	36.96884240756288
80	37.04491049653088
81	36.87102005552359
82	36.90544999789819
83	37.05571335066744
84	36.73106861851696
85	37.02871680650284
86	37.00218397072826
87	36.973419446664174
88	37.072907219095555
89	36.94133582715166
90	36.88044868582044
91	37.113305675365446
92	37.01573597619443
93	36.94776870176282
94	37.03041829948558
95	36.99876962748285
96	36.87848612008959
97	37.06957558901961
98	37.192427139200284
99	36.95487476977115
100	37.05992762436746
101	37.16594230179497
>>END_MODULE
>>Per sequence GC content	pass
#GC Content	Count
0	0.0
1	0.0
2	0.0
3	0.0
4	0.0
5	1.5
6	13.5
7	21.5
8	21.5
9	47.5
10	92.0
11	151.0
12	251.5
13	491.5
14	802.0
15	1147.5
16	1537.0
17	2001.5
18	2588.0
19	3747.0
20	5448.5
21	8109.0
22	11487.5
23	15427.0
24	21788.0
25	30028.5
26	40703.5
27	53629.0
28	69314.5
29	86222.0
30	103190.5
31	120983.5
32	136916.5
33	149780.5
34	159296.5
35	165920.0
36	168210.0
37	166162.5
38	159938.0
39	149413.0
40	135876.0
41	120672.0
42	105691.0
43	90966.5
44	76943.0
45	63199.5
46	51307.0
47	41856.0
48	33271.5
49	26561.0
50	21049.5
51	15975.5
52	11964.5
53	8745.5
54	6209.5
55	4654.5
56	3594.5
57	2805.0
58	2115.0
59	1498.5
60	1054.0
61	883.0
62	775.0
63	609.5
64	429.5
65	278.0
66	166.5
67	95.0
68	60.5
69	42.0
70	41.0
71	33.5
72	20.5
73	19.0
74	18.5
75	19.5
76	21.5
77	17.0
78	14.5
79	13.5
80	11.5
81	9.0
82	5.5
83	6.5
84	5.5
85	2.5
86	1.5
87	1.0
88	1.5
89	0.5
90	0.0
91	0.0
92	0.0
93	0.0
94	0.0
95	0.5
96	0.5
97	0.0
98	0.0
99	0.0
100	0.0
>>END_MODULE
>>Per base N content	pass
#Base	N-Count
1	0.038506344164149615
2	0.0
3	0.00911992361782491
4	0.006868090625769377
5	0.0
6	1.876527493379611E-4
7	0.0
8	3.753054986759222E-5
9	0.0
10	0.0
11	0.0
12	0.0
13	0.0
14	0.0
15	0.0
16	3.753054986759222E-5
17	0.0
18	0.0
19	0.0
20	0.0
21	0.0
22	0.0
23	2.6271384907314554E-4
24	3.753054986759222E-4
25	4.8789714827869883E-4
26	1.1259164960277666E-4
27	9.382637466898055E-4
28	0.0016138136443064656
29	0.0013135692453657276
30	0.0010883859461601744
31	0.0015762830944388731
32	0.0018014663936444266
33	0.004766379833184212
34	0.0034903411376860766
35	6.004887978814756E-4
36	0.0
37	0.0
38	0.0
39	3.753054986759222E-4
40	3.753054986759222E-5
41	0.0
42	0.0
43	0.0
44	0.0
45	0.0
46	0.0
47	7.506109973518444E-5
48	0.0
49	0.0
50	0.0
51	0.0
52	0.0
53	0.0
54	0.0
55	0.0
56	0.0
57	0.0
58	0.0
59	0.0
60	0.0
61	0.0
62	0.0
63	0.0
64	0.0
65	0.0
66	0.004541196533978658
67	0.0029649134395397852
68	0.004954032582522173
69	0.007168335024710114
70	5.254276981462911E-4
71	0.0021767718923203488
72	0.003753054986759222
73	0.0014261608949685044
74	0.006079949078549939
75	0.001726405293909242
76	0.0012009775957629511
77	3.753054986759222E-5
78	0.004541196533978658
79	3.3777494880833E-4
80	0.0048789714827869885
81	0.0016138136443064656
82	0.0048039103830518045
83	0.0
84	0.0031525661888777462
85	0.011521878809350811
86	0.0031150356390101546
87	0.009570290216236016
88	0.02522052951102197
89	0.03163825353838024
90	0.03358984213149504
91	0.04687565678462268
92	0.034453044778449654
93	0.02161759672373312
94	0.03385255598056818
95	0.040345341107661636
96	0.026946934804931214
97	0.03283923113414319
98	0.023081288168569216
99	0.03160072298851265
100	0.02311881871843681
101	0.012122367607232287
>>END_MODULE
>>Sequence Length Distribution	pass
#Length	Count
101	2664496.0
>>END_MODULE
>>Sequence Duplication Levels	warn
#Total Duplicate Percentage	39.849174836755054
#Duplication Level	Relative count
1	100.0
2	30.521120922265933
3	11.400057876254312
4	4.9241742857366315
5	2.378401207580225
6	1.3053441681852667
7	0.8790933762973275
8	0.6335103512462947
9	0.46379214603586766
10++	3.9168146161005484
>>END_MODULE
>>Overrepresented sequences	pass
>>END_MODULE
>>Kmer Content	warn
#Sequence	Count	Obs/Exp Overall	Obs/Exp Max	Max Obs/Exp Position
ACCAT	361555	1.3137366	5.0561986	8
ACACC	198410	1.2394003	5.5320535	6
ATACC	327095	1.1885237	6.301499	6
ATATA	946985	1.166094	6.2865267	1
TATAT	918235	1.1289102	5.086919	2
GTATT	490560	1.0443068	6.699106	1
AATAC	479760	1.0156139	5.803083	5
TAATA	810540	0.99807894	5.40289	4
ATACA	461715	0.977414	5.278763	6
TATTA	794190	0.9764049	6.100762	2
TACTG	250745	0.91766125	5.252466	7
TATAC	426645	0.90175045	7.5013795	5
ATACT	426065	0.9005246	6.218009	6
GTATA	411945	0.87833476	8.36356	1
TATAA	688150	0.84737086	5.3898864	2
>>END_MODULE
