##FastQC	0.8.0
>>Basic Statistics	pass
#Measure	Value	
Filename	1_140716_AH9BY4ADXX_P1260_1016_1.fastq.gz	
File type	Conventional base calls	
Total Sequences	2646260	
Sequence length	101	
%GC	37	
>>END_MODULE
>>Per base sequence quality	pass
#Base	Mean	Median	Lower Quartile	Upper Quartile	10th Percentile	90th Percentile
1	32.750348794147214	33.0	33.0	33.0	33.0	33.0
2	32.77836267033474	33.0	33.0	33.0	33.0	33.0
3	32.78404729693983	33.0	33.0	33.0	33.0	33.0
4	36.727693423926596	37.0	37.0	37.0	37.0	37.0
5	36.66377302305896	37.0	37.0	37.0	37.0	37.0
6	36.645757408569075	37.0	37.0	37.0	37.0	37.0
7	36.592671543990384	37.0	37.0	37.0	37.0	37.0
8	36.59072691269943	37.0	37.0	37.0	37.0	37.0
9	36.572167889776516	37.0	37.0	37.0	37.0	37.0
10	36.56867919252077	37.0	37.0	37.0	37.0	37.0
11	36.58179959641154	37.0	37.0	37.0	37.0	37.0
12	36.56399975814924	37.0	37.0	37.0	37.0	37.0
13	36.56159183149048	37.0	37.0	37.0	37.0	37.0
14	38.70654017367908	40.0	37.0	40.0	37.0	40.0
15	38.73089567918496	40.0	37.0	40.0	37.0	40.0
16	38.740792287983794	40.0	37.0	40.0	37.0	40.0
17	38.72954131491237	40.0	37.0	40.0	37.0	40.0
18	38.741191341742685	40.0	37.0	40.0	37.0	40.0
19	38.77553301640806	40.0	37.0	40.0	37.0	40.0
20	38.77293916697528	40.0	37.0	40.0	37.0	40.0
21	38.7564192482976	40.0	37.0	40.0	37.0	40.0
22	38.761767929077266	40.0	37.0	40.0	37.0	40.0
23	38.758480648160045	40.0	37.0	40.0	37.0	40.0
24	38.74497441672398	40.0	37.0	40.0	37.0	40.0
25	38.7230963699712	40.0	37.0	40.0	37.0	40.0
26	38.68095122928208	40.0	37.0	40.0	37.0	40.0
27	38.669385094435164	40.0	37.0	40.0	37.0	40.0
28	38.680389304150005	40.0	37.0	40.0	37.0	40.0
29	38.67404412264857	40.0	37.0	40.0	37.0	40.0
30	38.65675443833939	40.0	37.0	40.0	37.0	40.0
31	38.64456364831876	40.0	37.0	40.0	37.0	40.0
32	38.62850022295617	40.0	37.0	40.0	37.0	40.0
33	38.60272271054242	40.0	37.0	40.0	37.0	40.0
34	38.59966292049912	40.0	37.0	40.0	37.0	40.0
35	38.589446615223	40.0	37.0	40.0	37.0	40.0
36	38.581102386008936	40.0	37.0	40.0	37.0	40.0
37	38.56061158011684	40.0	37.0	40.0	37.0	40.0
38	38.545995480413865	40.0	37.0	40.0	37.0	40.0
39	38.53075661499626	40.0	37.0	40.0	37.0	40.0
40	38.53089303394224	40.0	37.0	40.0	37.0	40.0
41	38.51081526380628	40.0	37.0	40.0	37.0	40.0
42	38.48216539569052	40.0	37.0	40.0	37.0	40.0
43	38.487361786067886	40.0	37.0	40.0	37.0	40.0
44	38.46361317482031	40.0	37.0	40.0	37.0	40.0
45	38.43523841194743	40.0	37.0	40.0	37.0	40.0
46	38.44095515935698	40.0	37.0	40.0	37.0	40.0
47	38.415069569883535	40.0	37.0	40.0	37.0	40.0
48	38.395111969345415	40.0	37.0	40.0	37.0	40.0
49	38.38162727774293	40.0	37.0	40.0	37.0	40.0
50	38.35083589669949	40.0	37.0	40.0	37.0	40.0
51	38.30331146599352	40.0	37.0	40.0	37.0	40.0
52	38.27304573246771	40.0	37.0	40.0	37.0	40.0
53	38.24783732513056	40.0	37.0	40.0	37.0	40.0
54	38.19562136751491	40.0	37.0	40.0	37.0	40.0
55	38.13147423155699	40.0	37.0	40.0	37.0	40.0
56	38.09263110956595	40.0	37.0	40.0	37.0	40.0
57	38.04438641705652	40.0	37.0	40.0	33.0	40.0
58	37.9911342800783	40.0	37.0	40.0	33.0	40.0
59	37.92729550384316	40.0	37.0	40.0	33.0	40.0
60	37.87484600908452	40.0	37.0	40.0	33.0	40.0
61	37.77096014752897	40.0	37.0	40.0	33.0	40.0
62	37.697220605685004	40.0	37.0	40.0	33.0	40.0
63	37.615074482477155	40.0	37.0	40.0	33.0	40.0
64	37.52696182536863	37.0	37.0	40.0	33.0	40.0
65	37.41857602805469	37.0	37.0	40.0	33.0	40.0
66	37.370668037154324	37.0	37.0	40.0	33.0	40.0
67	37.28560534490186	37.0	37.0	40.0	33.0	40.0
68	37.18820335114464	37.0	37.0	40.0	33.0	40.0
69	37.07332877343874	37.0	37.0	40.0	33.0	40.0
70	36.94866830923643	37.0	37.0	40.0	33.0	40.0
71	36.81431416414109	37.0	37.0	40.0	33.0	40.0
72	36.675670946921315	37.0	37.0	40.0	33.0	40.0
73	36.55855924965801	37.0	37.0	37.0	33.0	40.0
74	36.51819057840122	37.0	37.0	37.0	33.0	40.0
75	36.43448602933952	37.0	37.0	37.0	33.0	40.0
76	36.28948742753924	37.0	37.0	37.0	33.0	40.0
77	36.18087640670229	37.0	37.0	37.0	33.0	40.0
78	36.06420722075684	37.0	37.0	37.0	33.0	40.0
79	35.97831807910031	37.0	37.0	37.0	33.0	37.0
80	35.88345173943603	37.0	37.0	37.0	33.0	37.0
81	35.79248146440637	37.0	37.0	37.0	33.0	37.0
82	35.69750742557421	37.0	37.0	37.0	33.0	37.0
83	35.63056464595316	37.0	37.0	37.0	33.0	37.0
84	35.55340556105598	37.0	37.0	37.0	33.0	37.0
85	35.492609947624196	37.0	37.0	37.0	33.0	37.0
86	35.43531247874358	37.0	37.0	37.0	33.0	37.0
87	35.38180866581515	37.0	33.0	37.0	33.0	37.0
88	35.34324480587697	37.0	33.0	37.0	33.0	37.0
89	35.29424092870693	37.0	33.0	37.0	33.0	37.0
90	35.256485757257416	37.0	33.0	37.0	33.0	37.0
91	35.21988844633558	37.0	33.0	37.0	33.0	37.0
92	35.183885181350284	37.0	33.0	37.0	33.0	37.0
93	35.13216426201507	37.0	33.0	37.0	33.0	37.0
94	35.11107676494373	37.0	33.0	37.0	33.0	37.0
95	35.083214423374876	37.0	33.0	37.0	33.0	37.0
96	35.05879883307007	37.0	33.0	37.0	33.0	37.0
97	35.04034335250505	37.0	33.0	37.0	33.0	37.0
98	34.999061694618064	37.0	33.0	37.0	33.0	37.0
99	34.96178455631722	37.0	33.0	37.0	33.0	37.0
100	34.919466719067664	37.0	33.0	37.0	33.0	37.0
101	34.49985488954222	37.0	33.0	37.0	33.0	37.0
>>END_MODULE
>>Per sequence quality scores	pass
#Quality	Count
3	1.0
4	0.0
5	0.0
6	1.0
7	19.0
8	46.0
9	103.0
10	167.0
11	272.0
12	313.0
13	388.0
14	428.0
15	493.0
16	564.0
17	651.0
18	717.0
19	892.0
20	1079.0
21	1327.0
22	1729.0
23	2187.0
24	3026.0
25	4257.0
26	5924.0
27	8410.0
28	11625.0
29	16027.0
30	22172.0
31	30266.0
32	43211.0
33	61897.0
34	90822.0
35	133734.0
36	226635.0
37	647978.0
38	1321332.0
39	7567.0
>>END_MODULE
>>Per base sequence content	fail
#Base	G	A	T	C
1	873538	750961	424447	596496
2	307166	624735	1201015	513344
3	327757	878320	891706	548477
4	259833	555308	1224425	606694
5	257632	1073073	1062389	252827
6	595319	1225936	554305	270700
7	539010	925706	823546	357998
8	489951	1101694	656025	398590
9	566766	483183	734846	861465
10	339636	801046	991103	514475
11	714017	769436	768273	394534
12	455932	764516	957804	468008
13	589704	690467	834411	531678
14	463302	649804	846810	686344
15	516252	904982	705867	519159
16	488418	904712	776409	476721
17	463829	864876	847726	469823
18	471882	869994	840459	463671
19	488264	851131	839183	467682
20	488246	842747	832879	482388
21	485898	832433	837797	490132
22	490178	827382	837799	490901
23	486150	830962	833076	496072
24	485931	839796	829562	490971
25	492189	830430	834143	489498
26	489848	832593	830547	493270
27	491058	840635	825858	488702
28	495373	832725	828665	489483
29	489694	833271	827437	495823
30	493455	837177	827689	487905
31	497555	828026	827562	493051
32	491460	832878	825690	496132
33	493073	832451	824869	495761
34	496822	827032	829422	492853
35	492114	828827	828033	497081
36	492840	831774	827432	493945
37	497553	828102	830083	490205
38	492932	827626	830893	494478
39	493655	834385	823468	494455
40	497884	827330	829968	490767
41	493734	827580	827893	496685
42	494630	830949	826333	493990
43	499994	825440	825937	494497
44	495138	824746	825785	500187
45	496847	833153	821852	494009
46	498080	823963	828115	495697
47	492129	828104	828189	497494
48	495086	830987	824747	495089
49	497084	826915	828861	493031
50	492592	825527	827875	499940
51	491963	830496	827107	496413
52	497366	821752	829148	497701
53	494120	825790	824239	501788
54	496687	828366	824453	496499
55	499803	824817	825457	495906
56	497305	823557	824114	501065
57	494815	828793	824648	497747
58	500264	821720	824305	499781
59	492368	823556	827352	502779
60	494379	829655	825016	496988
61	497232	820329	830422	497984
62	494879	823780	823518	503874
63	493802	827736	823624	500897
64	498727	822095	825524	499770
65	495676	823883	821959	504593
66	495505	827331	822536	500787
67	499561	821887	825205	499457
68	495281	823697	821736	505389
69	498149	826974	820765	500255
70	499019	821337	824994	500789
71	491725	822577	826743	505061
72	495154	825954	823661	501306
73	499319	820553	824849	501389
74	495293	821024	821888	507913
75	494915	825969	822190	503008
76	501655	820844	820744	502874
77	498313	820935	819831	507022
78	495496	826111	820158	504351
79	498768	819355	824923	503052
80	495903	821254	820650	508300
81	494335	825989	820672	505108
82	498371	821102	824540	502094
83	495245	821390	820890	508563
84	491611	827865	822048	504567
85	500057	817689	823017	505302
86	494696	820977	821128	509337
87	497613	824045	819281	505139
88	502379	817196	822105	504370
89	493388	821245	821498	509929
90	495486	823918	820109	506539
91	498945	815979	825693	505460
92	497340	818751	819742	510245
93	495282	823051	819683	508100
94	497831	817190	825046	506054
95	494134	818944	821814	511270
96	498761	824490	818957	503954
97	502545	816499	819565	507566
98	497544	819173	818976	510507
99	496540	824151	817073	508418
100	499525	816622	822123	507887
101	495589	816764	823012	510881
>>END_MODULE
>>Per base GC content	fail
#Base	%GC
1	55.568559053647746
2	31.006401487382192
3	33.112165849160704
4	32.74534626227204
5	19.2922993543647
6	32.7261493579618
7	33.89719831006779
8	33.57723730850332
9	53.97168078722423
10	32.27615578212269
11	41.89123517719347
12	34.914936551963905
13	42.376108167753735
14	43.44418159969164
15	39.12733442670032
16	36.47181304936023
17	35.282025081492556
18	35.35717606082526
19	36.124417101872076
20	36.67946460287349
21	36.88337502739716
22	37.07417260586639
23	37.11736564056442
24	36.91632719385095
25	37.09714842834793
26	37.151252825688196
27	37.02442661378183
28	37.217099241718266
29	37.24237356989674
30	37.08526784938248
31	37.435123804225995
32	37.32170390301418
33	37.36872457158578
34	37.400859897608925
35	37.38376564357127
36	37.293588678117196
37	37.331038499317636
38	37.31808374298781
39	37.34405961081089
40	37.364703552487214
41	37.43232905953833
42	37.364195650481385
43	37.586568944482494
44	37.61826040419433
45	37.449283994888624
46	37.559768014498154
47	37.40190542708083
48	37.42286677281796
49	37.420853693519504
50	37.51159325969582
51	37.353886784437826
52	37.60693160572298
53	37.6391425797364
54	37.53530322127131
55	37.63096739472627
56	37.730707876408566
57	37.51174885289246
58	37.793595785447856
59	37.60870427863367
60	37.46609081199892
61	37.61256281729894
62	37.74503968366445
63	37.59171658681836
64	37.73443794603109
65	37.80147544830886
66	37.6504964365331
67	37.75421278782817
68	37.81674409499555
69	37.73053837226484
70	37.783653844336975
71	37.669919496800205
72	37.65804068289825
73	37.81808012516487
74	37.91236823149988
75	37.71323035340552
76	37.96238034826124
77	37.993069803458
78	37.78545611757006
79	37.86027577209914
80	37.95020382773637
81	37.77035974398588
82	37.80893969896153
83	37.93554862876821
84	37.64715574785599
85	37.994493710471964
86	37.94333477694663
87	37.895783873340086
88	38.04724022599724
89	37.91739416339765
90	37.86868134110743
91	37.95826803226059
92	38.07843155039269
93	37.91904814452579
94	37.93798545115662
95	37.99480152764645
96	37.893182654727866
97	38.172494260583676
98	38.09428614617187
99	37.977659888851186
100	38.07075695055131
101	38.03387893642542
>>END_MODULE
>>Per sequence GC content	pass
#GC Content	Count
0	0.0
1	0.0
2	0.0
3	0.5
4	0.5
5	2.5
6	5.5
7	6.5
8	10.0
9	21.5
10	31.0
11	42.5
12	82.0
13	137.0
14	231.5
15	301.0
16	387.0
17	614.0
18	880.5
19	1354.5
20	2175.5
21	3582.5
22	5641.0
23	8520.5
24	13482.5
25	20698.5
26	30203.0
27	42008.0
28	56195.5
29	73157.5
30	91578.5
31	110227.0
32	128088.5
33	144685.5
34	157365.0
35	166298.5
36	170816.0
37	170804.5
38	166647.0
39	156976.0
40	144855.5
41	130694.0
42	116137.0
43	101086.5
44	85178.5
45	70853.0
46	59022.5
47	48710.5
48	39103.0
49	30921.0
50	24325.0
51	18853.0
52	14313.5
53	10548.0
54	7706.0
55	5667.5
56	4085.5
57	3137.0
58	2344.5
59	1566.5
60	1033.5
61	799.0
62	609.0
63	470.5
64	358.5
65	234.0
66	146.5
67	89.5
68	60.5
69	44.0
70	17.5
71	8.5
72	7.0
73	5.0
74	4.0
75	2.0
76	1.5
77	1.5
78	0.5
79	0.5
80	0.0
81	0.0
82	0.0
83	0.0
84	0.0
85	0.0
86	0.0
87	0.0
88	0.0
89	0.0
90	0.0
91	0.0
92	0.0
93	0.0
94	0.0
95	0.0
96	0.0
97	0.0
98	0.0
99	0.0
100	0.0
>>END_MODULE
>>Per base N content	pass
#Base	N-Count
1	0.030911550641282416
2	0.0
3	0.0
4	0.0
5	0.012810532600727063
6	0.0
7	0.0
8	0.0
9	0.0
10	0.0
11	0.0
12	0.0
13	0.0
14	0.0
15	0.0
16	0.0
17	2.2673509027835512E-4
18	0.009598452155117032
19	0.0
20	0.0
21	0.0
22	0.0
23	0.0
24	0.0
25	0.0
26	7.557836342611837E-5
27	2.645242719914143E-4
28	5.290485439828286E-4
29	0.0013226213599570715
30	0.0012848321782440123
31	0.002494085993061906
32	0.0037789181713059183
33	0.004005653261584274
34	0.004950382804410754
35	0.007746782251177134
36	0.010165289880812922
37	0.011979170603039761
38	0.01250821914702259
39	0.011223386968778578
40	0.011752435512761407
41	0.01390641887040578
42	0.013528527053275187
43	0.014813359231519201
44	0.01526682941207591
45	0.015077883503510615
46	0.01530461859378897
47	0.012999478509292358
48	0.013264002781283772
49	0.013944208052118838
50	0.012319273238457292
51	0.010618760061369631
52	0.01107223024192634
53	0.012205905693318118
54	0.009636241336830092
55	0.010467603334517394
56	0.008275830795159962
57	0.00971181970025621
58	0.007179944525481245
59	0.007746782251177134
60	0.008389198340299138
61	0.01107223024192634
62	0.00789793897802937
63	0.007595625524324896
64	0.005441642166680523
65	0.005630588075245819
66	0.0038167073530189777
67	0.005668377256958878
68	0.005932901528950292
69	0.004421334260427925
70	0.0045724909872801615
71	0.005819533983811114
72	0.006990998616915949
73	0.005668377256958878
74	0.005366063803254405
75	0.006726474344924535
76	0.005403852984967463
77	0.00600847989237641
78	0.005441642166680523
79	0.006121847437515588
80	0.005781744802098056
81	0.005895112347237233
82	0.005781744802098056
83	0.006499739254646179
84	0.006386371709507002
85	0.007368890434046542
86	0.004610280168993221
87	0.0068776310717767715
88	0.007935728159742429
89	0.0075578363426118365
90	0.007860149796316312
91	0.006915420253489831
92	0.0068776310717767715
93	0.005441642166680523
94	0.0052526962581152265
95	0.0037033398078798003
96	0.0037033398078798003
97	0.003212080445610031
98	0.002267350902783551
99	0.0029475561736186165
100	0.003892285716445096
101	5.290485439828286E-4
>>END_MODULE
>>Sequence Length Distribution	pass
#Length	Count
101	2646260.0
>>END_MODULE
>>Sequence Duplication Levels	warn
#Total Duplicate Percentage	39.948623713812246
#Duplication Level	Relative count
1	100.0
2	32.260615165651934
3	12.256661658891437
4	5.16090772515221
5	2.443267177986874
6	1.3078200363722623
7	0.7487941804380486
8	0.5384676207796315
9	0.3921878706412588
10++	3.0315489839487624
>>END_MODULE
>>Overrepresented sequences	pass
>>END_MODULE
>>Kmer Content	warn
#Sequence	Count	Obs/Exp Overall	Obs/Exp Max	Max Obs/Exp Position
ATACC	303365	1.1024524	5.7773137	6
GTATT	466480	1.0292646	6.612995	1
AATAC	456630	1.0027521	5.6129355	5
ATATA	732480	0.96878076	5.4838333	1
ATACA	438350	0.9626096	5.015277	6
TAATA	675260	0.8931014	5.033725	4
TATTA	669095	0.88202983	5.785928	2
ATACT	394560	0.8635907	5.7971954	6
TATAC	389860	0.8533036	6.801566	5
GTATA	356415	0.78901315	7.5051394	1
TATAA	573965	0.7591282	5.048326	2
>>END_MODULE
