##FastQC	0.8.0
>>Basic Statistics	pass
#Measure	Value	
Filename	8_140619_BC47HDACXX_P1260_1012_2.fastq.gz	
File type	Conventional base calls	
Total Sequences	3224847	
Sequence length	101	
%GC	37	
>>END_MODULE
>>Per base sequence quality	pass
#Base	Mean	Median	Lower Quartile	Upper Quartile	10th Percentile	90th Percentile
1	31.964100002263674	33.0	33.0	33.0	33.0	33.0
2	31.970765434763262	33.0	33.0	33.0	33.0	33.0
3	31.954521253256356	33.0	33.0	33.0	33.0	33.0
4	35.80208611447303	37.0	37.0	37.0	33.0	37.0
5	35.82806409110262	37.0	37.0	37.0	33.0	37.0
6	35.88094225865599	37.0	37.0	37.0	33.0	37.0
7	35.83774144943931	37.0	37.0	37.0	33.0	37.0
8	35.85655722581568	37.0	37.0	37.0	33.0	37.0
9	35.87179112683486	37.0	37.0	37.0	33.0	37.0
10	35.84013846238287	37.0	37.0	37.0	33.0	37.0
11	35.87686888711309	37.0	37.0	37.0	33.0	37.0
12	35.84113478872021	37.0	37.0	37.0	33.0	37.0
13	35.84491109190606	37.0	37.0	37.0	33.0	37.0
14	37.82570739014905	40.0	37.0	40.0	33.0	40.0
15	37.844249044993454	40.0	37.0	40.0	33.0	40.0
16	37.83452021134646	40.0	37.0	40.0	33.0	40.0
17	37.7917535312528	40.0	37.0	40.0	33.0	40.0
18	37.78534702576587	40.0	37.0	40.0	33.0	40.0
19	37.827936643195784	40.0	37.0	40.0	33.0	40.0
20	37.79687842555011	40.0	37.0	40.0	33.0	40.0
21	37.75237739960997	40.0	37.0	40.0	33.0	40.0
22	37.694833894445225	40.0	37.0	40.0	33.0	40.0
23	37.66209466681675	40.0	37.0	40.0	33.0	40.0
24	37.61792481937903	40.0	37.0	40.0	33.0	40.0
25	37.55791049931981	40.0	37.0	40.0	33.0	40.0
26	37.50778626086757	40.0	37.0	40.0	33.0	40.0
27	37.47659563383937	40.0	37.0	40.0	33.0	40.0
28	37.44511879168221	40.0	37.0	40.0	33.0	40.0
29	37.388722937863406	40.0	37.0	40.0	33.0	40.0
30	37.383197404403994	40.0	37.0	40.0	33.0	40.0
31	37.34747881062265	40.0	37.0	40.0	33.0	40.0
32	37.35334823636594	40.0	37.0	40.0	33.0	40.0
33	37.340965633408345	40.0	37.0	40.0	33.0	40.0
34	37.329464002478254	40.0	37.0	40.0	33.0	40.0
35	37.322965089506575	40.0	37.0	40.0	33.0	40.0
36	37.298420669259656	40.0	37.0	40.0	33.0	40.0
37	37.28039624825612	40.0	37.0	40.0	33.0	40.0
38	37.23566978526423	40.0	37.0	40.0	33.0	40.0
39	37.20959536995088	40.0	37.0	40.0	33.0	40.0
40	37.190311664398344	40.0	37.0	40.0	33.0	40.0
41	37.09915695225231	40.0	37.0	40.0	33.0	40.0
42	37.09041638254466	40.0	37.0	40.0	33.0	40.0
43	37.06231954570248	40.0	37.0	40.0	33.0	40.0
44	37.047208751298896	40.0	37.0	40.0	33.0	40.0
45	37.00332232816007	40.0	37.0	40.0	33.0	40.0
46	36.944040135857605	40.0	37.0	40.0	33.0	40.0
47	36.864841959944144	40.0	37.0	40.0	33.0	40.0
48	36.808991868451436	40.0	37.0	40.0	33.0	40.0
49	36.73289027355406	40.0	37.0	40.0	33.0	40.0
50	36.625779145491244	40.0	37.0	40.0	33.0	40.0
51	35.14308771858014	37.0	37.0	37.0	33.0	40.0
52	35.63422729822531	37.0	37.0	40.0	33.0	40.0
53	36.13857928763752	37.0	37.0	40.0	33.0	40.0
54	36.34421198897188	37.0	37.0	40.0	33.0	40.0
55	36.40111081238893	37.0	37.0	40.0	33.0	40.0
56	36.37459916703025	37.0	37.0	40.0	33.0	40.0
57	36.585079540207644	40.0	37.0	40.0	33.0	40.0
58	36.63783801215995	40.0	37.0	40.0	33.0	40.0
59	36.625448897265514	40.0	37.0	40.0	33.0	40.0
60	36.58218451914153	40.0	37.0	40.0	33.0	40.0
61	36.52316032357504	40.0	37.0	40.0	33.0	40.0
62	36.43793736571068	40.0	37.0	40.0	33.0	40.0
63	36.347825183644375	37.0	37.0	40.0	33.0	40.0
64	36.25116075274269	37.0	37.0	40.0	33.0	40.0
65	36.168568307271634	37.0	37.0	40.0	33.0	40.0
66	36.22951476457643	37.0	37.0	40.0	33.0	40.0
67	36.17730794670259	37.0	37.0	40.0	33.0	40.0
68	36.07455857595725	37.0	37.0	40.0	33.0	40.0
69	35.94669421526044	37.0	37.0	40.0	33.0	40.0
70	35.8200785959768	37.0	37.0	40.0	33.0	40.0
71	35.67029505585847	37.0	37.0	40.0	33.0	40.0
72	35.53408642332489	37.0	37.0	40.0	33.0	40.0
73	35.35236524399452	37.0	37.0	40.0	33.0	40.0
74	35.19380268273193	37.0	37.0	37.0	33.0	40.0
75	35.01226755873999	37.0	37.0	37.0	33.0	40.0
76	34.80508873754321	37.0	37.0	37.0	27.0	40.0
77	34.618882074095296	37.0	33.0	37.0	27.0	40.0
78	34.44189631322044	37.0	33.0	37.0	27.0	40.0
79	34.298914025998755	37.0	33.0	37.0	27.0	37.0
80	34.20962513880504	37.0	33.0	37.0	27.0	37.0
81	34.094946209851194	37.0	33.0	37.0	27.0	37.0
82	33.98989750521498	37.0	33.0	37.0	27.0	37.0
83	33.89037929551387	37.0	33.0	37.0	27.0	37.0
84	33.80631112111676	37.0	33.0	37.0	27.0	37.0
85	33.72279553107481	37.0	33.0	37.0	27.0	37.0
86	33.6161244238874	37.0	33.0	37.0	27.0	37.0
87	33.5479342120727	37.0	33.0	37.0	27.0	37.0
88	33.485019909471674	37.0	33.0	37.0	27.0	37.0
89	33.42111269154785	37.0	33.0	37.0	27.0	37.0
90	33.33608137068208	37.0	33.0	37.0	27.0	37.0
91	33.281182021968796	37.0	33.0	37.0	27.0	37.0
92	33.20011864128748	37.0	33.0	37.0	27.0	37.0
93	33.125628905805456	37.0	33.0	37.0	27.0	37.0
94	33.079463614862966	37.0	33.0	37.0	27.0	37.0
95	33.00104594109426	37.0	33.0	37.0	27.0	37.0
96	32.92180590272965	37.0	33.0	37.0	27.0	37.0
97	32.84462363640818	37.0	33.0	37.0	27.0	37.0
98	32.76051763075892	37.0	33.0	37.0	27.0	37.0
99	32.67672264761708	37.0	33.0	37.0	27.0	37.0
100	32.56815594662321	37.0	33.0	37.0	27.0	37.0
101	31.813751474100943	33.0	33.0	37.0	22.0	37.0
>>END_MODULE
>>Per sequence quality scores	pass
#Quality	Count
2	22998.0
3	4972.0
4	3949.0
5	4652.0
6	3508.0
7	3120.0
8	3510.0
9	4286.0
10	4781.0
11	4940.0
12	4248.0
13	4033.0
14	4049.0
15	4564.0
16	5194.0
17	5502.0
18	5905.0
19	6053.0
20	6423.0
21	7049.0
22	7972.0
23	9137.0
24	10901.0
25	13335.0
26	16154.0
27	19521.0
28	24321.0
29	29906.0
30	37791.0
31	48833.0
32	64798.0
33	91284.0
34	131134.0
35	198661.0
36	359835.0
37	933480.0
38	1111571.0
39	2477.0
>>END_MODULE
>>Per base sequence content	fail
#Base	G	A	T	C
1	1131223	890575	492203	698115
2	395028	751138	1467402	599212
3	419117	1046077	1094675	652758
4	331119	658228	1503899	720796
5	314744	1300583	1293316	307625
6	722432	1487604	683630	326786
7	661373	1142160	986926	431655
8	599488	1333376	808893	481771
9	687453	603597	898041	1035105
10	412522	980737	1211137	619883
11	860826	939865	948022	475671
12	556204	936790	1169571	561798
13	713063	840462	1030774	640281
14	559560	800315	1036552	828240
15	618797	1112655	868524	624654
16	593690	1111338	949504	570195
17	557179	1065223	1038097	564172
18	568447	1066062	1033991	556133
19	589586	1043303	1030733	560980
20	587601	1034026	1022955	579544
21	584553	1022966	1029331	586011
22	592775	1011740	1027425	589353
23	583411	1016498	1024756	595731
24	586192	1028729	1018051	585332
25	595962	1013894	1018301	588420
26	588101	1019499	1016199	590941
27	588791	1029489	1008577	586585
28	595537	1016366	1011825	589109
29	589357	1020541	1010878	592681
30	590750	1026227	1011449	586000
31	598162	1016274	1012208	589398
32	589213	1018319	1010291	599045
33	591325	1023169	1012475	592435
34	598789	1016674	1015889	590030
35	593251	1017076	1017546	595230
36	593750	1024532	1014141	591274
37	600553	1014682	1017966	590940
38	593731	1016887	1016814	596925
39	596032	1024768	1010925	592688
40	599208	1017234	1017915	590215
41	595381	1017221	1015403	596691
42	596604	1022138	1012995	592920
43	603771	1011087	1013785	595984
44	594325	1015200	1013749	601162
45	597996	1019745	1010285	596305
46	600246	1009807	1016770	597057
47	591437	1013936	1014856	602264
48	594964	1018849	1011140	596334
49	598627	1011648	1016784	592963
50	591816	1012109	1013897	600718
51	591441	1018408	1014590	593257
52	598556	1007516	1015542	594665
53	591280	1012083	1008506	602471
54	595007	1013440	1009675	595292
55	598633	1009480	1009589	595396
56	593201	1007590	1010586	602150
57	592655	1016176	1009179	595915
58	600851	1006013	1009508	599027
59	592498	1007676	1011388	604348
60	591517	1021691	1008109	595336
61	599295	1005985	1014638	597241
62	594508	1007585	1008846	607652
63	592538	1014788	1011013	601929
64	601393	1006123	1012823	601922
65	595430	1008235	1012525	606749
66	595970	1015037	1009595	602567
67	603176	1004986	1015206	599974
68	595731	1007868	1008375	611433
69	599639	1015604	1008237	599891
70	602295	1009450	1009084	602702
71	592332	1005086	1014872	609916
72	596041	1011165	1007509	606308
73	603395	1003933	1010813	601282
74	592167	1004808	1008926	611040
75	594193	1009532	1006112	604179
76	598947	1002403	1006931	603347
77	594448	998207	1007291	609502
78	594202	1007654	1004860	601743
79	599615	998601	1009771	601348
80	593890	1001080	1006083	611402
81	595593	1010374	1002889	605418
82	601372	1000550	1009531	603596
83	593645	1003956	1008663	610809
84	593157	1013136	1006427	606219
85	601629	1000023	1010135	607765
86	596466	1002384	1010478	610910
87	601103	1008897	1005071	605649
88	605792	1001421	1011375	603203
89	597012	1001442	1009463	614685
90	598809	1008988	1007582	607187
91	606291	999674	1011164	606296
92	600194	1001545	1008917	612846
93	598942	1006693	1008972	609104
94	601834	998751	1013606	609643
95	598284	1001952	1009602	614071
96	600311	1008082	1008682	606923
97	607754	996767	1007690	611141
98	600693	1000412	1008450	614280
99	601897	1005912	1005433	610412
100	609411	996866	1008123	608056
101	601425	998652	1006141	614008
>>END_MODULE
>>Per base GC content	fail
#Base	%GC
1	56.95118109059574
2	30.946407783913
3	33.36443975600031
4	32.72872600918097
5	19.3506573457187
6	32.57983661920749
7	33.92269795544168
8	33.54272089462229
9	53.42597038145323
10	32.0197166560338
11	41.44968465294456
12	34.673577385672765
13	41.96962084984711
14	43.0370019602024
15	38.56104421282442
16	36.09251263750389
17	34.77412114290109
18	34.874666357380825
19	35.680868522689
20	36.20035321200226
21	36.32064802050104
22	36.69731378052229
23	36.614813830348815
24	36.401906097124446
25	36.8211922176898
26	36.676123107934075
27	36.57685435119103
28	36.872272076049924
29	36.783999287994206
30	36.60840224662195
31	36.92613467112681
32	36.93835121615186
33	36.76953870964936
34	36.90400579627005
35	36.87381383716251
36	36.75978232445543
37	36.955362684200225
38	36.92692837672752
39	36.86624511190099
40	36.88622862196905
41	36.966957505451674
42	36.888388439452626
43	37.20600863293646
44	37.075848303393215
45	37.04027285039904
46	37.138572155291136
47	37.042780232571495
48	36.9820509628605
49	37.00564778749959
50	37.05201737433743
51	36.81820781080624
52	37.09942452131796
53	37.13829277549979
54	37.041570118260516
55	37.16130040229088
56	37.19747803581548
57	36.98188352248419
58	37.31661296156402
59	37.216402200310334
60	36.897141221014515
61	37.19231781829869
62	37.35050523660819
63	37.092161273533755
64	37.34380920726161
65	37.30070597054428
66	37.18504986862308
67	37.32616644464037
68	37.44994038915967
69	37.213525839873846
70	37.381275377838776
71	37.31133267084724
72	37.32817182615585
73	37.419034404612255
74	37.40220911729497
75	37.28581313845357
76	37.43565568615045
77	37.51268130843684
78	37.274747783904985
79	37.42092988111244
80	37.51934268339945
81	37.364922841052135
82	37.4789933217192
83	37.43943640694507
84	37.25997914219561
85	37.564046177853314
86	37.493377818658125
87	37.46839216075909
88	37.525556437397704
89	37.599958046324055
90	37.42346937192288
91	37.61796846521945
92	37.63112292159273
93	37.47376858533535
94	37.57876491159284
95	37.60512471040591
96	37.44524655412317
97	37.81451730993078
98	37.687195529547886
99	37.60667242824447
100	37.780717564491184
101	37.74371736642087
>>END_MODULE
>>Per sequence GC content	pass
#GC Content	Count
0	97.0
1	49.0
2	60.0
3	81.0
4	88.5
5	92.5
6	122.5
7	150.5
8	169.0
9	196.5
10	239.5
11	279.0
12	323.5
13	373.5
14	446.5
15	535.5
16	600.5
17	829.5
18	1134.0
19	1527.0
20	2225.0
21	3273.5
22	5031.0
23	8275.0
24	13578.5
25	21511.5
26	32854.5
27	48845.5
28	68664.5
29	91428.0
30	117270.0
31	144007.5
32	170283.0
33	193443.0
34	210320.0
35	220701.5
36	224014.0
37	221290.5
38	212071.5
39	197688.5
40	179065.5
41	156199.0
42	133917.0
43	113172.5
44	93790.0
45	76247.5
46	61161.0
47	49073.5
48	38328.0
49	29248.5
50	22562.5
51	16708.5
52	12248.0
53	8802.0
54	5986.5
55	4328.0
56	3041.5
57	2189.0
58	1641.0
59	1072.0
60	552.5
61	323.5
62	219.0
63	163.5
64	129.5
65	91.5
66	60.0
67	45.0
68	37.5
69	29.0
70	23.5
71	15.0
72	12.5
73	12.5
74	11.0
75	10.0
76	8.5
77	7.0
78	6.5
79	6.0
80	5.5
81	6.0
82	6.0
83	5.5
84	3.5
85	2.5
86	2.5
87	2.0
88	1.0
89	1.5
90	2.5
91	1.0
92	3.0
93	3.5
94	1.5
95	1.5
96	2.0
97	1.5
98	0.5
99	1.0
100	1.0
>>END_MODULE
>>Per base N content	pass
#Base	N-Count
1	0.39477841894514687
2	0.37418829482452964
3	0.3789327059547321
4	0.3350546553061277
5	0.266028124745143
6	0.13628553540679603
7	0.08474820665910662
8	0.040901165233575426
9	0.020187004220665352
10	0.017613238705588206
11	0.014357270282900242
12	0.015008463967437836
13	0.008279462560549384
14	0.00558166015317936
15	0.006729001406888451
16	0.00372110676878624
17	0.005457623260886485
18	0.006635973737668796
19	0.007597259652938574
20	0.02235764983579066
21	0.06158431702341227
22	0.11020677880221916
23	0.1380220518988963
24	0.20289334656806973
25	0.25644627481551835
26	0.3134102176010211
27	0.3536601891500589
28	0.3724207691093562
29	0.35319505080396063
30	0.32314711364601173
31	0.2730362091596904
32	0.24742259090121174
33	0.1687832011875292
34	0.1074469579487027
35	0.05408008503969336
36	0.035660606534201465
37	0.021892511489692377
38	0.015194519305877148
39	0.013458002813776902
40	0.008527536345135133
41	0.004682392684056019
42	0.005891752383911547
43	0.006822029076108107
44	0.012744790683092873
45	0.016000759105780832
46	0.02998591871180245
47	0.07299571111435675
48	0.11039283414065845
49	0.14961950132828006
50	0.19557516992279012
51	0.2217469541965867
52	0.2656870232913376
53	0.32581390683030853
54	0.354528447396109
55	0.3643273618872461
56	0.3510244051888353
57	0.3386827344056943
58	0.29297513959577
59	0.2771294266053552
60	0.25408957386195374
61	0.2383989069869051
62	0.193993699546056
63	0.14199123245226827
64	0.08018985086734348
65	0.059165597623701216
66	0.05203347631686093
67	0.046668880725194095
68	0.04465328122543488
69	0.045769613256070756
70	0.040808137564355765
71	0.0818953581363705
72	0.11857926903198818
73	0.16819402594913804
74	0.24515891761686678
75	0.3358608951060314
76	0.40991091980487754
77	0.47751102610449425
78	0.5081791477239075
79	0.481015068311768
80	0.38426629232332576
81	0.327860515553141
82	0.3038283676713965
83	0.2410657001712019
84	0.18320248991657587
85	0.16419383617269284
86	0.14292150914446486
87	0.12797506362317346
88	0.09476418571175625
89	0.06961570579937591
90	0.07073203783001178
91	0.04409511521011695
92	0.04170740503347911
93	0.03522647741117641
94	0.03141234297317051
95	0.029086651242679108
96	0.02632683038916265
97	0.04635878849446191
98	0.031381333750097294
99	0.03699400312634987
100	0.07414305236806584
101	0.14329361982134348
>>END_MODULE
>>Sequence Length Distribution	pass
#Length	Count
101	3224847.0
>>END_MODULE
>>Sequence Duplication Levels	warn
#Total Duplicate Percentage	41.3660181607142
#Duplication Level	Relative count
1	100.0
2	32.88255995828988
3	13.875130344108447
4	6.4064129301355575
5	3.248012252346194
6	1.6569994786235662
7	0.9987617309697602
8	0.6321689259645464
9	0.42769160583941607
10++	2.8023983315954117
>>END_MODULE
>>Overrepresented sequences	pass
>>END_MODULE
>>Kmer Content	warn
#Sequence	Count	Obs/Exp Overall	Obs/Exp Max	Max Obs/Exp Position
ACACC	226180	1.1563079	5.0010905	6
GTCTT	379560	1.1381083	5.6031055	1
ATACC	361275	1.089816	5.5833325	6
GTCCA	203905	1.0420332	5.320525	1
GTATT	550545	0.9795767	6.9161534	1
AATAC	537235	0.9616612	5.5522113	5
ATACT	467810	0.832685	5.543235	6
TATTA	779230	0.8184137	5.4779515	2
TATAC	457785	0.8148409	6.1054196	5
GTATA	398240	0.71258557	7.360617	1
>>END_MODULE
