##FastQC	0.8.0
>>Basic Statistics	pass
#Measure	Value	
Filename	8_140619_BC47HDACXX_P1260_1003_1.fastq.gz	
File type	Conventional base calls	
Total Sequences	3349842	
Sequence length	101	
%GC	37	
>>END_MODULE
>>Per base sequence quality	pass
#Base	Mean	Median	Lower Quartile	Upper Quartile	10th Percentile	90th Percentile
1	32.702645677019994	33.0	33.0	33.0	33.0	33.0
2	32.76332047899572	33.0	33.0	33.0	33.0	33.0
3	32.75887071688754	33.0	33.0	33.0	33.0	33.0
4	36.70937494962449	37.0	37.0	37.0	37.0	37.0
5	36.61794466724102	37.0	37.0	37.0	37.0	37.0
6	36.59762460438433	37.0	37.0	37.0	37.0	37.0
7	36.56520844863728	37.0	37.0	37.0	37.0	37.0
8	36.55715463594999	37.0	37.0	37.0	37.0	37.0
9	36.52009079831228	37.0	37.0	37.0	37.0	37.0
10	36.52759264466802	37.0	37.0	37.0	37.0	37.0
11	36.54965428220196	37.0	37.0	37.0	37.0	37.0
12	36.51412066598962	37.0	37.0	37.0	37.0	37.0
13	36.519854966293934	37.0	37.0	37.0	37.0	37.0
14	38.61697895005197	40.0	37.0	40.0	37.0	40.0
15	38.63273640965753	40.0	37.0	40.0	37.0	40.0
16	38.61556276385573	40.0	37.0	40.0	37.0	40.0
17	38.60596440070905	40.0	37.0	40.0	37.0	40.0
18	38.60633635855064	40.0	37.0	40.0	37.0	40.0
19	38.64358318989373	40.0	37.0	40.0	37.0	40.0
20	38.6221645677617	40.0	37.0	40.0	37.0	40.0
21	38.596329319412675	40.0	37.0	40.0	37.0	40.0
22	38.55921921093592	40.0	37.0	40.0	37.0	40.0
23	38.53959171805715	40.0	37.0	40.0	37.0	40.0
24	38.5273824855023	40.0	37.0	40.0	37.0	40.0
25	38.48854722103311	40.0	37.0	40.0	37.0	40.0
26	38.43851799577413	40.0	37.0	40.0	37.0	40.0
27	38.41225974239979	40.0	37.0	40.0	37.0	40.0
28	38.401620434635426	40.0	37.0	40.0	37.0	40.0
29	38.373924202992264	40.0	37.0	40.0	37.0	40.0
30	38.362539486936996	40.0	37.0	40.0	37.0	40.0
31	38.33538417632832	40.0	37.0	40.0	37.0	40.0
32	38.31993658208357	40.0	37.0	40.0	37.0	40.0
33	38.285582125962954	40.0	37.0	40.0	37.0	40.0
34	38.27473325607596	40.0	37.0	40.0	37.0	40.0
35	38.246473714282644	40.0	37.0	40.0	37.0	40.0
36	38.1961901486697	40.0	37.0	40.0	37.0	40.0
37	38.289602017050356	40.0	37.0	40.0	37.0	40.0
38	38.30621921869748	40.0	37.0	40.0	37.0	40.0
39	38.29294008493535	40.0	37.0	40.0	37.0	40.0
40	38.26536445599524	40.0	37.0	40.0	37.0	40.0
41	38.25561951877133	40.0	37.0	40.0	37.0	40.0
42	38.2559290856106	40.0	37.0	40.0	37.0	40.0
43	38.212388823114644	40.0	37.0	40.0	37.0	40.0
44	38.18210351413589	40.0	37.0	40.0	37.0	40.0
45	38.164434024052476	40.0	37.0	40.0	37.0	40.0
46	38.121863658047154	40.0	37.0	40.0	37.0	40.0
47	38.09693740779416	40.0	37.0	40.0	37.0	40.0
48	38.06097063682407	40.0	37.0	40.0	37.0	40.0
49	38.026456173156824	40.0	37.0	40.0	33.0	40.0
50	38.073801988272876	40.0	37.0	40.0	37.0	40.0
51	38.073095387782466	40.0	37.0	40.0	37.0	40.0
52	38.04040220404425	40.0	37.0	40.0	37.0	40.0
53	38.00549966237214	40.0	37.0	40.0	33.0	40.0
54	37.94967971623736	40.0	37.0	40.0	33.0	40.0
55	37.898575514904884	40.0	37.0	40.0	33.0	40.0
56	37.8335070728709	40.0	37.0	40.0	33.0	40.0
57	37.760851705841645	40.0	37.0	40.0	33.0	40.0
58	37.68422958455951	40.0	37.0	40.0	33.0	40.0
59	37.62004446776893	40.0	37.0	40.0	33.0	40.0
60	37.53930961519976	40.0	37.0	40.0	33.0	40.0
61	37.48065610258633	40.0	37.0	40.0	33.0	40.0
62	37.3623612695763	37.0	37.0	40.0	33.0	40.0
63	37.26283896374814	37.0	37.0	40.0	33.0	40.0
64	37.16343845470921	37.0	37.0	40.0	33.0	40.0
65	37.053058920390875	37.0	37.0	40.0	33.0	40.0
66	36.9583293779229	37.0	37.0	40.0	33.0	40.0
67	36.83498684415564	37.0	37.0	40.0	33.0	40.0
68	36.71745742037983	37.0	37.0	40.0	33.0	40.0
69	36.56710077669335	37.0	37.0	40.0	33.0	40.0
70	36.45330794706138	37.0	37.0	40.0	33.0	40.0
71	36.33020034974784	37.0	37.0	40.0	33.0	40.0
72	36.187620490757475	37.0	37.0	37.0	33.0	40.0
73	36.05910159344829	37.0	37.0	37.0	33.0	40.0
74	35.876508503983175	37.0	37.0	37.0	33.0	40.0
75	35.747288081049795	37.0	37.0	37.0	33.0	40.0
76	34.14562149498394	37.0	33.0	37.0	27.0	37.0
77	34.77371828283244	37.0	33.0	37.0	33.0	37.0
78	35.19381660388758	37.0	33.0	37.0	33.0	37.0
79	35.3228059711473	37.0	33.0	37.0	33.0	37.0
80	35.29425507232879	37.0	33.0	37.0	33.0	37.0
81	35.221560897499046	37.0	33.0	37.0	33.0	37.0
82	35.12779766926321	37.0	33.0	37.0	33.0	37.0
83	35.03662351836296	37.0	33.0	37.0	33.0	37.0
84	34.964861327788	37.0	33.0	37.0	33.0	37.0
85	34.87350537726854	37.0	33.0	37.0	33.0	37.0
86	34.788716900677706	37.0	33.0	37.0	33.0	37.0
87	34.699029088536115	37.0	33.0	37.0	33.0	37.0
88	34.598981086272126	37.0	33.0	37.0	33.0	37.0
89	34.53326903179314	37.0	33.0	37.0	33.0	37.0
90	34.47121655290011	37.0	33.0	37.0	33.0	37.0
91	34.376841952545824	37.0	33.0	37.0	33.0	37.0
92	34.309114579135375	37.0	33.0	37.0	33.0	37.0
93	34.26664929271291	37.0	33.0	37.0	33.0	37.0
94	34.200662001372	37.0	33.0	37.0	33.0	37.0
95	34.12882786710537	37.0	33.0	37.0	33.0	37.0
96	34.05220873103866	37.0	33.0	37.0	33.0	37.0
97	33.943481513456454	37.0	33.0	37.0	33.0	37.0
98	33.84988336763346	37.0	33.0	37.0	27.0	37.0
99	33.76585104610904	37.0	33.0	37.0	27.0	37.0
100	33.67688117827647	37.0	33.0	37.0	27.0	37.0
101	32.67404940292706	33.0	33.0	37.0	27.0	37.0
>>END_MODULE
>>Per sequence quality scores	pass
#Quality	Count
3	1.0
4	1.0
5	2.0
6	5.0
7	15.0
8	56.0
9	134.0
10	257.0
11	375.0
12	488.0
13	704.0
14	805.0
15	971.0
16	1212.0
17	1436.0
18	1708.0
19	2045.0
20	2434.0
21	2940.0
22	3687.0
23	4587.0
24	6083.0
25	8338.0
26	11330.0
27	15352.0
28	20782.0
29	27936.0
30	38096.0
31	51246.0
32	70068.0
33	96992.0
34	138576.0
35	208525.0
36	376450.0
37	1026087.0
38	1227279.0
39	2839.0
>>END_MODULE
>>Per base sequence content	fail
#Base	G	A	T	C
1	1113310	955344	539097	740799
2	395177	790446	1522891	641328
3	421856	1120195	1123772	683676
4	332616	700597	1560267	756141
5	325308	1357718	1348361	318455
6	748914	1552289	706967	341669
7	683076	1166887	1046497	453382
8	619751	1399052	829124	501912
9	714125	615118	930215	1090384
10	429332	1018169	1250459	651882
11	909397	972970	970918	496557
12	580884	966590	1212173	590195
13	749212	870866	1058767	670997
14	584240	819666	1075613	870323
15	654964	1145120	893644	656114
16	621120	1140370	984391	603960
17	589120	1095213	1070672	594837
18	597802	1097877	1063630	590533
19	620777	1074057	1062183	592825
20	621739	1062627	1054852	610624
21	614942	1056361	1058617	619922
22	621715	1045670	1060587	621870
23	617090	1053832	1051345	627564
24	616617	1062390	1050530	620301
25	627060	1047852	1054739	620179
26	622939	1053472	1048257	625171
27	623938	1063755	1042018	620112
28	628382	1052905	1047485	621038
29	623699	1052192	1046091	627834
30	624845	1059686	1046295	618990
31	629644	1049590	1046236	624339
32	622741	1054376	1045388	627294
33	622090	1055619	1044795	627227
34	629563	1045477	1051562	623163
35	624285	1048712	1047279	629556
36	625829	1052142	1045977	625894
37	628643	1047644	1051054	622501
38	625189	1047687	1045995	630971
39	627456	1054279	1042164	625925
40	632490	1043558	1051775	622019
41	624712	1048726	1045492	630912
42	625769	1053170	1047502	623401
43	633188	1042410	1048329	625915
44	627176	1043080	1047060	632526
45	627773	1051649	1043366	627054
46	630194	1042159	1049847	627642
47	624092	1046931	1047391	631424
48	630015	1049490	1042904	627433
49	631298	1044554	1049583	624407
50	624085	1044492	1046269	634996
51	624353	1049735	1046821	628933
52	632100	1038974	1049355	629413
53	625300	1043040	1045749	635753
54	624442	1052078	1045794	627528
55	630638	1044314	1047022	627868
56	630313	1040552	1045205	633772
57	630204	1046808	1041875	630955
58	634406	1035255	1044544	635637
59	623589	1041228	1045806	639219
60	627363	1047896	1043595	630988
61	631031	1038026	1048906	631879
62	628238	1038725	1043062	639817
63	623968	1046973	1043767	635134
64	630313	1041289	1046900	631340
65	627453	1042537	1042221	637631
66	627807	1044401	1042245	635194
67	632410	1040729	1044831	631756
68	630547	1038596	1040666	639832
69	632743	1045733	1039488	631617
70	634831	1040473	1040656	633855
71	622841	1041261	1044867	640796
72	624385	1046446	1042372	636492
73	634027	1036838	1045126	633812
74	626087	1037239	1043436	642870
75	628199	1044469	1041204	635904
76	633103	1039775	1041967	634959
77	630146	1037168	1038936	643592
78	626194	1045726	1040265	637478
79	633084	1038128	1043357	635258
80	630168	1038406	1038068	643037
81	627289	1046299	1036398	639798
82	633719	1037778	1041273	636913
83	628481	1038666	1038380	644312
84	625807	1049201	1037252	637484
85	633585	1035429	1042220	638241
86	626811	1040605	1038966	643360
87	631085	1043844	1036454	638109
88	637292	1035829	1037216	638654
89	625909	1039652	1040103	643085
90	626142	1045106	1035600	641846
91	631574	1033595	1042740	640333
92	631543	1035314	1034275	647545
93	628904	1041524	1037650	640997
94	630612	1036467	1041677	639955
95	625467	1037216	1040075	645698
96	631244	1044213	1037374	636085
97	635382	1033780	1037500	642054
98	632164	1036707	1036480	643695
99	630984	1043303	1034331	640139
100	634038	1034609	1039670	640733
101	629843	1033520	1040770	645294
>>END_MODULE
>>Per base GC content	fail
#Base	%GC
1	55.370503650833946
2	30.94190711084284
3	33.00589132882261
4	32.503886260565004
5	19.217712357776875
6	32.55628106306004
7	33.92571948169496
8	33.48408684715892
9	53.8684809611916
10	32.27656707390976
11	41.97075563563894
12	34.959230912980374
13	42.39629809405936
14	43.421839000167765
15	39.138502651766856
16	36.57128801038617
17	35.34366695503848
18	35.47435968621804
19	36.22863406692017
20	36.78869033226045
21	36.86335056996718
22	37.12369120692857
23	37.15572516941899
24	36.924710986023804
25	37.23290435634047
26	37.25880557244691
27	37.13778310077876
28	37.298234825258746
29	37.36124611023411
30	37.131442443405845
31	37.434462681305114
32	37.31671661493719
33	37.29603959243295
34	37.39742937191116
35	37.42996663713285
36	37.366628037979105
37	37.34934364068515
38	37.499082046257705
39	37.41632396209473
40	37.44979613963883
41	37.48308129159524
42	37.29041548825288
43	37.58693693613012
44	37.604818376508504
45	37.459289124681106
46	37.54911425673211
47	37.47990201317198
48	37.53753162089436
49	37.48549931608714
50	37.586280188737256
51	37.413286955026535
52	37.658880627802745
53	37.64514863686108
54	37.374001520071694
55	37.56911520006018
56	37.735660368459165
57	37.64831296520851
58	37.91351950330792
59	37.69753916751895
60	37.56448811615593
61	37.70058408724949
62	37.854173420716556
63	37.5869070839759
64	37.66305992939368
65	37.765482670525955
66	37.705495534305555
67	37.739385251211594
68	37.9258254839847
69	37.74681072050504
70	37.873315392044034
71	37.723153713767985
72	37.64154646915615
73	37.848165996627266
74	37.88347496083152
75	37.7369412163679
76	37.854811803914494
77	38.02382321315453
78	37.725347296130984
79	37.86291053239466
80	38.0097615323737
81	37.82593146304359
82	37.932902904543504
83	37.99564695497306
84	37.71306105780024
85	37.97090588823622
86	37.91847252713791
87	37.892134090781525
88	38.09941561503151
89	37.89456898680672
90	37.86514981661507
91	37.98730796638953
92	38.19681623518781
93	37.91796242245994
94	37.94197229919214
95	37.96272072859849
96	37.84296172253947
97	38.14703904421874
98	38.09619216935211
99	37.95805428700858
100	38.06365984383631
101	38.07030277119042
>>END_MODULE
>>Per sequence GC content	pass
#GC Content	Count
0	0.0
1	0.0
2	0.0
3	0.0
4	0.0
5	1.0
6	4.5
7	8.5
8	10.5
9	21.0
10	45.0
11	60.0
12	115.0
13	204.5
14	354.0
15	494.5
16	590.5
17	833.5
18	1274.0
19	1946.0
20	3067.0
21	5026.5
22	7775.0
23	11820.5
24	18074.0
25	26940.5
26	38549.0
27	53110.5
28	71222.0
29	92091.5
30	114596.5
31	137716.5
32	159844.0
33	181272.5
34	197095.0
35	207857.0
36	214719.5
37	214911.0
38	209007.5
39	197768.5
40	183619.0
41	166567.0
42	148524.0
43	129963.5
44	110455.5
45	91710.5
46	75861.0
47	62321.5
48	50335.0
49	39896.5
50	31196.5
51	24176.5
52	18313.0
53	13427.5
54	9587.0
55	7089.0
56	5120.5
57	3734.5
58	2779.0
59	1901.0
60	1287.0
61	983.0
62	765.0
63	580.0
64	412.0
65	248.5
66	141.5
67	105.0
68	78.5
69	48.0
70	27.5
71	16.5
72	16.0
73	18.5
74	16.5
75	13.5
76	13.0
77	10.0
78	11.0
79	13.0
80	9.0
81	6.0
82	3.5
83	3.0
84	3.5
85	2.5
86	2.0
87	1.0
88	1.0
89	0.5
90	0.5
91	0.5
92	0.0
93	0.0
94	0.0
95	0.0
96	0.0
97	0.0
98	0.0
99	0.0
100	0.0
>>END_MODULE
>>Per base N content	pass
#Base	N-Count
1	0.038568983253538525
2	0.0
3	0.010239288897804733
4	0.006597326082842116
5	0.0
6	8.955646266301515E-5
7	0.0
8	8.955646266301515E-5
9	0.0
10	0.0
11	0.0
12	0.0
13	0.0
14	0.0
15	0.0
16	2.985215422100505E-5
17	0.0
18	0.0
19	0.0
20	0.0
21	0.0
22	0.0
23	3.2837369643105553E-4
24	1.194086168840202E-4
25	3.582258506520606E-4
26	8.955646266301515E-5
27	5.67190930199096E-4
28	9.552689350721616E-4
29	7.761560097461313E-4
30	7.761560097461313E-4
31	9.851210892931667E-4
32	0.0012836426315032173
33	0.003313589118531561
34	0.002298615875017389
35	2.985215422100505E-4
36	0.0
37	0.0
38	0.0
39	5.373387759780909E-4
40	0.0
41	0.0
42	0.0
43	0.0
44	0.0
45	0.0
46	0.0
47	1.194086168840202E-4
48	0.0
49	0.0
50	0.0
51	0.0
52	0.0
53	0.0
54	0.0
55	0.0
56	0.0
57	0.0
58	0.0
59	0.0
60	0.0
61	0.0
62	0.0
63	0.0
64	0.0
65	0.0
66	0.005821170073095985
67	0.003462849889636586
68	0.006000282998422015
69	0.007791412251682318
70	8.060081639671364E-4
71	0.002298615875017389
72	0.004388266670487743
73	0.001164234014619197
74	0.00626895238641106
75	0.0019702421785863333
76	0.001134381860398192
77	0.0
78	0.005343535605559904
79	4.477823133150758E-4
80	0.004865901138023823
81	0.001731424944818293
82	0.004746492521139803
83	8.955646266301515E-5
84	0.002925511113658495
85	0.010955740599108853
86	0.002985215422100505
87	0.010448253977351768
88	0.025404183242075298
89	0.03262840456355852
90	0.0342702730457138
91	0.04776344675360808
92	0.03477775966747088
93	0.02289660228751087
94	0.03376278642395671
95	0.041375085750313
96	0.027643094808650674
97	0.03361352565285169
98	0.023762314759920022
99	0.03238958732979048
100	0.023642906143036
101	0.012388644001717094
>>END_MODULE
>>Sequence Length Distribution	pass
#Length	Count
101	3349842.0
>>END_MODULE
>>Sequence Duplication Levels	warn
#Total Duplicate Percentage	45.41811797355082
#Duplication Level	Relative count
1	100.0
2	35.610954023883025
3	15.362266206646087
4	7.464958018798585
5	3.8885574204259514
6	2.313938104749799
7	1.448373066313869
8	0.9987288905029962
9	0.6787897654067983
10++	5.17350212283933
>>END_MODULE
>>Overrepresented sequences	pass
>>END_MODULE
>>Kmer Content	warn
#Sequence	Count	Obs/Exp Overall	Obs/Exp Max	Max Obs/Exp Position
ACACC	248400	1.18725	5.2307835	6
ATACC	387920	1.1162951	5.6797767	6
GTATT	593045	1.0333623	6.721191	1
ATATA	971525	1.0164639	5.7718186	1
AATAC	582175	1.011685	5.721289	5
ATACA	556965	0.9678758	5.141569	6
TAATA	874325	0.91476774	5.1385407	4
TACTG	313580	0.9075429	5.330303	7
TATTA	861960	0.89911735	6.0743947	2
ATACT	508160	0.88040704	6.1963925	6
TATAC	500420	0.86699724	7.1535864	5
GTATA	462590	0.8084811	7.750682	1
TATAA	741485	0.7757831	5.246012	2
>>END_MODULE
