##FastQC	0.8.0
>>Basic Statistics	pass
#Measure	Value	
Filename	8_140619_BC47HDACXX_P1260_1009_2.fastq.gz	
File type	Conventional base calls	
Total Sequences	2894462	
Sequence length	101	
%GC	37	
>>END_MODULE
>>Per base sequence quality	pass
#Base	Mean	Median	Lower Quartile	Upper Quartile	10th Percentile	90th Percentile
1	32.13864441820276	33.0	33.0	33.0	33.0	33.0
2	32.14009546506397	33.0	33.0	33.0	33.0	33.0
3	32.124788648114915	33.0	33.0	33.0	33.0	33.0
4	35.99410771328143	37.0	37.0	37.0	37.0	37.0
5	36.018680846388726	37.0	37.0	37.0	37.0	37.0
6	36.06989416340584	37.0	37.0	37.0	37.0	37.0
7	36.03894195190678	37.0	37.0	37.0	37.0	37.0
8	36.05827127804753	37.0	37.0	37.0	37.0	37.0
9	36.07308577552581	37.0	37.0	37.0	37.0	37.0
10	36.04498728952047	37.0	37.0	37.0	37.0	37.0
11	36.077046096994884	37.0	37.0	37.0	37.0	37.0
12	36.04198500446715	37.0	37.0	37.0	37.0	37.0
13	36.04614881798414	37.0	37.0	37.0	37.0	37.0
14	38.092727076741724	40.0	37.0	40.0	37.0	40.0
15	38.11094220618547	40.0	37.0	40.0	37.0	40.0
16	38.10054752834896	40.0	37.0	40.0	37.0	40.0
17	38.05847960691832	40.0	37.0	40.0	37.0	40.0
18	38.052312312270814	40.0	37.0	40.0	37.0	40.0
19	38.09310365795094	40.0	37.0	40.0	37.0	40.0
20	38.062841730173	40.0	37.0	40.0	37.0	40.0
21	38.02195952132037	40.0	37.0	40.0	37.0	40.0
22	37.96323496387239	40.0	37.0	40.0	33.0	40.0
23	37.935106765955126	40.0	37.0	40.0	33.0	40.0
24	37.890600049335596	40.0	37.0	40.0	33.0	40.0
25	37.832162246386375	40.0	37.0	40.0	33.0	40.0
26	37.7857225280553	40.0	37.0	40.0	33.0	40.0
27	37.75363297220692	40.0	37.0	40.0	33.0	40.0
28	37.72135892611477	40.0	37.0	40.0	33.0	40.0
29	37.67372174863584	40.0	37.0	40.0	33.0	40.0
30	37.66752646951316	40.0	37.0	40.0	33.0	40.0
31	37.630585580325466	40.0	37.0	40.0	33.0	40.0
32	37.6347245187534	40.0	37.0	40.0	33.0	40.0
33	37.626368216269555	40.0	37.0	40.0	33.0	40.0
34	37.614808209608555	40.0	37.0	40.0	33.0	40.0
35	37.60870379365837	40.0	37.0	40.0	33.0	40.0
36	37.58608093663002	40.0	37.0	40.0	33.0	40.0
37	37.56482102718916	40.0	37.0	40.0	33.0	40.0
38	37.522711647276765	40.0	37.0	40.0	33.0	40.0
39	37.49260657075477	40.0	37.0	40.0	33.0	40.0
40	37.475574389990264	40.0	37.0	40.0	33.0	40.0
41	37.38726195058011	40.0	37.0	40.0	33.0	40.0
42	37.37482198764399	40.0	37.0	40.0	33.0	40.0
43	37.34787397450718	40.0	37.0	40.0	33.0	40.0
44	37.323352319014724	40.0	37.0	40.0	33.0	40.0
45	37.28629810997691	40.0	37.0	40.0	33.0	40.0
46	37.22706948648833	40.0	37.0	40.0	33.0	40.0
47	37.14312642556717	40.0	37.0	40.0	33.0	40.0
48	37.08294494797306	40.0	37.0	40.0	33.0	40.0
49	37.00932919485555	40.0	37.0	40.0	33.0	40.0
50	36.90192132423918	40.0	37.0	40.0	33.0	40.0
51	35.3922500969092	37.0	37.0	37.0	33.0	40.0
52	35.89209842796347	37.0	37.0	40.0	33.0	40.0
53	36.400710736572115	37.0	37.0	40.0	33.0	40.0
54	36.60444669855745	37.0	37.0	40.0	33.0	40.0
55	36.6541105048192	40.0	37.0	40.0	33.0	40.0
56	36.623169003427925	40.0	37.0	40.0	33.0	40.0
57	36.82844825739637	40.0	37.0	40.0	33.0	40.0
58	36.878139702645946	40.0	37.0	40.0	33.0	40.0
59	36.86245423156359	40.0	37.0	40.0	33.0	40.0
60	36.813501092776484	40.0	37.0	40.0	33.0	40.0
61	36.746793704667745	40.0	37.0	40.0	33.0	40.0
62	36.659379186874794	37.0	37.0	40.0	33.0	40.0
63	36.565309200811754	37.0	37.0	40.0	33.0	40.0
64	36.46204786934498	37.0	37.0	40.0	33.0	40.0
65	36.37949539499914	37.0	37.0	40.0	33.0	40.0
66	36.43334892632897	37.0	37.0	40.0	33.0	40.0
67	36.36996236260832	37.0	37.0	40.0	33.0	40.0
68	36.26949153245059	37.0	37.0	40.0	33.0	40.0
69	36.14496027240986	37.0	37.0	40.0	33.0	40.0
70	36.012396431530284	37.0	37.0	40.0	33.0	40.0
71	35.86433782858438	37.0	37.0	40.0	33.0	40.0
72	35.730328123153804	37.0	37.0	40.0	33.0	40.0
73	35.5608354851437	37.0	37.0	37.0	33.0	40.0
74	35.40277156860239	37.0	37.0	37.0	33.0	40.0
75	35.22532339343201	37.0	37.0	37.0	33.0	40.0
76	35.031180924123376	37.0	37.0	37.0	33.0	40.0
77	34.85845590648625	37.0	37.0	37.0	33.0	40.0
78	34.68766734543414	37.0	33.0	37.0	33.0	40.0
79	34.54820792257767	37.0	33.0	37.0	27.0	37.0
80	34.4687734715467	37.0	33.0	37.0	27.0	37.0
81	34.357810881607705	37.0	33.0	37.0	27.0	37.0
82	34.26047534913224	37.0	33.0	37.0	27.0	37.0
83	34.166221563800114	37.0	33.0	37.0	27.0	37.0
84	34.083153622331196	37.0	33.0	37.0	27.0	37.0
85	34.0088672782714	37.0	33.0	37.0	27.0	37.0
86	33.910875319834915	37.0	33.0	37.0	27.0	37.0
87	33.84749532037387	37.0	33.0	37.0	27.0	37.0
88	33.790974626718196	37.0	33.0	37.0	27.0	37.0
89	33.73156669529605	37.0	33.0	37.0	27.0	37.0
90	33.65142364971452	37.0	33.0	37.0	27.0	37.0
91	33.59129054034912	37.0	33.0	37.0	27.0	37.0
92	33.5219871603082	37.0	33.0	37.0	27.0	37.0
93	33.45191921676636	37.0	33.0	37.0	27.0	37.0
94	33.410461080504774	37.0	33.0	37.0	27.0	37.0
95	33.33783549412637	37.0	33.0	37.0	27.0	37.0
96	33.255967430216735	37.0	33.0	37.0	27.0	37.0
97	33.18462602031051	37.0	33.0	37.0	27.0	37.0
98	33.10890832216833	37.0	33.0	37.0	27.0	37.0
99	33.031484607502186	37.0	33.0	37.0	27.0	37.0
100	32.930955389982664	37.0	33.0	37.0	27.0	37.0
101	32.170865604730686	33.0	33.0	37.0	27.0	37.0
>>END_MODULE
>>Per sequence quality scores	pass
#Quality	Count
2	15449.0
3	3365.0
4	2683.0
5	3526.0
6	2558.0
7	2346.0
8	2581.0
9	3101.0
10	3757.0
11	3841.0
12	3405.0
13	2929.0
14	3156.0
15	3518.0
16	3907.0
17	4234.0
18	4449.0
19	4645.0
20	4953.0
21	5256.0
22	6177.0
23	7083.0
24	8439.0
25	10200.0
26	12704.0
27	15740.0
28	19481.0
29	24526.0
30	30953.0
31	40633.0
32	55901.0
33	78657.0
34	115869.0
35	177757.0
36	326464.0
37	860058.0
38	1016887.0
39	3274.0
>>END_MODULE
>>Per base sequence content	fail
#Base	G	A	T	C
1	1015634	805365	441320	621333
2	357922	667362	1324654	534215
3	382255	956356	964325	581077
4	303770	592536	1348196	640708
5	288351	1163244	1154120	281426
6	645152	1326290	618473	300774
7	594839	1008189	896627	392561
8	538976	1194640	723529	436269
9	614722	547655	808121	923438
10	380445	871451	1077781	564327
11	777396	842852	843795	430030
12	505541	833811	1042824	511874
13	643243	753946	918395	578641
14	508661	712564	929817	743259
15	564493	984501	777383	567897
16	538291	986673	850708	518687
17	507439	946987	927318	512548
18	516270	949639	923132	505223
19	536614	930018	918960	508656
20	533215	923386	912696	524579
21	529855	912675	918888	531341
22	537504	903765	917257	532906
23	530727	909240	911945	538712
24	529945	916025	911007	531787
25	540471	904372	910987	531385
26	534750	908223	905957	536723
27	534971	915043	902305	532217
28	539631	909262	905020	530148
29	533986	911059	902240	537294
30	537967	912515	904641	530203
31	543172	905158	903805	534641
32	535326	909538	904394	538255
33	535189	912989	904844	536706
34	541618	906512	908593	534751
35	536999	908171	907562	540273
36	538439	911532	904977	538578
37	544637	905730	910334	533191
38	537647	905852	908829	541743
39	539760	913964	901885	538515
40	545349	903413	909916	535552
41	540820	906403	903490	543613
42	540661	911267	905284	537080
43	546046	902853	907230	538136
44	539882	904843	905916	543473
45	541588	910958	902574	538955
46	545582	902134	907486	538452
47	540523	903428	905931	542661
48	540819	907813	902602	540186
49	544838	902866	905493	537103
50	537883	902567	903061	545450
51	536469	908013	904258	539458
52	544240	897148	905850	539742
53	536282	901160	902801	545071
54	538307	906624	901601	537965
55	545599	899079	902485	537055
56	539535	899966	902610	542474
57	539679	905011	899894	540344
58	545804	896987	902440	540958
59	536556	898228	905145	546733
60	537962	906264	901732	541345
61	543621	896894	906790	540509
62	540491	899392	901252	547924
63	538356	905456	901611	545134
64	546060	898499	905065	542682
65	538379	903657	902938	547875
66	541372	905388	901879	544466
67	547268	898811	905033	542103
68	541206	899983	901571	550517
69	545840	904461	899742	543162
70	545564	900469	904235	543100
71	538506	899815	904215	549652
72	540115	905278	900190	545563
73	548434	897866	901426	542081
74	539291	897159	900900	550223
75	541191	902061	899045	542693
76	544540	896290	899056	543081
77	541205	894310	896609	549021
78	538663	901642	897006	542959
79	545347	895957	897379	542322
80	541623	894150	897728	550233
81	541029	902948	895354	545930
82	546382	894814	900188	544475
83	540611	897297	897988	551726
84	539820	905927	898269	545242
85	547215	894703	900530	547428
86	541962	898031	900964	549495
87	542080	902963	897963	547853
88	549600	895256	900664	546240
89	542478	896158	901158	552778
90	544498	900972	898514	548554
91	550826	893416	902495	546507
92	545805	897082	897896	552559
93	544735	901899	898771	548117
94	548974	895852	902435	546374
95	543561	896217	900313	553602
96	546348	901149	900023	546230
97	551824	893696	899175	548493
98	547197	896491	897411	552501
99	547178	900774	895069	550434
100	551767	892703	899457	548490
101	546730	893355	897727	552653
>>END_MODULE
>>Per base GC content	fail
#Base	%GC
1	56.767148046990414
2	30.932374253376988
3	33.40248466286386
4	32.735156193136724
5	19.734990428247183
6	32.7232019771065
7	34.13991209508557
8	33.70568470326058
9	53.151140868353686
10	32.6458429221245
11	41.72064768234941
12	35.15540505519946
13	42.21800309236497
14	43.254658033148594
15	39.1251830338109
16	36.51855212155783
17	35.241330176775534
18	35.293705066296646
19	36.11542618324346
20	36.55284469687022
21	36.68456307628807
22	37.02006479834213
23	36.99682144754904
24	36.753850435688065
25	37.12421832111568
26	37.131041050327255
27	36.99686882049661
28	37.092800741731885
29	37.13817510284863
30	37.020773389211485
31	37.336218674396626
32	37.180126981246495
33	37.09328352010985
34	37.22561572402173
35	37.23712886773441
36	37.22161127980188
37	37.244928283432834
38	37.2965970772659
39	37.257387727685476
40	37.34675544099812
41	37.46754857607609
42	37.236775004042435
43	37.45966592554586
44	37.43304513920322
45	37.33638554633173
46	37.46246095766806
47	37.4474640480712
48	37.38664739124721
49	37.433519011867276
50	37.49905242749902
51	37.25253601034278
52	37.54726392285364
53	37.477827369915374
54	37.31229396321092
55	37.53717645476174
56	37.51004043909262
57	37.43674018900992
58	37.65387505807832
59	37.527393231351645
60	37.381147735447236
61	37.54154526572695
62	37.673685445676256
63	37.48377907787322
64	37.64269755689751
65	37.5496266828998
66	37.53192504247167
67	37.65261136832209
68	37.73309641627815
69	37.639987487924294
70	37.62618512404921
71	37.624041037442936
72	37.551822011064125
73	37.73660317107682
74	37.73113268478407
75	37.56976627302001
76	37.725752670772856
77	37.84002540656579
78	37.55279886955042
79	37.753110459718044
80	37.862576784127796
81	37.67281365533309
82	37.80007962967006
83	37.82825452915929
84	37.55504008295556
85	37.87854565386197
86	37.76077236363032
87	37.70273818266474
88	37.89526101751183
89	37.86443345230473
90	37.78868246501861
91	37.92742679151845
92	37.96177569053364
93	37.76891967643585
94	37.85370304133037
95	37.91566693495129
96	37.75647516198704
97	38.03129972888039
98	38.00449267348631
99	37.93430345382942
100	38.039362927268094
101	38.03481446756837
>>END_MODULE
>>Per sequence GC content	pass
#GC Content	Count
0	85.5
1	40.0
2	49.5
3	60.5
4	70.0
5	82.5
6	102.0
7	124.0
8	146.5
9	179.5
10	220.5
11	264.0
12	313.0
13	365.0
14	454.5
15	584.0
16	721.5
17	908.0
18	1222.0
19	1790.0
20	2686.5
21	4038.5
22	6276.0
23	9800.5
24	15374.5
25	23616.5
26	34274.0
27	47702.0
28	63970.5
29	82464.0
30	102367.5
31	122976.0
32	142600.5
33	159706.5
34	173221.5
35	182992.0
36	187486.5
37	185748.5
38	179430.0
39	169851.0
40	156728.5
41	140553.0
42	123980.0
43	107357.0
44	90632.0
45	75129.5
46	62582.0
47	51774.0
48	41774.0
49	33054.5
50	25909.0
51	20302.5
52	15870.5
53	11814.0
54	8354.0
55	6208.5
56	4607.0
57	3510.0
58	2748.5
59	1957.0
60	1340.0
61	1014.0
62	765.0
63	572.5
64	432.0
65	321.5
66	224.0
67	149.0
68	94.5
69	53.0
70	34.5
71	26.5
72	18.0
73	20.0
74	18.0
75	10.5
76	9.5
77	12.5
78	11.0
79	8.0
80	5.0
81	3.0
82	4.0
83	4.5
84	5.0
85	3.5
86	2.0
87	3.0
88	3.0
89	2.0
90	3.0
91	3.0
92	0.5
93	1.5
94	1.5
95	1.0
96	1.5
97	1.0
98	0.5
99	0.5
100	0.5
>>END_MODULE
>>Per base N content	pass
#Base	N-Count
1	0.3734718230883667
2	0.35616290695818426
3	0.36099972982889394
4	0.3196448942843264
5	0.252931287403324
6	0.1303523763656251
7	0.07759645834009912
8	0.03620707406074082
9	0.01817263449995198
10	0.015823320534178717
11	0.013439457833614674
12	0.014234078733802688
13	0.008188050145415625
14	0.0055623463013161
15	0.006495162140667247
16	0.003558519683450672
17	0.0058732849144331484
18	0.006840649488575079
19	0.00739342924522761
20	0.02024555858739897
21	0.05883649534870383
22	0.10468266641607317
23	0.13259804412702603
24	0.19685869083788282
25	0.25037468102880606
26	0.30433980477200945
27	0.3429307415333143
28	0.3593413905589363
29	0.3414451459373106
30	0.3156372410485956
31	0.2655415756019599
32	0.24007915806115265
33	0.1635537104995678
34	0.10323161955486028
35	0.050337506590171166
36	0.0323376157641731
37	0.019692778830746438
38	0.013508555303196241
39	0.01167747235928473
40	0.00801530647146171
41	0.004698627931546519
42	0.0058732849144331484
43	0.006806100753784296
44	0.012022959707192563
45	0.01337036036403311
46	0.027915377710952843
47	0.06629902206351301
48	0.10509725123356257
49	0.1437918341992398
50	0.19005259008409853
51	0.21641327472946614
52	0.2584936337046401
53	0.31605182586608493
54	0.34427814219015485
55	0.35391723919678336
56	0.34123785352856595
57	0.3293876374953273
58	0.28582168292414967
59	0.26948013136810917
60	0.2473343923672171
61	0.22967998888912688
62	0.18666681407460176
63	0.1349128093580085
64	0.07448707220892864
65	0.05572710921753335
66	0.046882633111092836
67	0.04308227228410668
68	0.040940250727078124
69	0.04342775963201452
70	0.03779631586111685
71	0.07856382291424106
72	0.1145636045662372
73	0.1608243604510959
74	0.23800623397370568
75	0.3272456159382987
76	0.3971377064200532
77	0.46008550120886016
78	0.4903156441507956
79	0.46492232407956985
80	0.37063882683552246
81	0.3178829088099965
82	0.2972227654051081
83	0.23631334596895728
84	0.1797916158512359
85	0.15844049775053187
86	0.13854042651104073
87	0.12447909145119197
88	0.09335068140469628
89	0.0652971087545803
90	0.06647176573746692
91	0.042080358975173975
92	0.03869458296567721
93	0.03247581070333624
94	0.02857180367197773
95	0.026567977054112298
96	0.024598699171037658
97	0.04401508812345783
98	0.029781009389655142
99	0.03479057593431871
100	0.0706521626471517
101	0.13809129295876058
>>END_MODULE
>>Sequence Length Distribution	pass
#Length	Count
101	2894462.0
>>END_MODULE
>>Sequence Duplication Levels	warn
#Total Duplicate Percentage	27.208530231430984
#Duplication Level	Relative count
1	100.0
2	21.080386451557057
3	5.927277327598261
4	2.0640934301903626
5	0.9128619654164475
6	0.554641879789862
7	0.35222755631312963
8	0.2550154141170674
9	0.21173603574210817
10++	1.8090780160732953
>>END_MODULE
>>Overrepresented sequences	pass
>>END_MODULE
>>Kmer Content	warn
#Sequence	Count	Obs/Exp Overall	Obs/Exp Max	Max Obs/Exp Position
ACACC	211945	1.1957842	5.012771	6
ATACC	335215	1.1294625	5.8352127	6
GTCTT	335945	1.1229612	5.286811	1
GTATT	512130	1.0263608	7.0618234	1
AATAC	496785	1.0035527	5.5968	5
ATATA	808050	0.9748294	5.4901767	1
TATTA	742835	0.89264387	6.0385528	2
ATACT	426980	0.8591612	5.675325	6
TATAC	426360	0.8579137	6.7599726	5
GTATA	399825	0.8044412	8.288094	1
TATAA	633110	0.7637822	5.068613	2
>>END_MODULE
