##FastQC	0.8.0
>>Basic Statistics	pass
#Measure	Value	
Filename	1_140716_AH9BY4ADXX_P1260_1007_1.fastq.gz	
File type	Conventional base calls	
Total Sequences	2305984	
Sequence length	101	
%GC	37	
>>END_MODULE
>>Per base sequence quality	pass
#Base	Mean	Median	Lower Quartile	Upper Quartile	10th Percentile	90th Percentile
1	32.726962546140825	33.0	33.0	33.0	33.0	33.0
2	32.73948171366323	33.0	33.0	33.0	33.0	33.0
3	32.75211016208265	33.0	33.0	33.0	33.0	33.0
4	36.69050392370459	37.0	37.0	37.0	37.0	37.0
5	36.625224632954954	37.0	37.0	37.0	37.0	37.0
6	36.60690056826066	37.0	37.0	37.0	37.0	37.0
7	36.55231215828037	37.0	37.0	37.0	37.0	37.0
8	36.54488582748189	37.0	37.0	37.0	37.0	37.0
9	36.52245158682801	37.0	37.0	37.0	37.0	37.0
10	36.51208811509534	37.0	37.0	37.0	37.0	37.0
11	36.53240482154256	37.0	37.0	37.0	37.0	37.0
12	36.51215663248314	37.0	37.0	37.0	37.0	37.0
13	36.513110238405815	37.0	37.0	37.0	37.0	37.0
14	38.61166642960229	40.0	37.0	40.0	37.0	40.0
15	38.63888387777192	40.0	37.0	40.0	37.0	40.0
16	38.64956651910855	40.0	37.0	40.0	37.0	40.0
17	38.64256300130443	40.0	37.0	40.0	37.0	40.0
18	38.64757474466432	40.0	37.0	40.0	37.0	40.0
19	38.689264973217504	40.0	37.0	40.0	37.0	40.0
20	38.68151470261719	40.0	37.0	40.0	37.0	40.0
21	38.663638169215396	40.0	37.0	40.0	37.0	40.0
22	38.67096562682135	40.0	37.0	40.0	37.0	40.0
23	38.66771798937027	40.0	37.0	40.0	37.0	40.0
24	38.65552146068663	40.0	37.0	40.0	37.0	40.0
25	38.64114711984125	40.0	37.0	40.0	37.0	40.0
26	38.59093124670423	40.0	37.0	40.0	37.0	40.0
27	38.57732707599012	40.0	37.0	40.0	37.0	40.0
28	38.58436832172296	40.0	37.0	40.0	37.0	40.0
29	38.57738735394521	40.0	37.0	40.0	37.0	40.0
30	38.559436231994674	40.0	37.0	40.0	37.0	40.0
31	38.548870677333404	40.0	37.0	40.0	37.0	40.0
32	38.53179900641115	40.0	37.0	40.0	37.0	40.0
33	38.50583742124837	40.0	37.0	40.0	37.0	40.0
34	38.501156989814326	40.0	37.0	40.0	37.0	40.0
35	38.48653069578974	40.0	37.0	40.0	37.0	40.0
36	38.48160741791791	40.0	37.0	40.0	37.0	40.0
37	38.457249052898895	40.0	37.0	40.0	37.0	40.0
38	38.4444202561683	40.0	37.0	40.0	37.0	40.0
39	38.42913047098332	40.0	37.0	40.0	37.0	40.0
40	38.42225878410258	40.0	37.0	40.0	37.0	40.0
41	38.40676561502595	40.0	37.0	40.0	37.0	40.0
42	38.37510667897089	40.0	37.0	40.0	37.0	40.0
43	38.380917213649354	40.0	37.0	40.0	37.0	40.0
44	38.35702892994921	40.0	37.0	40.0	37.0	40.0
45	38.32623426702007	40.0	37.0	40.0	37.0	40.0
46	38.32991295689823	40.0	37.0	40.0	37.0	40.0
47	38.30115083192251	40.0	37.0	40.0	37.0	40.0
48	38.2779663692376	40.0	37.0	40.0	37.0	40.0
49	38.265554747994784	40.0	37.0	40.0	37.0	40.0
50	38.22989318225972	40.0	37.0	40.0	37.0	40.0
51	38.18003420665538	40.0	37.0	40.0	37.0	40.0
52	38.15169229274791	40.0	37.0	40.0	37.0	40.0
53	38.122559393300214	40.0	37.0	40.0	37.0	40.0
54	38.075689597152454	40.0	37.0	40.0	33.0	40.0
55	38.00595233965197	40.0	37.0	40.0	33.0	40.0
56	37.96425083608559	40.0	37.0	40.0	33.0	40.0
57	37.91830082082096	40.0	37.0	40.0	33.0	40.0
58	37.8629912436513	40.0	37.0	40.0	33.0	40.0
59	37.79786112999917	40.0	37.0	40.0	33.0	40.0
60	37.743168209319755	40.0	37.0	40.0	33.0	40.0
61	37.64157990688574	40.0	37.0	40.0	33.0	40.0
62	37.56538727068358	40.0	37.0	40.0	33.0	40.0
63	37.481828581638034	40.0	37.0	40.0	33.0	40.0
64	37.39366144778108	37.0	37.0	40.0	33.0	40.0
65	37.28437274499736	37.0	37.0	40.0	33.0	40.0
66	37.23593875759762	37.0	37.0	40.0	33.0	40.0
67	37.15136011351336	37.0	37.0	40.0	33.0	40.0
68	37.05183600580056	37.0	37.0	40.0	33.0	40.0
69	36.935295301268354	37.0	37.0	40.0	33.0	40.0
70	36.81393929879826	37.0	37.0	40.0	33.0	40.0
71	36.67622672143432	37.0	37.0	40.0	33.0	40.0
72	36.54586978920929	37.0	37.0	40.0	33.0	40.0
73	36.43194228580944	37.0	37.0	37.0	33.0	40.0
74	36.401956388249005	37.0	37.0	37.0	33.0	40.0
75	36.31927671657739	37.0	37.0	37.0	33.0	40.0
76	36.17572454969332	37.0	37.0	37.0	33.0	40.0
77	36.06638077280675	37.0	37.0	37.0	33.0	40.0
78	35.955687897227385	37.0	37.0	37.0	33.0	40.0
79	35.87052078418584	37.0	37.0	37.0	33.0	37.0
80	35.77948892967167	37.0	37.0	37.0	33.0	37.0
81	35.68834952887791	37.0	37.0	37.0	33.0	37.0
82	35.58836574755072	37.0	37.0	37.0	33.0	37.0
83	35.51987741458744	37.0	37.0	37.0	33.0	37.0
84	35.43934433196414	37.0	37.0	37.0	33.0	37.0
85	35.374240671227554	37.0	33.0	37.0	33.0	37.0
86	35.31377017360051	37.0	33.0	37.0	33.0	37.0
87	35.256089374427575	37.0	33.0	37.0	33.0	37.0
88	35.21519750353862	37.0	33.0	37.0	33.0	37.0
89	35.1655115560212	37.0	33.0	37.0	33.0	37.0
90	35.12854685895479	37.0	33.0	37.0	33.0	37.0
91	35.0817069849574	37.0	33.0	37.0	33.0	37.0
92	35.04068458410813	37.0	33.0	37.0	33.0	37.0
93	34.989869834309346	37.0	33.0	37.0	33.0	37.0
94	34.967831086425576	37.0	33.0	37.0	33.0	37.0
95	34.93225972079598	37.0	33.0	37.0	33.0	37.0
96	34.91120927118315	37.0	33.0	37.0	33.0	37.0
97	34.884721663289945	37.0	33.0	37.0	33.0	37.0
98	34.8400188379451	37.0	33.0	37.0	33.0	37.0
99	34.79763606338986	37.0	33.0	37.0	33.0	37.0
100	34.75134866503844	37.0	33.0	37.0	33.0	37.0
101	34.3209536579612	37.0	33.0	37.0	33.0	37.0
>>END_MODULE
>>Per sequence quality scores	pass
#Quality	Count
3	1.0
4	1.0
5	0.0
6	4.0
7	13.0
8	30.0
9	82.0
10	183.0
11	233.0
12	333.0
13	379.0
14	415.0
15	498.0
16	538.0
17	643.0
18	745.0
19	852.0
20	1074.0
21	1315.0
22	1618.0
23	2245.0
24	3078.0
25	4068.0
26	5983.0
27	8328.0
28	11639.0
29	16251.0
30	22512.0
31	30278.0
32	41897.0
33	59092.0
34	84264.0
35	122709.0
36	203606.0
37	570133.0
38	1102576.0
39	8368.0
>>END_MODULE
>>Per base sequence content	fail
#Base	G	A	T	C
1	765050	651845	363077	525379
2	268174	546306	1040945	450559
3	288816	767436	767277	482455
4	226803	486338	1063391	529452
5	227035	932935	922551	223179
6	517158	1066396	487367	235063
7	474737	798178	719625	313444
8	426887	959975	570142	348980
9	494892	424425	634947	751720
10	298169	698310	858633	450872
11	631865	665361	664949	343809
12	404184	667959	822368	411473
13	517676	597706	724017	466585
14	406352	561909	737402	600321
15	456702	782969	612680	453633
16	429105	779826	675958	421095
17	408922	747799	733422	415836
18	414927	753467	725430	411913
19	430096	735023	728596	412269
20	431551	729434	719034	425965
21	425174	724930	726657	429223
22	433588	714133	725167	433096
23	430127	723474	719219	433164
24	428730	728550	719765	428939
25	436301	713890	721585	434208
26	431145	721824	718968	434043
27	432113	729170	713860	430831
28	436242	723041	715971	430707
29	431653	721764	715553	436980
30	434078	726111	718710	427055
31	433629	722608	715208	434469
32	431576	721590	717477	435236
33	434761	728003	709440	433675
34	436149	714035	720267	435393
35	432038	718953	717723	437076
36	433891	722269	712388	437199
37	436179	716416	722498	430609
38	436144	717899	715820	435826
39	438211	719898	712375	435243
40	438202	716004	720727	430774
41	435167	719074	713844	437580
42	434152	723120	717145	431263
43	440161	713971	717031	434493
44	436545	716691	715508	436902
45	435445	721320	714096	434787
46	437175	708318	722269	437879
47	430291	718893	716233	440271
48	440788	718024	713231	433647
49	438838	714675	716146	436017
50	435007	716450	712803	441435
51	433539	720397	717817	433983
52	440221	712476	717037	435995
53	431266	718284	713813	442355
54	435461	719029	715900	435359
55	437335	715229	717618	435563
56	438012	712015	717039	438714
57	435434	718366	710768	441195
58	439699	710334	714406	441369
59	429909	713424	718063	444403
60	431700	723622	713429	437030
61	437133	709314	718508	440780
62	436707	714491	712612	441985
63	432551	720840	710456	441951
64	437124	716711	717216	434803
65	436950	716859	708535	443493
66	434545	717834	714394	439107
67	437448	714657	714826	438908
68	434665	712005	711166	447998
69	437464	719912	709426	439070
70	439025	714880	711974	439984
71	432596	714286	716622	442335
72	433478	722079	709584	440673
73	444850	706871	715193	438925
74	433109	714917	712435	445393
75	436779	717915	713141	437982
76	443063	715353	710453	436977
77	437624	712353	705673	450190
78	433396	715481	714333	442638
79	438449	711467	713972	441952
80	438288	715019	707685	444847
81	435036	717593	708130	445073
82	441238	713702	709935	440966
83	438821	710892	710018	446090
84	434538	722160	707084	442047
85	439517	707781	715787	442719
86	431232	715362	710924	448342
87	441214	712651	712075	439874
88	442695	705546	712874	444677
89	436284	715976	709079	444460
90	436169	713878	709706	446061
91	439658	707807	714295	444056
92	436392	711533	709120	448762
93	438313	712153	712116	443273
94	437288	707494	715662	445418
95	431342	711553	711831	451159
96	440105	718242	708452	439080
97	443638	708289	707241	446724
98	440352	709781	708019	447758
99	440538	715988	706913	442465
100	442575	707142	712483	443688
101	439294	707826	710836	448013
>>END_MODULE
>>Per base GC content	fail
#Base	%GC
1	55.97538075546847
2	31.168169423551937
3	33.446502664372346
4	32.795327287613446
5	19.526130893004293
6	32.62039112153424
7	34.179812175626545
8	33.645810205101164
9	54.05987205461963
10	32.482489037217945
11	42.31052774000166
12	35.371320876467486
13	42.682906733090945
14	43.65481286947351
15	39.47707356165524
16	36.86929310871194
17	35.76606725386484
18	35.86011761098512
19	36.529524922982986
20	37.186554633510035
21	37.05129784074824
22	37.584128944519996
23	37.43699002248064
24	37.19318954511393
25	37.75000173461741
26	37.51931933494653
27	37.42210449900996
28	37.59599576922593
29	37.66920358203777
30	37.34389324331708
31	37.64659046261048
32	37.59139139564565
33	37.66182006948326
34	37.797092951648075
35	37.692677997562654
36	37.77907983833439
37	37.593236246488054
38	37.818196643172605
39	37.88193485178428
40	37.688049695819984
41	37.85228990334676
42	37.5340463550883
43	37.935147307317315
44	37.88296208524639
45	37.74348903215061
46	37.95274285979474
47	37.75714667379108
48	37.92508966946988
49	37.94353586540347
50	38.01205276500144
51	37.62451555598733
52	38.00169057161531
53	37.88932558101207
54	37.767337207996185
55	37.85752544188538
56	38.022968366453
57	38.01904185295714
58	38.21081373644293
59	37.91796249369524
60	37.67617132763259
61	38.07519077430841
62	38.107984447880234
63	37.926219035665746
64	37.813625667540094
65	38.18322804257196
66	37.88800804898781
67	38.005949244504926
68	38.27955524985753
69	38.01312475280501
70	38.120608206125
71	37.94414961322104
72	37.910733476334165
73	38.327697640641865
74	38.09876947976758
75	37.93713898370946
76	38.16560169239403
77	38.50284495021337
78	37.9918364089914
79	38.181356902473716
80	38.299942016767
81	38.16882582946199
82	38.25953307274873
83	38.37726345627002
84	38.016045422275454
85	38.26153480521327
86	38.145160590842465
87	38.21158168004878
88	38.48447735094926
89	38.196911352637414
90	38.261108658374006
91	38.32543446658363
92	38.388035078391205
93	38.23249944163879
94	38.28095523496202
95	38.27168310648623
96	38.127976359557465
97	38.61247621310972
98	38.514512708648645
99	38.29313796237831
100	38.43478087400602
101	38.47870461398223
>>END_MODULE
>>Per sequence GC content	pass
#GC Content	Count
0	0.0
1	0.0
2	0.0
3	0.0
4	1.0
5	4.0
6	9.5
7	16.5
8	22.0
9	33.0
10	62.5
11	89.5
12	136.5
13	250.5
14	413.0
15	583.0
16	760.0
17	974.0
18	1283.0
19	1900.0
20	2799.0
21	4245.5
22	6214.0
23	8682.5
24	12953.0
25	19195.5
26	27060.5
27	36344.0
28	48101.5
29	61559.5
30	76006.5
31	90618.5
32	103659.5
33	115947.0
34	127337.0
35	135465.5
36	140176.5
37	141406.0
38	137856.5
39	132429.0
40	125167.5
41	114952.5
42	105382.5
43	93648.0
44	80621.5
45	68019.0
46	56690.0
47	47937.0
48	39665.0
49	32852.5
50	26471.5
51	20605.0
52	15454.0
53	11601.0
54	9243.0
55	7697.5
56	5314.5
57	3067.0
58	2106.5
59	1336.0
60	860.0
61	688.0
62	554.5
63	433.0
64	324.0
65	199.5
66	114.0
67	69.0
68	50.5
69	36.5
70	23.5
71	16.0
72	24.5
73	30.5
74	22.0
75	17.5
76	18.5
77	19.5
78	16.0
79	9.0
80	6.5
81	7.0
82	5.0
83	3.5
84	2.5
85	2.0
86	1.5
87	0.5
88	0.0
89	1.0
90	1.0
91	0.0
92	0.0
93	0.0
94	0.5
95	0.5
96	0.0
97	0.0
98	0.0
99	0.0
100	0.0
>>END_MODULE
>>Per base N content	pass
#Base	N-Count
1	0.02745032055729788
2	0.0
3	0.0
4	0.0
5	0.0123157836307624
6	0.0
7	0.0
8	0.0
9	0.0
10	0.0
11	0.0
12	0.0
13	0.0
14	0.0
15	0.0
16	0.0
17	2.1682717659792953E-4
18	0.01071126252393772
19	0.0
20	0.0
21	0.0
22	0.0
23	0.0
24	0.0
25	0.0
26	1.7346174127834366E-4
27	4.3365435319585907E-4
28	9.97405012350476E-4
29	0.0014744248008659211
30	0.0013009630595875773
31	0.003035580472371014
32	0.004553370708556521
33	0.004553370708556521
34	0.006071160944742028
35	0.008412894451999667
36	0.010277608170741862
37	0.012229052760123229
38	0.012792803419277844
39	0.01114491687713358
40	0.012012225583525297
41	0.013833573866947906
42	0.013183092337154116
43	0.014223862784824178
44	0.01465751713802004
45	0.014570786267380866
46	0.014874344314617967
47	0.01283616885459743
48	0.012749437983958258
49	0.013356554078432462
50	0.012532610807360327
51	0.010754627959257305
52	0.011058186006494407
53	0.011535205795009853
54	0.010190877300102688
55	0.010364339041381032
56	0.008846548805195526
57	0.009583761205628486
58	0.00763231661624712
59	0.008022605534123393
60	0.00880318336987594
61	0.010797993394576893
62	0.008196067275401737
63	0.00806597096944298
64	0.005637506591546169
65	0.006374718991979129
66	0.004510005273236935
67	0.006287988121339958
68	0.006504815297937887
69	0.004856928755793622
70	0.005247217673669895
71	0.006287988121339958
72	0.007372124004329605
73	0.006287988121339958
74	0.005637506591546169
75	0.007242027698370847
76	0.0059844300741028564
77	0.006244622686020371
78	0.0058976992034636844
79	0.006244622686020371
80	0.006287988121339958
81	0.006591546168577058
82	0.006201257250700786
83	0.007068565957092504
84	0.006721642474535816
85	0.007805778357525463
86	0.005377313979628652
87	0.007372124004329605
88	0.008326163581360495
89	0.008022605534123393
90	0.007372124004329605
91	0.007285393133690433
92	0.007675682051566707
93	0.005594141156226582
94	0.005290583108989481
95	0.004293178096639006
96	0.004553370708556521
97	0.003989620049401904
98	0.0032090422136493574
99	0.0034692348255668725
100	0.004163081790680248
101	6.504815297937887E-4
>>END_MODULE
>>Sequence Length Distribution	pass
#Length	Count
101	2305984.0
>>END_MODULE
>>Sequence Duplication Levels	warn
#Total Duplicate Percentage	42.192889096939155
#Duplication Level	Relative count
1	100.0
2	27.996394166494778
3	9.798394181773734
4	3.9534297435427312
5	1.9977234356259406
6	1.1810632625153745
7	0.7945056875911962
8	0.6210895423188871
9	0.48052315143736773
10++	5.966432134699272
>>END_MODULE
>>Overrepresented sequences	pass
>>END_MODULE
>>Kmer Content	warn
#Sequence	Count	Obs/Exp Overall	Obs/Exp Max	Max Obs/Exp Position
ACCAT	317620	1.3229958	5.030408	8
ACACC	173460	1.1823007	5.172523	6
ATACC	276030	1.1497593	6.144056	6
ATATA	693790	1.0801234	6.035088	1
TATAT	681015	1.0593787	5.173023	2
GTATT	410370	1.0538775	6.672591	1
AATAC	395180	1.0067421	5.702046	5
ATACA	390375	0.9945013	5.272834	6
TACTG	233710	0.9821319	5.4866014	7
TAATA	613060	0.9544393	5.3012524	4
TATTA	604055	0.9396608	6.064564	2
ATACT	348160	0.88624036	6.3254695	6
TATAC	346185	0.8812129	7.3652554	5
GTATA	323950	0.832613	8.049849	1
TATAA	510900	0.795392	5.4245543	2
>>END_MODULE
