##FastQC	0.8.0
>>Basic Statistics	pass
#Measure	Value	
Filename	1_140716_AH9BY4ADXX_P1260_1017_2.fastq.gz	
File type	Conventional base calls	
Total Sequences	1889165	
Sequence length	101	
%GC	39	
>>END_MODULE
>>Per base sequence quality	pass
#Base	Mean	Median	Lower Quartile	Upper Quartile	10th Percentile	90th Percentile
1	31.85063930360768	33.0	33.0	33.0	27.0	33.0
2	31.829460634724864	33.0	33.0	33.0	27.0	33.0
3	31.890087948908644	33.0	33.0	33.0	33.0	33.0
4	35.691058748177106	37.0	37.0	37.0	33.0	37.0
5	35.71102312397276	37.0	37.0	37.0	33.0	37.0
6	35.75760402082401	37.0	37.0	37.0	33.0	37.0
7	35.67011616243155	37.0	37.0	37.0	33.0	37.0
8	35.650046449092585	37.0	37.0	37.0	33.0	37.0
9	35.63659394494393	37.0	37.0	37.0	33.0	37.0
10	35.633819174079555	37.0	37.0	37.0	33.0	37.0
11	35.65956652806928	37.0	37.0	37.0	33.0	37.0
12	35.61330164384794	37.0	37.0	37.0	33.0	37.0
13	35.60311725021372	37.0	37.0	37.0	33.0	37.0
14	37.478337254818925	40.0	37.0	40.0	33.0	40.0
15	37.530266016996926	40.0	37.0	40.0	33.0	40.0
16	37.510915139757515	40.0	37.0	40.0	33.0	40.0
17	37.46988272596624	40.0	37.0	40.0	33.0	40.0
18	37.37147999248345	40.0	37.0	40.0	33.0	40.0
19	37.48191926062572	40.0	37.0	40.0	33.0	40.0
20	37.45937967303015	40.0	37.0	40.0	33.0	40.0
21	37.43960056427046	40.0	37.0	40.0	33.0	40.0
22	37.404911693790645	40.0	37.0	40.0	33.0	40.0
23	37.37687867391149	40.0	37.0	40.0	33.0	40.0
24	37.34602165506983	40.0	37.0	40.0	33.0	40.0
25	37.3162931771444	40.0	37.0	40.0	33.0	40.0
26	37.29412677029269	40.0	37.0	40.0	33.0	40.0
27	37.28563889337353	40.0	37.0	40.0	33.0	40.0
28	37.239145336696374	40.0	37.0	40.0	33.0	40.0
29	37.19652968374917	40.0	37.0	40.0	33.0	40.0
30	37.13758088891124	40.0	37.0	40.0	33.0	40.0
31	37.14499633435936	40.0	37.0	40.0	33.0	40.0
32	37.124411578660414	40.0	37.0	40.0	33.0	40.0
33	37.07667779151107	40.0	37.0	40.0	33.0	40.0
34	37.038166597412086	40.0	37.0	40.0	33.0	40.0
35	36.986686181461124	40.0	37.0	40.0	33.0	40.0
36	36.959647251563524	40.0	37.0	40.0	33.0	40.0
37	36.94673731516305	40.0	37.0	40.0	33.0	40.0
38	36.91800080988161	40.0	37.0	40.0	33.0	40.0
39	36.852704766391504	40.0	37.0	40.0	33.0	40.0
40	36.82649900882136	40.0	37.0	40.0	33.0	40.0
41	36.75941434443259	40.0	37.0	40.0	33.0	40.0
42	36.745001627703246	40.0	37.0	40.0	33.0	40.0
43	36.664491984554026	40.0	37.0	40.0	33.0	40.0
44	36.571372008268206	40.0	37.0	40.0	33.0	40.0
45	36.51343583011542	40.0	37.0	40.0	33.0	40.0
46	36.44667247170046	40.0	37.0	40.0	33.0	40.0
47	36.40124817048802	40.0	37.0	40.0	33.0	40.0
48	36.28989844719757	40.0	37.0	40.0	33.0	40.0
49	36.24875751985665	40.0	37.0	40.0	33.0	40.0
50	36.20160970587535	40.0	37.0	40.0	33.0	40.0
51	36.14084899942567	40.0	37.0	40.0	33.0	40.0
52	36.072373244264	37.0	37.0	40.0	33.0	40.0
53	36.00663255988757	37.0	37.0	40.0	33.0	40.0
54	35.91519798429465	37.0	37.0	40.0	33.0	40.0
55	35.84569849642567	37.0	37.0	40.0	27.0	40.0
56	35.76301911161809	37.0	37.0	40.0	27.0	40.0
57	35.64742783187281	37.0	37.0	40.0	27.0	40.0
58	35.57308334634614	37.0	37.0	40.0	27.0	40.0
59	35.49654953378874	37.0	37.0	40.0	27.0	40.0
60	35.3860536268669	37.0	37.0	40.0	27.0	40.0
61	35.27183544052531	37.0	37.0	40.0	27.0	40.0
62	35.150221923442366	37.0	37.0	40.0	27.0	40.0
63	35.04291790288302	37.0	37.0	40.0	27.0	40.0
64	34.91966450786459	37.0	33.0	40.0	27.0	40.0
65	34.7642037619795	37.0	33.0	40.0	27.0	40.0
66	34.64004202915044	37.0	33.0	40.0	27.0	40.0
67	34.489361172793274	37.0	33.0	40.0	27.0	40.0
68	34.341647765017875	37.0	33.0	37.0	27.0	40.0
69	34.21693340708726	37.0	33.0	37.0	27.0	40.0
70	34.06587884065182	37.0	33.0	37.0	27.0	40.0
71	33.90816418894062	37.0	33.0	37.0	27.0	40.0
72	33.7131658695773	37.0	33.0	37.0	27.0	40.0
73	33.583089354291445	37.0	33.0	37.0	27.0	40.0
74	33.451558228106066	37.0	33.0	37.0	27.0	40.0
75	33.30295977323315	37.0	33.0	37.0	27.0	37.0
76	33.17793628401966	37.0	33.0	37.0	27.0	37.0
77	33.04484362138829	37.0	33.0	37.0	27.0	37.0
78	32.9038760510596	37.0	33.0	37.0	27.0	37.0
79	32.783568401913016	37.0	33.0	37.0	27.0	37.0
80	32.67126693539209	37.0	33.0	37.0	27.0	37.0
81	32.5435893635548	37.0	33.0	37.0	27.0	37.0
82	32.4284030246167	37.0	33.0	37.0	27.0	37.0
83	32.56708175304963	37.0	33.0	37.0	27.0	37.0
84	32.5779616920703	37.0	33.0	37.0	27.0	37.0
85	32.523184052213544	37.0	33.0	37.0	27.0	37.0
86	32.46881982251418	37.0	33.0	37.0	27.0	37.0
87	32.40487993372734	37.0	33.0	37.0	27.0	37.0
88	32.34853334674314	37.0	33.0	37.0	27.0	37.0
89	32.45363798291838	37.0	33.0	37.0	27.0	37.0
90	32.45292338149394	37.0	33.0	37.0	27.0	37.0
91	32.41852776226534	37.0	33.0	37.0	27.0	37.0
92	32.376754280330196	37.0	33.0	37.0	27.0	37.0
93	32.28881489970437	37.0	33.0	37.0	27.0	37.0
94	32.2647455357261	37.0	33.0	37.0	27.0	37.0
95	32.22638096725273	37.0	33.0	37.0	22.0	37.0
96	32.144547988132324	37.0	33.0	37.0	22.0	37.0
97	32.07639671495078	37.0	33.0	37.0	22.0	37.0
98	31.99238711282498	37.0	33.0	37.0	22.0	37.0
99	31.94458715887707	37.0	33.0	37.0	22.0	37.0
100	31.853653862950033	37.0	33.0	37.0	22.0	37.0
101	31.398205556423076	33.0	33.0	37.0	15.0	37.0
>>END_MODULE
>>Per sequence quality scores	pass
#Quality	Count
2	19817.0
3	4061.0
4	2701.0
5	2307.0
6	2116.0
7	2363.0
8	2694.0
9	2910.0
10	3146.0
11	3092.0
12	3421.0
13	3807.0
14	3922.0
15	4105.0
16	4372.0
17	4444.0
18	4503.0
19	4412.0
20	4681.0
21	4871.0
22	5411.0
23	6539.0
24	7923.0
25	9394.0
26	11912.0
27	14642.0
28	18253.0
29	22587.0
30	29024.0
31	37391.0
32	49950.0
33	68618.0
34	96289.0
35	143715.0
36	248768.0
37	572290.0
38	458132.0
39	582.0
>>END_MODULE
>>Per base sequence content	fail
#Base	G	A	T	C
1	692648	477594	287733	431186
2	248272	422597	843919	374375
3	283918	580088	622537	402619
4	216569	375878	835934	460778
5	208506	742544	736377	201732
6	464645	817739	392253	214526
7	407354	646320	548635	286855
8	374551	753633	458914	302061
9	430659	349691	488049	620734
10	264447	556214	684564	383937
11	540411	517766	534204	296781
12	348446	516244	664469	360003
13	446201	470819	575354	396789
14	350835	453122	579808	505394
15	388333	619950	490807	390049
16	371018	621806	538483	357849
17	349692	604357	582640	352450
18	357676	600451	584472	346556
19	367118	593619	580035	348387
20	365881	583572	580341	359345
21	368615	578582	579137	362811
22	371744	572143	578569	366678
23	365604	577052	577952	368482
24	369349	581270	572414	366054
25	368763	574792	578692	366841
26	365409	578544	576332	368803
27	369226	581849	574789	363261
28	370173	577039	576625	365255
29	368105	580322	573710	366921
30	372591	580750	571556	364172
31	373570	574872	571623	368978
32	366538	574628	573477	374382
33	371668	575655	571557	370133
34	374482	571721	574708	368065
35	371413	574809	572195	370508
36	373960	575277	575128	364498
37	372155	575900	573829	367002
38	370975	576034	572787	369091
39	370705	577915	574355	365873
40	372547	574063	576166	365895
41	371333	574790	577171	365384
42	369911	577039	574750	366963
43	374432	570010	572245	371854
44	372275	569696	572294	374098
45	371826	576649	570688	369243
46	373555	572921	572791	369077
47	368112	574052	575078	370961
48	369452	577657	571532	369472
49	371109	572035	578346	366526
50	366959	573509	576154	371385
51	371644	575065	573961	367373
52	372097	572018	573961	369969
53	369429	575230	571638	371859
54	375179	574615	569228	369249
55	371826	573047	575098	368203
56	371484	570513	572284	373971
57	371429	574751	572878	369071
58	372639	570072	571888	373589
59	371083	568790	575057	373256
60	370161	574656	574165	369161
61	373349	569845	572900	372002
62	372862	570769	573121	371224
63	370639	575007	572395	369836
64	374628	567726	573624	372035
65	369730	570516	574078	373708
66	371506	574319	570610	371760
67	375124	570238	570775	371991
68	369763	571124	570935	376242
69	377272	573042	565559	372146
70	375066	568733	573120	371003
71	371863	572473	572569	371016
72	373566	572151	570702	371420
73	376357	568694	570043	372775
74	372939	569733	569731	375614
75	373249	573683	570550	370440
76	376001	570180	569721	371930
77	371606	571750	571487	372793
78	374611	571766	569583	371820
79	373117	570528	571655	372328
80	373284	567181	571959	375317
81	375806	573850	567179	370877
82	375856	568078	571381	372397
83	371884	569436	570506	375898
84	371452	574516	570106	371726
85	374686	566674	572416	374051
86	374684	570477	570653	371965
87	373988	571445	571017	371324
88	378116	565606	571533	372604
89	370588	569068	571394	376532
90	372552	569905	571958	373429
91	376553	567042	571848	372338
92	373783	568679	571597	373559
93	374857	573467	566028	373304
94	377109	566674	572924	370982
95	375012	565839	569595	377240
96	377783	570291	567643	372032
97	375200	566081	568741	377364
98	376894	565786	568187	376664
99	377922	567653	568433	373716
100	379136	565199	570510	372848
101	377400	568160	566420	375671
>>END_MODULE
>>Per base GC content	fail
#Base	%GC
1	59.48852427082711
2	32.95888179050723
3	36.34082201526391
4	35.85441987678115
5	21.71537705402245
6	35.95089465546382
7	36.74688910015224
8	35.815513675662025
9	55.65478978981363
10	34.321249315834216
11	44.315521908655796
12	37.5007013691785
13	44.62240685425238
14	45.32328935785712
15	41.2030030611829
16	38.581620575537436
17	37.16730214134587
18	37.277618829582536
19	37.874260451343694
20	38.38923446077816
21	38.71730333034256
22	39.087857187473205
23	38.8592391045424
24	38.92901703309588
25	38.939636480672156
26	38.865950130433305
27	38.77387679481241
28	38.93023738388601
29	38.90965761771211
30	39.00138110360183
31	39.308157622669256
32	39.22235015418007
33	39.26923742716434
34	39.30949890310941
35	39.27741969638816
36	39.09537113067491
37	39.13190102526039
38	39.18000388588624
39	38.99615003430662
40	39.098498362075766
41	39.00701972490811
42	39.01564228239766
43	39.516536839814435
44	39.524868894381
45	39.24309708823209
46	39.32715649267294
47	39.14160712592873
48	39.1355813979354
49	39.069319327802305
50	39.10705839544027
51	39.14195810158985
52	39.303406433639026
53	39.25989166149407
54	39.423790335179646
55	39.192839219266865
56	39.47857595278596
57	39.21871863627962
58	39.520852796437644
59	39.420851547464075
60	39.15603849920266
61	39.476329593410505
62	39.41183574367471
63	39.22262944037138
64	39.54755608144647
65	39.37634531618108
66	39.36383689184645
67	39.569086417869975
68	39.51163731737907
69	39.69335054361211
70	39.5179991546261
71	39.349051152034434
72	39.46236940756071
73	39.68135500927236
74	39.647577325839755
75	39.39193462441774
76	39.61851478309511
77	39.435516169430976
78	39.540147686700784
79	39.4910967627096
80	39.65591678095671
81	39.554921513451205
82	39.63809097997999
83	39.61288832477629
84	39.36741180209768
85	39.66131430475356
86	39.551716593944526
87	39.480997195638885
88	39.765681653131935
89	39.580797019679146
90	39.51497051663167
91	39.670438467173895
92	39.59180300251428
93	39.63439313095183
94	39.62999201669343
95	39.85048360797293
96	39.72005812213382
97	39.8733486419842
98	39.92294696087111
99	39.81715547399938
100	39.836138609403115
101	39.894609755722854
>>END_MODULE
>>Per sequence GC content	pass
#GC Content	Count
0	11.0
1	27.0
2	40.0
3	53.0
4	67.0
5	79.0
6	80.0
7	85.0
8	107.0
9	122.5
10	139.0
11	165.5
12	182.5
13	216.5
14	284.0
15	344.5
16	412.0
17	533.0
18	690.0
19	947.5
20	1397.5
21	2000.0
22	2801.5
23	4023.5
24	6010.5
25	8678.0
26	12382.0
27	17388.5
28	23615.5
29	31178.0
30	41050.5
31	52978.0
32	65518.5
33	77738.5
34	89319.5
35	99900.5
36	108605.5
37	114749.5
38	118397.0
39	118498.5
40	115293.0
41	109815.0
42	101785.0
43	93218.5
44	82743.5
45	70824.0
46	60756.5
47	51776.5
48	43269.0
49	36080.0
50	30717.0
51	24324.0
52	18066.5
53	13569.5
54	9935.5
55	7357.5
56	5276.5
57	3711.5
58	2489.0
59	1986.5
60	1431.0
61	910.5
62	756.0
63	533.5
64	317.0
65	226.0
66	165.5
67	123.5
68	88.5
69	67.0
70	73.0
71	63.0
72	49.5
73	42.0
74	33.0
75	34.5
76	31.5
77	28.0
78	26.0
79	19.0
80	17.0
81	16.5
82	17.0
83	16.5
84	13.0
85	12.5
86	12.5
87	8.5
88	4.5
89	7.5
90	9.0
91	10.0
92	10.5
93	6.0
94	6.0
95	9.0
96	10.5
97	8.0
98	9.0
99	18.5
100	60.5
>>END_MODULE
>>Per base N content	pass
#Base	N-Count
1	2.117337553892857E-4
2	1.0586687769464285E-4
3	1.588003165419643E-4
4	3.176006330839286E-4
5	3.176006330839286E-4
6	1.0586687769464285E-4
7	5.293343884732143E-5
8	3.176006330839286E-4
9	0.0016938700431142857
10	1.588003165419643E-4
11	1.588003165419643E-4
12	1.588003165419643E-4
13	1.0586687769464285E-4
14	3.176006330839286E-4
15	0.0013762694100303574
16	4.764009496258929E-4
17	0.0013762694100303574
18	5.293343884732143E-4
19	3.176006330839286E-4
20	0.0013762694100303574
21	0.0010586687769464287
22	0.0016409366042669648
23	0.003970007913549108
24	0.0041288082300910715
25	0.00407587479124375
26	0.00407587479124375
27	0.0021173375538928573
28	0.003864141035854465
29	0.005663877956663394
30	0.005081610129342858
31	0.006457879539373215
32	0.007410681438625001
33	0.008045882704792858
34	0.01000441994214375
35	0.012704025323357146
36	0.015985898531891075
37	0.014768429438402682
38	0.01471549599955536
39	0.016779900114600895
40	0.02614911879057679
41	0.02577858471864554
42	0.02657258630135536
43	0.03303046584072857
44	0.04245261795555179
45	0.04017648008511697
46	0.0434583532936509
47	0.05092196817112322
48	0.055685977667382154
49	0.06082052123557233
50	0.06129692218519822
51	0.05939131838669465
52	0.059285451509000005
53	0.05340983979694732
54	0.04732249432950536
55	0.05245703789769554
56	0.04832822966760447
57	0.05483904264582501
58	0.05171596975383304
59	0.05182183663152768
60	0.05409797450196251
61	0.05658584612778662
62	0.06293785878946519
63	0.06817826923535
64	0.06097932155211429
65	0.05997358621401519
66	0.051345435681901794
67	0.054891976084672334
68	0.05827971617090091
69	0.06066172091903037
70	0.06579626448722055
71	0.06584919792606787
72	0.07018973991154823
73	0.06860173674612859
74	0.06076758779672501
75	0.06579626448722055
76	0.07056027398347947
77	0.08093522799755448
78	0.0733128128035402
79	0.08135869550833305
80	0.07537721691858573
81	0.07691228664515805
82	0.07691228664515805
83	0.0762770853789902
84	0.07225414402659376
85	0.07082494117771608
86	0.07336574624238751
87	0.07363041343662412
88	0.0691310711346018
89	0.08379363369530983
90	0.06992507271731162
91	0.07325987936469286
92	0.08188802989680626
93	0.07987655922060805
94	0.07812975573864643
95	0.0782885560551884
96	0.07495374940780715
97	0.09416858770938483
98	0.08649323907652322
99	0.0762770853789902
100	0.07791802198325715
101	0.08014122641484465
>>END_MODULE
>>Sequence Length Distribution	pass
#Length	Count
101	1889165.0
>>END_MODULE
>>Sequence Duplication Levels	warn
#Total Duplicate Percentage	29.18196204734568
#Duplication Level	Relative count
1	100.0
2	18.868530387029974
3	5.20452430569208
4	1.8532352979724505
5	0.863707256975845
6	0.5412914979226464
7	0.38139425156293005
8	0.315862593218784
9	0.24705435195743064
10++	2.7877167459599734
>>END_MODULE
>>Overrepresented sequences	pass
>>END_MODULE
>>Kmer Content	warn
#Sequence	Count	Obs/Exp Overall	Obs/Exp Max	Max Obs/Exp Position
GTCTT	213860	1.0848593	5.0110745	1
GTCCA	123465	0.9752671	5.039023	1
GTATT	278245	0.9154048	6.3608756	1
TATAC	246305	0.820393	6.0210285	5
ATACT	231445	0.7708973	5.0713496	6
GTATA	217715	0.7198022	7.1476755	1
>>END_MODULE
