##FastQC	0.8.0
>>Basic Statistics	pass
#Measure	Value	
Filename	8_140619_BC47HDACXX_P1260_1006_1.fastq.gz	
File type	Conventional base calls	
Total Sequences	2847843	
Sequence length	101	
%GC	36	
>>END_MODULE
>>Per base sequence quality	pass
#Base	Mean	Median	Lower Quartile	Upper Quartile	10th Percentile	90th Percentile
1	32.69916670265882	33.0	33.0	33.0	33.0	33.0
2	32.763316657554505	33.0	33.0	33.0	33.0	33.0
3	32.758208581020796	33.0	33.0	33.0	33.0	33.0
4	36.70842247975046	37.0	37.0	37.0	37.0	37.0
5	36.6197005944499	37.0	37.0	37.0	37.0	37.0
6	36.59680853193101	37.0	37.0	37.0	37.0	37.0
7	36.566145675867666	37.0	37.0	37.0	37.0	37.0
8	36.55570619588229	37.0	37.0	37.0	37.0	37.0
9	36.517640895231935	37.0	37.0	37.0	37.0	37.0
10	36.5230555195634	37.0	37.0	37.0	37.0	37.0
11	36.54877568742378	37.0	37.0	37.0	37.0	37.0
12	36.513690888156404	37.0	37.0	37.0	37.0	37.0
13	36.52184267180459	37.0	37.0	37.0	37.0	37.0
14	38.622697950694615	40.0	37.0	40.0	37.0	40.0
15	38.63511577007581	40.0	37.0	40.0	37.0	40.0
16	38.62303891050174	40.0	37.0	40.0	37.0	40.0
17	38.61342286074057	40.0	37.0	40.0	37.0	40.0
18	38.61653398730197	40.0	37.0	40.0	37.0	40.0
19	38.65532299357795	40.0	37.0	40.0	37.0	40.0
20	38.62920006475076	40.0	37.0	40.0	37.0	40.0
21	38.604297708827346	40.0	37.0	40.0	37.0	40.0
22	38.568597004820845	40.0	37.0	40.0	37.0	40.0
23	38.5467250125797	40.0	37.0	40.0	37.0	40.0
24	38.537818973868994	40.0	37.0	40.0	37.0	40.0
25	38.50213793386784	40.0	37.0	40.0	37.0	40.0
26	38.45480807755203	40.0	37.0	40.0	37.0	40.0
27	38.42853837097059	40.0	37.0	40.0	37.0	40.0
28	38.42460908132927	40.0	37.0	40.0	37.0	40.0
29	38.39712161098768	40.0	37.0	40.0	37.0	40.0
30	38.385764945609715	40.0	37.0	40.0	37.0	40.0
31	38.357982866330765	40.0	37.0	40.0	37.0	40.0
32	38.344101483122486	40.0	37.0	40.0	37.0	40.0
33	38.30854720572728	40.0	37.0	40.0	37.0	40.0
34	38.29760453789061	40.0	37.0	40.0	37.0	40.0
35	38.268194208739736	40.0	37.0	40.0	37.0	40.0
36	38.22324685735836	40.0	37.0	40.0	37.0	40.0
37	38.31463321538442	40.0	37.0	40.0	37.0	40.0
38	38.33219949273889	40.0	37.0	40.0	37.0	40.0
39	38.31608132892158	40.0	37.0	40.0	37.0	40.0
40	38.28739400311042	40.0	37.0	40.0	37.0	40.0
41	38.27940690550708	40.0	37.0	40.0	37.0	40.0
42	38.27799039483567	40.0	37.0	40.0	37.0	40.0
43	38.23844502663946	40.0	37.0	40.0	37.0	40.0
44	38.21086204541472	40.0	37.0	40.0	37.0	40.0
45	38.20314673245681	40.0	37.0	40.0	37.0	40.0
46	38.165767916279094	40.0	37.0	40.0	37.0	40.0
47	38.144380150169795	40.0	37.0	40.0	37.0	40.0
48	38.104936964572836	40.0	37.0	40.0	37.0	40.0
49	38.07657304142118	40.0	37.0	40.0	37.0	40.0
50	38.12357317450435	40.0	37.0	40.0	37.0	40.0
51	38.12920620975243	40.0	37.0	40.0	37.0	40.0
52	38.10229566728222	40.0	37.0	40.0	37.0	40.0
53	38.07179258126238	40.0	37.0	40.0	37.0	40.0
54	38.018871826852816	40.0	37.0	40.0	33.0	40.0
55	37.968814994365914	40.0	37.0	40.0	33.0	40.0
56	37.90914140983193	40.0	37.0	40.0	33.0	40.0
57	37.85060728417964	40.0	37.0	40.0	33.0	40.0
58	37.78070385200308	40.0	37.0	40.0	33.0	40.0
59	37.72417966861235	40.0	37.0	40.0	33.0	40.0
60	37.64812561647535	40.0	37.0	40.0	33.0	40.0
61	37.59951233266722	40.0	37.0	40.0	33.0	40.0
62	37.49045891925924	40.0	37.0	40.0	33.0	40.0
63	37.395668581449186	40.0	37.0	40.0	33.0	40.0
64	37.306808345825246	37.0	37.0	40.0	33.0	40.0
65	37.19844317260467	37.0	37.0	40.0	33.0	40.0
66	37.109126451142146	37.0	37.0	40.0	33.0	40.0
67	36.9983812309878	37.0	37.0	40.0	33.0	40.0
68	36.8853911539365	37.0	37.0	40.0	33.0	40.0
69	36.741942586020365	37.0	37.0	40.0	33.0	40.0
70	36.628659655746475	37.0	37.0	40.0	33.0	40.0
71	36.508761543385646	37.0	37.0	40.0	33.0	40.0
72	36.36314326316444	37.0	37.0	40.0	33.0	40.0
73	36.22923419584577	37.0	37.0	37.0	33.0	40.0
74	36.044324072640244	37.0	37.0	37.0	33.0	40.0
75	35.90255888403961	37.0	37.0	37.0	33.0	40.0
76	34.32044989839679	37.0	33.0	37.0	27.0	37.0
77	34.93379831683137	37.0	33.0	37.0	33.0	37.0
78	35.33780654340847	37.0	33.0	37.0	33.0	37.0
79	35.45194591134413	37.0	33.0	37.0	33.0	37.0
80	35.41797072380746	37.0	33.0	37.0	33.0	37.0
81	35.33404299324085	37.0	33.0	37.0	33.0	37.0
82	35.2325791836137	37.0	33.0	37.0	33.0	37.0
83	35.13118209114758	37.0	33.0	37.0	33.0	37.0
84	35.05296605185047	37.0	33.0	37.0	33.0	37.0
85	34.96201019508449	37.0	33.0	37.0	33.0	37.0
86	34.87542466350849	37.0	33.0	37.0	33.0	37.0
87	34.77900748039832	37.0	33.0	37.0	33.0	37.0
88	34.676577325365194	37.0	33.0	37.0	33.0	37.0
89	34.611515101078254	37.0	33.0	37.0	33.0	37.0
90	34.54617512271568	37.0	33.0	37.0	33.0	37.0
91	34.44989102278461	37.0	33.0	37.0	33.0	37.0
92	34.3801916046636	37.0	33.0	37.0	33.0	37.0
93	34.336904457162845	37.0	33.0	37.0	33.0	37.0
94	34.27113116839657	37.0	33.0	37.0	33.0	37.0
95	34.19588088247842	37.0	33.0	37.0	33.0	37.0
96	34.11794645982942	37.0	33.0	37.0	33.0	37.0
97	34.01138159652762	37.0	33.0	37.0	33.0	37.0
98	33.91704493541252	37.0	33.0	37.0	33.0	37.0
99	33.838373814848644	37.0	33.0	37.0	27.0	37.0
100	33.74972356271044	37.0	33.0	37.0	27.0	37.0
101	32.75546545227388	33.0	33.0	37.0	27.0	37.0
>>END_MODULE
>>Per sequence quality scores	pass
#Quality	Count
5	2.0
6	6.0
7	10.0
8	42.0
9	105.0
10	192.0
11	295.0
12	388.0
13	481.0
14	606.0
15	766.0
16	922.0
17	1160.0
18	1390.0
19	1619.0
20	1991.0
21	2354.0
22	2942.0
23	3776.0
24	4921.0
25	6601.0
26	9229.0
27	12620.0
28	17151.0
29	23418.0
30	31481.0
31	42247.0
32	58032.0
33	80344.0
34	114311.0
35	171603.0
36	305947.0
37	836544.0
38	1111867.0
39	2480.0
>>END_MODULE
>>Per base sequence content	fail
#Base	G	A	T	C
1	943187	815346	460049	628124
2	331054	680575	1298710	537504
3	350660	950134	974196	572583
4	277197	600163	1336778	633493
5	268147	1160623	1154444	264629
6	626958	1335023	603415	282441
7	573503	1008502	890059	375779
8	520994	1196668	712738	417442
9	599937	534333	798319	915254
10	354938	875687	1074589	542629
11	759055	834933	839781	414074
12	485964	830702	1039937	491240
13	626058	748765	911986	561034
14	488841	704693	926043	728266
15	542468	988285	769390	547700
16	519645	981923	843758	502514
17	488135	942273	922712	494723
18	498137	945606	916339	487761
19	515751	925509	913294	493289
20	515369	917195	906814	508465
21	512134	908771	911664	515274
22	517277	899425	911504	519637
23	512034	903914	909682	522202
24	514276	914486	904582	514493
25	519950	902476	907037	518371
26	517110	905420	904503	520807
27	518934	913156	897389	518349
28	523962	905137	900515	518205
29	517433	908651	899553	522183
30	518882	912568	900253	516125
31	524248	902726	902574	518266
32	518011	904491	898721	526589
33	518691	907846	900404	520814
34	522821	902877	904293	517796
35	519423	902162	903342	522903
36	520582	909900	899256	518105
37	526727	897968	902925	520223
38	520437	902045	902705	522656
39	522488	907049	898714	519577
40	525852	900469	902844	518678
41	520636	901500	903620	522087
42	521189	907226	897920	521508
43	525854	899094	899475	523420
44	518263	902454	900776	526350
45	522130	904362	897628	523723
46	524110	896426	903905	523402
47	520366	898441	901223	527808
48	522448	904133	897491	523771
49	526619	897621	903722	519881
50	519495	900245	900681	527422
51	519444	904526	901207	522666
52	525463	897263	902990	522127
53	520471	899807	899522	528043
54	522790	902573	899930	522550
55	525998	897649	901909	522287
56	520909	896554	900832	529548
57	520893	904323	898853	523774
58	527455	894198	899372	526818
59	520567	895674	901013	530589
60	520265	905929	897542	524107
61	525896	894157	902338	525452
62	521004	896408	896759	533672
63	519636	902375	897504	528328
64	525028	893440	902202	527173
65	520219	896379	900041	531204
66	522911	901622	896104	527053
67	526980	894438	900467	525869
68	522218	896666	893761	535036
69	525339	902198	893811	526278
70	527203	895609	896325	528686
71	519473	895509	898410	534380
72	521865	901876	894701	529283
73	529166	892862	899061	526717
74	520721	896830	895591	534496
75	522988	901257	895562	527977
76	526918	895706	895263	529919
77	522869	894045	896738	534191
78	523663	902235	892234	529545
79	526662	893809	899768	527594
80	523255	894350	894040	536057
81	523809	900432	891284	532277
82	527401	892639	896308	531344
83	522706	895238	893262	536637
84	520361	902322	893674	531380
85	527659	891133	896497	532231
86	523418	893165	895477	535701
87	524998	899310	892949	530290
88	529077	891559	896422	530036
89	522216	891689	894097	538872
90	523916	898986	891792	532130
91	528650	891031	895458	531323
92	524960	892729	892652	536485
93	523078	896041	894105	533930
94	524546	890319	898159	533812
95	520159	894407	895003	537087
96	523749	898941	895057	529295
97	530420	889285	891683	535479
98	522503	893135	893288	538223
99	524350	898895	889334	534302
100	529785	888935	894774	533649
101	524199	893094	890896	539287
>>END_MODULE
>>Per base GC content	fail
#Base	%GC
1	55.19751600621912
2	30.498802075816677
3	32.42210120688741
4	31.980618275331317
5	18.708053779650072
6	31.93297228738864
7	33.33336844762861
8	32.952530372120364
9	53.204864172638736
10	31.517432667460955
11	41.19359810214257
12	34.31382980030852
13	41.68389900707307
14	42.73785457976441
15	38.280481051799555
16	35.89243075453677
17	34.512366025795664
18	34.6191134834329
19	35.431728504696366
20	35.951209389000724
21	36.07670788031503
22	36.41050437120305
23	36.316608563988325
24	36.124574545523494
25	36.46002540878436
26	36.44576240238215
27	36.42365339479772
28	36.595268168377274
29	36.50567802740341
30	36.34373283779779
31	36.60751720442417
32	36.68079213094123
33	36.50261346218337
34	36.54125115396622
35	36.60071001429158
36	36.47276201672634
37	36.76291143858703
38	36.62747560170978
39	36.591570839250124
40	36.67793484402054
41	36.614483312457885
42	36.613570340780726
43	36.84451706080708
44	36.6808493305284
45	36.72439105666991
46	36.78264567253181
47	36.8059559567644
48	36.73724288874071
49	36.7471100057131
50	36.76175266684294
51	36.592958249454064
52	36.78538458756329
53	36.817830196397765
54	36.70637742319363
55	36.8097890227797
56	36.88605727211788
57	36.682745502473274
58	37.020053422888836
59	36.91060216451539
60	36.67238678536703
61	36.917344109208265
62	37.03420448388482
63	36.79851733399629
64	36.947296603078186
65	36.91997768135392
66	36.870726799616534
67	36.971206080300476
68	37.12684110333988
69	36.92960381735523
70	37.077058511009994
71	37.00622802668191
72	36.91185068782976
73	37.0770691542893
74	37.05586875859923
75	36.90465990398148
76	37.110568627216885
77	37.11791696382139
78	36.984812533162994
79	37.01958647153818
80	37.19883611417206
81	37.084249537011345
82	37.17905588104332
83	37.198082899935144
84	36.932518698180345
85	37.221512052593134
86	37.19128817341062
87	37.05954633935805
88	37.19979038275519
89	37.272039436940304
90	37.09558441266478
91	37.23826279781708
92	37.285208158138225
93	37.12507296760204
94	37.17664101479678
95	37.13992839317431
96	36.98730120595341
97	37.441123874069284
98	37.25572493747254
99	37.18638046339134
100	37.35091633964293
101	37.348374490250315
>>END_MODULE
>>Per sequence GC content	pass
#GC Content	Count
0	0.0
1	0.0
2	0.0
3	0.0
4	0.5
5	0.5
6	0.0
7	0.5
8	4.0
9	14.5
10	24.0
11	36.5
12	67.5
13	110.5
14	201.5
15	315.5
16	417.0
17	712.0
18	1182.0
19	1832.5
20	2863.5
21	4356.5
22	6802.5
23	10965.5
24	16850.0
25	24888.5
26	35643.0
27	49878.0
28	67253.0
29	87166.0
30	108895.5
31	131132.0
32	153344.5
33	171842.0
34	185206.5
35	193134.5
36	194504.0
37	191685.5
38	183520.0
39	170147.5
40	153176.0
41	133178.0
42	113649.0
43	96057.5
44	79491.5
45	64246.0
46	51245.5
47	40805.0
48	32073.0
49	24322.5
50	18375.0
51	13533.0
52	9837.0
53	6946.0
54	4675.0
55	3374.5
56	2384.5
57	1731.5
58	1260.0
59	821.5
60	467.0
61	306.0
62	206.5
63	151.5
64	123.5
65	92.5
66	65.5
67	37.5
68	27.5
69	32.0
70	28.5
71	20.0
72	20.0
73	15.0
74	11.5
75	11.5
76	11.0
77	11.0
78	9.0
79	4.5
80	2.0
81	2.5
82	0.5
83	0.0
84	1.0
85	1.5
86	1.0
87	0.5
88	1.0
89	1.5
90	0.5
91	0.0
92	0.0
93	0.0
94	0.0
95	0.0
96	0.0
97	0.0
98	0.0
99	0.0
100	0.0
>>END_MODULE
>>Per base N content	pass
#Base	N-Count
1	0.039924953728137404
2	0.0
3	0.009480859724359804
4	0.007444230598386217
5	0.0
6	2.106857716524401E-4
7	0.0
8	3.511429527540669E-5
9	0.0
10	0.0
11	0.0
12	0.0
13	0.0
14	0.0
15	0.0
16	1.0534288582622006E-4
17	0.0
18	0.0
19	0.0
20	0.0
21	0.0
22	0.0
23	3.8625724802947357E-4
24	2.106857716524401E-4
25	3.1602865747866016E-4
26	1.0534288582622006E-4
27	5.267144291311003E-4
28	8.427430866097605E-4
29	8.076287913343536E-4
30	5.267144291311003E-4
31	0.0010183145629867939
32	0.0010885431535376073
33	0.0030900579842357886
34	0.0019664005354227744
35	4.564858385802869E-4
36	0.0
37	0.0
38	0.0
39	5.267144291311003E-4
40	0.0
41	0.0
42	0.0
43	0.0
44	0.0
45	0.0
46	0.0
47	1.755714763770334E-4
48	0.0
49	0.0
50	0.0
51	0.0
52	0.0
53	0.0
54	0.0
55	0.0
56	0.0
57	0.0
58	0.0
59	0.0
60	0.0
61	0.0
62	0.0
63	0.0
64	0.0
65	0.0
66	0.005372487177137223
67	0.0031251722795111944
68	0.005688515834615883
69	0.007619802074763251
70	7.022859055081336E-4
71	0.0024931149645538745
72	0.004143486842497989
73	0.0012992289251900473
74	0.007198430531458371
75	0.0020717434212489945
76	0.0012992289251900473
77	0.0
78	0.005828973015717509
79	3.511429527540668E-4
80	0.004951115633832342
81	0.0014396861062916742
82	0.0053022585865864095
83	0.0
84	0.0037221152991931085
85	0.011341917373956359
86	0.0028793722125833483
87	0.010393831401520379
88	0.026300607161279608
89	0.03402575212186908
90	0.035781466885639414
91	0.04849284177533663
92	0.0357112382950886
93	0.024193749444755205
94	0.03536009534233453
95	0.041680668491907734
96	0.028126550515600757
97	0.034271552188796926
98	0.02436932092113224
99	0.03377995205494123
100	0.02458000669278468
101	0.012886946366074254
>>END_MODULE
>>Sequence Length Distribution	pass
#Length	Count
101	2847843.0
>>END_MODULE
>>Sequence Duplication Levels	warn
#Total Duplicate Percentage	41.779208392942294
#Duplication Level	Relative count
1	100.0
2	34.18981235000696
3	13.800588095569626
4	6.311788940854623
5	3.126407784485089
6	1.6561688604214957
7	0.9656889646077861
8	0.601200763377536
9	0.4357476922572877
10++	2.7275184496555793
>>END_MODULE
>>Overrepresented sequences	pass
>>END_MODULE
>>Kmer Content	warn
#Sequence	Count	Obs/Exp Overall	Obs/Exp Max	Max Obs/Exp Position
ACACC	203885	1.1911203	5.2915597	6
ATACC	327750	1.1153308	5.90651	6
GTATT	503525	1.0032763	6.470068	1
AATAC	491980	0.97796303	5.775468	5
ATACA	479065	0.9522905	5.1400037	6
ATATA	812440	0.94071245	5.347767	1
TATTA	744370	0.85947096	5.615378	2
ATACT	430405	0.853157	5.708794	6
TATAC	415555	0.8237211	6.610784	5
GTATA	377300	0.7538929	7.2124395	1
>>END_MODULE
