. Sequence file : [Muscle_ACT1_Exon2_for_phylogeny.fasta.alter2.phy]

. Model of nucleotides substitution : Custom

. Initial tree : [BioNJ]


. Data	Nb of 	Likelihood	Discrete   	Number of 	Gamma shape	Proportion of	Nucleotides frequencies               	Instantaneous rate matrix              	
  set	taxa	loglk     	gamma model	categories	parameter  	invariant    	f(A)      f(C)      f(G)      f(T)    	[A---------C---------G---------T------]	

  #1	104   	-6163.00695	Yes        	8        	0.227    	0.000    	 0.26800   0.21510   0.23560   0.28130	-0.74840   0.08766   0.47235   0.18840  
      	     	          	           	          	           	             	                                      	 0.10921  -1.34075   0.12987   1.10168  
      	     	          	           	          	           	             	                                      	 0.53731   0.11857  -0.80241   0.14654  
      	     	          	           	          	           	             	                                      	 0.17949   0.84241   0.12273  -1.14463  

  #2	104   	-5707.36709	Yes        	8        	0.227    	0.000    	 0.26800   0.21510   0.23560   0.28130	-0.87530   0.10477   0.56981   0.20072  
      	     	          	           	          	           	             	                                      	 0.13054  -1.17121   0.15480   0.88586  
      	     	          	           	          	           	             	                                      	 0.64817   0.14133  -0.96596   0.17645  
      	     	          	           	          	           	             	                                      	 0.19123   0.67739   0.14779  -1.01640  

  #3	104   	-5843.59658	Yes        	8        	0.227    	0.000    	 0.26800   0.21510   0.23560   0.28130	-0.84258   0.11898   0.52080   0.20279  
      	     	          	           	          	           	             	                                      	 0.14825  -1.24918   0.09131   1.00963  
      	     	          	           	          	           	             	                                      	 0.59242   0.08336  -0.83443   0.15865  
      	     	          	           	          	           	             	                                      	 0.19320   0.77203   0.13287  -1.09810  

  #4	104   	-5930.45919	Yes        	8        	0.227    	0.000    	 0.26800   0.21510   0.23560   0.28130	-0.77328   0.08547   0.49315   0.19465  
      	     	          	           	          	           	             	                                      	 0.10649  -1.32575   0.14637   1.07289  
      	     	          	           	          	           	             	                                      	 0.56097   0.13364  -0.82406   0.12945  
      	     	          	           	          	           	             	                                      	 0.18545   0.82040   0.10842  -1.11427  

  #5	104   	-5779.11362	Yes        	8        	0.227    	0.000    	 0.26800   0.21510   0.23560   0.28130	-0.83269   0.09855   0.52440   0.20975  
      	     	          	           	          	           	             	                                      	 0.12278  -1.23721   0.14452   0.96991  
      	     	          	           	          	           	             	                                      	 0.59651   0.13194  -0.88604   0.15758  
      	     	          	           	          	           	             	                                      	 0.19983   0.74165   0.13198  -1.07346  

  #6	104   	-6127.35480	Yes        	8        	0.227    	0.000    	 0.26800   0.21510   0.23560   0.28130	-0.80003   0.08464   0.52463   0.19075  
      	     	          	           	          	           	             	                                      	 0.10546  -1.25989   0.08413   1.07030  
      	     	          	           	          	           	             	                                      	 0.59678   0.07681  -0.83180   0.15821  
      	     	          	           	          	           	             	                                      	 0.18173   0.81842   0.13251  -1.13266  

  #7	104   	-6132.51239	Yes        	8        	0.227    	0.000    	 0.26800   0.21510   0.23560   0.28130	-0.73319   0.07697   0.45536   0.20085  
      	     	          	           	          	           	             	                                      	 0.09590  -1.31200   0.10035   1.11575  
      	     	          	           	          	           	             	                                      	 0.51799   0.09162  -0.78755   0.17794  
      	     	          	           	          	           	             	                                      	 0.19136   0.85317   0.14903  -1.19356  

  #8	104   	-6041.55857	Yes        	8        	0.227    	0.000    	 0.26800   0.21510   0.23560   0.28130	-0.75636   0.12042   0.46582   0.17012  
      	     	          	           	          	           	             	                                      	 0.15003  -1.34394   0.12550   1.06841  
      	     	          	           	          	           	             	                                      	 0.52987   0.11458  -0.81630   0.17184  
      	     	          	           	          	           	             	                                      	 0.16208   0.81697   0.14393  -1.12298  

  #9	104   	-5919.12069	Yes        	8        	0.227    	0.000    	 0.26800   0.21510   0.23560   0.28130	-0.82295   0.12227   0.45131   0.24938  
      	     	          	           	          	           	             	                                      	 0.15233  -1.22838   0.07409   1.00196  
      	     	          	           	          	           	             	                                      	 0.51337   0.06764  -0.78471   0.20370  
      	     	          	           	          	           	             	                                      	 0.23759   0.76616   0.17061  -1.17436  

  #10	104   	-5976.95392	Yes        	8        	0.227    	0.000    	 0.26800   0.21510   0.23560   0.28130	-0.76582   0.06859   0.45232   0.24490  
      	     	          	           	          	           	             	                                      	 0.08546  -1.28261   0.16515   1.03199  
      	     	          	           	          	           	             	                                      	 0.51452   0.15078  -0.82343   0.15813  
      	     	          	           	          	           	             	                                      	 0.23332   0.78913   0.13244  -1.15489  

  #11	104   	-6122.17753	Yes        	8        	0.227    	0.000    	 0.26800   0.21510   0.23560   0.28130	-0.64753   0.08507   0.43883   0.12362  
      	     	          	           	          	           	             	                                      	 0.10599  -1.42493   0.15975   1.15919  
      	     	          	           	          	           	             	                                      	 0.49918   0.14585  -0.82652   0.18149  
      	     	          	           	          	           	             	                                      	 0.11778   0.88639   0.15200  -1.15618  

  #12	104   	-5841.13677	Yes        	8        	0.227    	0.000    	 0.26800   0.21510   0.23560   0.28130	-0.78898   0.06461   0.49492   0.22945  
      	     	          	           	          	           	             	                                      	 0.08050  -1.23182   0.11196   1.03936  
      	     	          	           	          	           	             	                                      	 0.56298   0.10221  -0.83881   0.17362  
      	     	          	           	          	           	             	                                      	 0.21860   0.79476   0.14541  -1.15878  

  #13	104   	-5760.91648	Yes        	8        	0.227    	0.000    	 0.26800   0.21510   0.23560   0.28130	-0.84213   0.10925   0.54606   0.18682  
      	     	          	           	          	           	             	                                      	 0.13612  -1.18123   0.10868   0.93643  
      	     	          	           	          	           	             	                                      	 0.62116   0.09922  -0.93051   0.21013  
      	     	          	           	          	           	             	                                      	 0.17798   0.71605   0.17599  -1.07003  

  #14	104   	-5758.71668	Yes        	8        	0.227    	0.000    	 0.26800   0.21510   0.23560   0.28130	-0.83874   0.11468   0.54123   0.18282  
      	     	          	           	          	           	             	                                      	 0.14289  -1.26474   0.07773   1.04412  
      	     	          	           	          	           	             	                                      	 0.61566   0.07097  -0.83055   0.14392  
      	     	          	           	          	           	             	                                      	 0.17418   0.79840   0.12054  -1.09312  

  #15	104   	-5768.32836	Yes        	8        	0.227    	0.000    	 0.26800   0.21510   0.23560   0.28130	-0.72502   0.06894   0.44244   0.21363  
      	     	          	           	          	           	             	                                      	 0.08590  -1.27887   0.08945   1.10352  
      	     	          	           	          	           	             	                                      	 0.50329   0.08166  -0.79330   0.20835  
      	     	          	           	          	           	             	                                      	 0.20353   0.84383   0.17450  -1.22186  

  #16	104   	-5886.94154	Yes        	8        	0.227    	0.000    	 0.26800   0.21510   0.23560   0.28130	-0.76265   0.11724   0.47306   0.17234  
      	     	          	           	          	           	             	                                      	 0.14608  -1.28784   0.06653   1.07523  
      	     	          	           	          	           	             	                                      	 0.53812   0.06074  -0.81117   0.21230  
      	     	          	           	          	           	             	                                      	 0.16419   0.82219   0.17781  -1.16419  

  #17	104   	-5883.97438	Yes        	8        	0.227    	0.000    	 0.26800   0.21510   0.23560   0.28130	-0.83652   0.08163   0.53437   0.22052  
      	     	          	           	          	           	             	                                      	 0.10171  -1.20515   0.15762   0.94582  
      	     	          	           	          	           	             	                                      	 0.60785   0.14391  -0.91501   0.16325  
      	     	          	           	          	           	             	                                      	 0.21009   0.72323   0.13673  -1.07006  

  #18	104   	-6048.91179	Yes        	8        	0.227    	0.000    	 0.26800   0.21510   0.23560   0.28130	-0.65568   0.09349   0.38289   0.17930  
      	     	          	           	          	           	             	                                      	 0.11648  -1.45952   0.12165   1.22138  
      	     	          	           	          	           	             	                                      	 0.43555   0.11107  -0.69683   0.15022  
      	     	          	           	          	           	             	                                      	 0.17082   0.93394   0.12581  -1.23058  

  #19	104   	-6018.15093	Yes        	8        	0.227    	0.000    	 0.26800   0.21510   0.23560   0.28130	-0.74623   0.10954   0.46714   0.16956  
      	     	          	           	          	           	             	                                      	 0.13648  -1.42013   0.13289   1.15076  
      	     	          	           	          	           	             	                                      	 0.53138   0.12133  -0.75414   0.10143  
      	     	          	           	          	           	             	                                      	 0.16154   0.87994   0.08495  -1.12643  

  #20	104   	-5901.37551	Yes        	8        	0.227    	0.000    	 0.26800   0.21510   0.23560   0.28130	-0.80368   0.07973   0.52958   0.19437  
      	     	          	           	          	           	             	                                      	 0.09933  -1.22862   0.09335   1.03593  
      	     	          	           	          	           	             	                                      	 0.60241   0.08523  -0.86466   0.17702  
      	     	          	           	          	           	             	                                      	 0.18518   0.79214   0.14826  -1.12558  

  #21	104   	-5847.48425	Yes        	8        	0.227    	0.000    	 0.26800   0.21510   0.23560   0.28130	-0.64110   0.09129   0.36402   0.18579  
      	     	          	           	          	           	             	                                      	 0.11374  -1.41110   0.17328   1.12408  
      	     	          	           	          	           	             	                                      	 0.41408   0.15821  -0.78078   0.20850  
      	     	          	           	          	           	             	                                      	 0.17701   0.85954   0.17463  -1.21118  

  #22	104   	-5874.10677	Yes        	8        	0.227    	0.000    	 0.26800   0.21510   0.23560   0.28130	-0.87833   0.09500   0.55852   0.22480  
      	     	          	           	          	           	             	                                      	 0.11837  -1.21390   0.11120   0.98433  
      	     	          	           	          	           	             	                                      	 0.63533   0.10152  -0.85977   0.12291  
      	     	          	           	          	           	             	                                      	 0.21418   0.75268   0.10294  -1.06980  

  #23	104   	-6118.69734	Yes        	8        	0.227    	0.000    	 0.26800   0.21510   0.23560   0.28130	-0.77450   0.06516   0.46895   0.24039  
      	     	          	           	          	           	             	                                      	 0.08119  -1.25764   0.09196   1.08450  
      	     	          	           	          	           	             	                                      	 0.53344   0.08395  -0.78454   0.16714  
      	     	          	           	          	           	             	                                      	 0.22902   0.82928   0.13999  -1.19829  

  #24	104   	-6014.99257	Yes        	8        	0.227    	0.000    	 0.26800   0.21510   0.23560   0.28130	-0.86578   0.07705   0.58830   0.20043  
      	     	          	           	          	           	             	                                      	 0.09600  -1.18492   0.14121   0.94771  
      	     	          	           	          	           	             	                                      	 0.66920   0.12893  -0.94136   0.14323  
      	     	          	           	          	           	             	                                      	 0.19095   0.72468   0.11996  -1.03559  

  #25	104   	-5844.98138	Yes        	8        	0.227    	0.000    	 0.26800   0.21510   0.23560   0.28130	-0.81710   0.12045   0.48849   0.20816  
      	     	          	           	          	           	             	                                      	 0.15007  -1.31571   0.14201   1.02362  
      	     	          	           	          	           	             	                                      	 0.55567   0.12965  -0.81389   0.12856  
      	     	          	           	          	           	             	                                      	 0.19831   0.78273   0.10768  -1.08872  

  #26	104   	-5984.31440	Yes        	8        	0.227    	0.000    	 0.26800   0.21510   0.23560   0.28130	-0.85064   0.11969   0.51784   0.21311  
      	     	          	           	          	           	             	                                      	 0.14913  -1.22393   0.08550   0.98930  
      	     	          	           	          	           	             	                                      	 0.58905   0.07806  -0.84045   0.17334  
      	     	          	           	          	           	             	                                      	 0.20303   0.75648   0.14518  -1.10469  

  #27	104   	-5960.21617	Yes        	8        	0.227    	0.000    	 0.26800   0.21510   0.23560   0.28130	-0.78737   0.05810   0.46244   0.26683  
      	     	          	           	          	           	             	                                      	 0.07239  -1.28738   0.15348   1.06151  
      	     	          	           	          	           	             	                                      	 0.52603   0.14012  -0.78347   0.11732  
      	     	          	           	          	           	             	                                      	 0.25421   0.81170   0.09826  -1.16417  

  #28	104   	-6135.79461	Yes        	8        	0.227    	0.000    	 0.26800   0.21510   0.23560   0.28130	-0.74386   0.09520   0.43294   0.21573  
      	     	          	           	          	           	             	                                      	 0.11861  -1.30133   0.08759   1.09514  
      	     	          	           	          	           	             	                                      	 0.49247   0.07996  -0.76871   0.19627  
      	     	          	           	          	           	             	                                      	 0.20553   0.83741   0.16438  -1.20733  

  #29	104   	-5782.47912	Yes        	8        	0.227    	0.000    	 0.26800   0.21510   0.23560   0.28130	-0.82859   0.10604   0.50726   0.21529  
      	     	          	           	          	           	             	                                      	 0.13212  -1.19934   0.10995   0.95726  
      	     	          	           	          	           	             	                                      	 0.57702   0.10039  -0.88275   0.20535  
      	     	          	           	          	           	             	                                      	 0.20511   0.73199   0.17199  -1.10908  

  #30	104   	-5846.14443	Yes        	8        	0.227    	0.000    	 0.26800   0.21510   0.23560   0.28130	-0.82449   0.11224   0.51974   0.19252  
      	     	          	           	          	           	             	                                      	 0.13984  -1.25283   0.09321   1.01978  
      	     	          	           	          	           	             	                                      	 0.59122   0.08510  -0.84453   0.16821  
      	     	          	           	          	           	             	                                      	 0.18342   0.77979   0.14089  -1.10409  

  #31	104   	-6233.42846	Yes        	8        	0.227    	0.000    	 0.26800   0.21510   0.23560   0.28130	-0.89275   0.08982   0.54472   0.25821  
      	     	          	           	          	           	             	                                      	 0.11191  -1.16059   0.14657   0.90211  
      	     	          	           	          	           	             	                                      	 0.61963   0.13382  -0.90273   0.14929  
      	     	          	           	          	           	             	                                      	 0.24600   0.68981   0.12503  -1.06085  

  #32	104   	-6195.57882	Yes        	8        	0.227    	0.000    	 0.26800   0.21510   0.23560   0.28130	-0.76361   0.09639   0.49689   0.17033  
      	     	          	           	          	           	             	                                      	 0.12009  -1.36121   0.13935   1.10177  
      	     	          	           	          	           	             	                                      	 0.56523   0.12723  -0.81294   0.12049  
      	     	          	           	          	           	             	                                      	 0.16228   0.84248   0.10092  -1.10567  

  #33	104   	-6124.82801	Yes        	8        	0.227    	0.000    	 0.26800   0.21510   0.23560   0.28130	-0.88956   0.09223   0.56837   0.22896  
      	     	          	           	          	           	             	                                      	 0.11492  -1.19917   0.08543   0.99882  
      	     	          	           	          	           	             	                                      	 0.64654   0.07800  -0.84497   0.12043  
      	     	          	           	          	           	             	                                      	 0.21813   0.76376   0.10087  -1.08276  

  #34	104   	-5997.97001	Yes        	8        	0.227    	0.000    	 0.26800   0.21510   0.23560   0.28130	-0.78582   0.11475   0.46068   0.21039  
      	     	          	           	          	           	             	                                      	 0.14297  -1.31227   0.06521   1.10409  
      	     	          	           	          	           	             	                                      	 0.52403   0.05954  -0.74437   0.16079  
      	     	          	           	          	           	             	                                      	 0.20044   0.84426   0.13467  -1.17937  

  #35	104   	-6043.60675	Yes        	8        	0.227    	0.000    	 0.26800   0.21510   0.23560   0.28130	-0.77260   0.08926   0.55639   0.12695  
      	     	          	           	          	           	             	                                      	 0.11121  -1.23816   0.08620   1.04075  
      	     	          	           	          	           	             	                                      	 0.63291   0.07870  -0.92611   0.21450  
      	     	          	           	          	           	             	                                      	 0.12094   0.79582   0.17966  -1.09642  

  #36	104   	-5732.32946	Yes        	8        	0.227    	0.000    	 0.26800   0.21510   0.23560   0.28130	-0.85604   0.06493   0.54387   0.24724  
      	     	          	           	          	           	             	                                      	 0.08089  -1.15071   0.15646   0.91336  
      	     	          	           	          	           	             	                                      	 0.61867   0.14284  -0.93326   0.17175  
      	     	          	           	          	           	             	                                      	 0.23555   0.69841   0.14385  -1.07781  

  #37	104   	-5761.33731	Yes        	8        	0.227    	0.000    	 0.26800   0.21510   0.23560   0.28130	-0.84601   0.08167   0.53503   0.22931  
      	     	          	           	          	           	             	                                      	 0.10175  -1.21367   0.12277   0.98915  
      	     	          	           	          	           	             	                                      	 0.60861   0.11208  -0.86542   0.14473  
      	     	          	           	          	           	             	                                      	 0.21847   0.75637   0.12121  -1.09605  

  #38	104   	-5766.68018	Yes        	8        	0.227    	0.000    	 0.26800   0.21510   0.23560   0.28130	-0.90962   0.07894   0.52631   0.30438  
      	     	          	           	          	           	             	                                      	 0.09835  -1.07933   0.08818   0.89280  
      	     	          	           	          	           	             	                                      	 0.59869   0.08051  -0.87109   0.19190  
      	     	          	           	          	           	             	                                      	 0.28999   0.68270   0.16072  -1.13340  

  #39	104   	-5977.97028	Yes        	8        	0.227    	0.000    	 0.26800   0.21510   0.23560   0.28130	-0.81123   0.07368   0.53676   0.20078  
      	     	          	           	          	           	             	                                      	 0.09180  -1.27676   0.08910   1.09586  
      	     	          	           	          	           	             	                                      	 0.61058   0.08135  -0.80952   0.11760  
      	     	          	           	          	           	             	                                      	 0.19129   0.83796   0.09849  -1.12775  

  #40	104   	-5838.16202	Yes        	8        	0.227    	0.000    	 0.26800   0.21510   0.23560   0.28130	-0.70306   0.11526   0.41502   0.17278  
      	     	          	           	          	           	             	                                      	 0.14361  -1.36469   0.11840   1.10268  
      	     	          	           	          	           	             	                                      	 0.47210   0.10810  -0.78785   0.20766  
      	     	          	           	          	           	             	                                      	 0.16461   0.84318   0.17392  -1.18172  

  #41	104   	-5807.81276	Yes        	8        	0.227    	0.000    	 0.26800   0.21510   0.23560   0.28130	-0.78237   0.10240   0.43759   0.24238  
      	     	          	           	          	           	             	                                      	 0.12759  -1.33689   0.13967   1.06963  
      	     	          	           	          	           	             	                                      	 0.49777   0.12752  -0.75349   0.12820  
      	     	          	           	          	           	             	                                      	 0.23092   0.81791   0.10737  -1.15620  

  #42	104   	-5796.91670	Yes        	8        	0.227    	0.000    	 0.26800   0.21510   0.23560   0.28130	-0.70202   0.07764   0.47097   0.15341  
      	     	          	           	          	           	             	                                      	 0.09673  -1.35027   0.12541   1.12812  
      	     	          	           	          	           	             	                                      	 0.53574   0.11450  -0.82946   0.17922  
      	     	          	           	          	           	             	                                      	 0.14616   0.86263   0.15010  -1.15889  

  #43	104   	-6105.16445	Yes        	8        	0.227    	0.000    	 0.26800   0.21510   0.23560   0.28130	-0.89721   0.11575   0.54282   0.23864  
      	     	          	           	          	           	             	                                      	 0.14421  -1.15624   0.07932   0.93270  
      	     	          	           	          	           	             	                                      	 0.61747   0.07242  -0.86757   0.17768  
      	     	          	           	          	           	             	                                      	 0.22736   0.71321   0.14881  -1.08937  

  #44	104   	-5858.44097	Yes        	8        	0.227    	0.000    	 0.26800   0.21510   0.23560   0.28130	-0.90652   0.09021   0.59507   0.22124  
      	     	          	           	          	           	             	                                      	 0.11239  -1.13915   0.14210   0.88466  
      	     	          	           	          	           	             	                                      	 0.67691   0.12973  -0.96028   0.15364  
      	     	          	           	          	           	             	                                      	 0.21078   0.67647   0.12868  -1.01592  

  #45	104   	-5909.60299	Yes        	8        	0.227    	0.000    	 0.26800   0.21510   0.23560   0.28130	-0.84789   0.08063   0.54463   0.22263  
      	     	          	           	          	           	             	                                      	 0.10046  -1.22665   0.11134   1.01485  
      	     	          	           	          	           	             	                                      	 0.61953   0.10165  -0.85073   0.12955  
      	     	          	           	          	           	             	                                      	 0.21211   0.77602   0.10850  -1.09663  

  #46	104   	-5788.36724	Yes        	8        	0.227    	0.000    	 0.26800   0.21510   0.23560   0.28130	-0.78359   0.04561   0.49329   0.24469  
      	     	          	           	          	           	             	                                      	 0.05682  -1.18982   0.11282   1.02018  
      	     	          	           	          	           	             	                                      	 0.56112   0.10300  -0.86060   0.19648  
      	     	          	           	          	           	             	                                      	 0.23312   0.78010   0.16456  -1.17778  

  #47	104   	-5792.79901	Yes        	8        	0.227    	0.000    	 0.26800   0.21510   0.23560   0.28130	-0.60917   0.06888   0.36810   0.17219  
      	     	          	           	          	           	             	                                      	 0.08582  -1.47069   0.09379   1.29107  
      	     	          	           	          	           	             	                                      	 0.41872   0.08563  -0.66928   0.16493  
      	     	          	           	          	           	             	                                      	 0.16405   0.98724   0.13813  -1.28942  

  #48	104   	-6207.17625	Yes        	8        	0.227    	0.000    	 0.26800   0.21510   0.23560   0.28130	-0.79620   0.11278   0.50218   0.18123  
      	     	          	           	          	           	             	                                      	 0.14052  -1.26447   0.10909   1.01486  
      	     	          	           	          	           	             	                                      	 0.57124   0.09960  -0.86123   0.19040  
      	     	          	           	          	           	             	                                      	 0.17267   0.77603   0.15947  -1.10816  

  #49	104   	-6112.05948	Yes        	8        	0.227    	0.000    	 0.26800   0.21510   0.23560   0.28130	-0.73396   0.08314   0.42988   0.22094  
      	     	          	           	          	           	             	                                      	 0.10359  -1.29727   0.14504   1.04865  
      	     	          	           	          	           	             	                                      	 0.48900   0.13242  -0.81894   0.19753  
      	     	          	           	          	           	             	                                      	 0.21049   0.80186   0.16544  -1.17779  

  #50	104   	-6080.72657	Yes        	8        	0.227    	0.000    	 0.26800   0.21510   0.23560   0.28130	-0.92721   0.12241   0.57834   0.22646  
      	     	          	           	          	           	             	                                      	 0.15251  -1.14552   0.10652   0.88649  
      	     	          	           	          	           	             	                                      	 0.65788   0.09725  -0.91605   0.16092  
      	     	          	           	          	           	             	                                      	 0.21575   0.67787   0.13478  -1.02839  

  #51	104   	-5822.13352	Yes        	8        	0.227    	0.000    	 0.26800   0.21510   0.23560   0.28130	-0.90135   0.07211   0.56875   0.26049  
      	     	          	           	          	           	             	                                      	 0.08984  -1.16952   0.13627   0.94341  
      	     	          	           	          	           	             	                                      	 0.64696   0.12441  -0.88258   0.11121  
      	     	          	           	          	           	             	                                      	 0.24818   0.72139   0.09314  -1.06271  

  #52	104   	-5797.18585	Yes        	8        	0.227    	0.000    	 0.26800   0.21510   0.23560   0.28130	-0.76247   0.07138   0.48977   0.20132  
      	     	          	           	          	           	             	                                      	 0.08893  -1.11738   0.07188   0.95656  
      	     	          	           	          	           	             	                                      	 0.55712   0.06563  -0.93871   0.31596  
      	     	          	           	          	           	             	                                      	 0.19180   0.73145   0.26463  -1.18788  

  #53	104   	-6060.47412	Yes        	8        	0.227    	0.000    	 0.26800   0.21510   0.23560   0.28130	-0.76050   0.09993   0.49878   0.16179  
      	     	          	           	          	           	             	                                      	 0.12450  -1.33525   0.08281   1.12794  
      	     	          	           	          	           	             	                                      	 0.56737   0.07560  -0.79473   0.15176  
      	     	          	           	          	           	             	                                      	 0.15414   0.86250   0.12710  -1.14374  

  #54	104   	-6183.40624	Yes        	8        	0.227    	0.000    	 0.26800   0.21510   0.23560   0.28130	-0.82497   0.06306   0.51977   0.24214  
      	     	          	           	          	           	             	                                      	 0.07857  -1.15792   0.12439   0.95496  
      	     	          	           	          	           	             	                                      	 0.59125   0.11357  -0.90320   0.19839  
      	     	          	           	          	           	             	                                      	 0.23069   0.73022   0.16616  -1.12707  

  #55	104   	-5919.66364	Yes        	8        	0.227    	0.000    	 0.26800   0.21510   0.23560   0.28130	-0.75731   0.10170   0.45675   0.19886  
      	     	          	           	          	           	             	                                      	 0.12671  -1.37350   0.15670   1.09009  
      	     	          	           	          	           	             	                                      	 0.51957   0.14307  -0.78511   0.12248  
      	     	          	           	          	           	             	                                      	 0.18946   0.83355   0.10258  -1.12559  

  #56	104   	-5825.85721	Yes        	8        	0.227    	0.000    	 0.26800   0.21510   0.23560   0.28130	-0.81102   0.11012   0.53455   0.16634  
      	     	          	           	          	           	             	                                      	 0.13720  -1.29428   0.10166   1.05541  
      	     	          	           	          	           	             	                                      	 0.60806   0.09282  -0.84417   0.14329  
      	     	          	           	          	           	             	                                      	 0.15848   0.80704   0.12001  -1.08553  

  #57	104   	-5736.95553	Yes        	8        	0.227    	0.000    	 0.26800   0.21510   0.23560   0.28130	-0.82633   0.08569   0.56974   0.17090  
      	     	          	           	          	           	             	                                      	 0.10676  -1.17665   0.10836   0.96153  
      	     	          	           	          	           	             	                                      	 0.64809   0.09893  -0.95250   0.20548  
      	     	          	           	          	           	             	                                      	 0.16282   0.73525   0.17210  -1.07017  

  #58	104   	-5583.51354	Yes        	8        	0.227    	0.000    	 0.26800   0.21510   0.23560   0.28130	-0.74950   0.08927   0.48899   0.17123  
      	     	          	           	          	           	             	                                      	 0.11123  -1.32399   0.16718   1.04558  
      	     	          	           	          	           	             	                                      	 0.55624   0.15263  -0.87131   0.16243  
      	     	          	           	          	           	             	                                      	 0.16313   0.79952   0.13604  -1.09870  

  #59	104   	-6214.73034	Yes        	8        	0.227    	0.000    	 0.26800   0.21510   0.23560   0.28130	-0.74894   0.08123   0.45694   0.21077  
      	     	          	           	          	           	             	                                      	 0.10120  -1.32832   0.11427   1.11285  
      	     	          	           	          	           	             	                                      	 0.51978   0.10433  -0.77407   0.14996  
      	     	          	           	          	           	             	                                      	 0.20080   0.85096   0.12560  -1.17736  

  #60	104   	-5910.70953	Yes        	8        	0.227    	0.000    	 0.26800   0.21510   0.23560   0.28130	-0.67864   0.05476   0.46952   0.15436  
      	     	          	           	          	           	             	                                      	 0.06822  -1.35956   0.15294   1.13840  
      	     	          	           	          	           	             	                                      	 0.53409   0.13963  -0.84502   0.17130  
      	     	          	           	          	           	             	                                      	 0.14706   0.87049   0.14347  -1.16102  

  #61	104   	-5952.69769	Yes        	8        	0.227    	0.000    	 0.26800   0.21510   0.23560   0.28130	-0.91717   0.10348   0.56398   0.24971  
      	     	          	           	          	           	             	                                      	 0.12893  -1.11880   0.10266   0.88722  
      	     	          	           	          	           	             	                                      	 0.64154   0.09372  -0.91047   0.17520  
      	     	          	           	          	           	             	                                      	 0.23790   0.67842   0.14674  -1.06306  

  #62	104   	-5810.01723	Yes        	8        	0.227    	0.000    	 0.26800   0.21510   0.23560   0.28130	-0.86479   0.09472   0.47250   0.29757  
      	     	          	           	          	           	             	                                      	 0.11801  -1.22351   0.08676   1.01874  
      	     	          	           	          	           	             	                                      	 0.53747   0.07921  -0.74590   0.12922  
      	     	          	           	          	           	             	                                      	 0.28351   0.77899   0.10823  -1.17073  

  #63	104   	-5861.12957	Yes        	8        	0.227    	0.000    	 0.26800   0.21510   0.23560   0.28130	-0.75594   0.08198   0.45290   0.22106  
      	     	          	           	          	           	             	                                      	 0.10214  -1.28616   0.05722   1.12679  
      	     	          	           	          	           	             	                                      	 0.51518   0.05224  -0.74878   0.18135  
      	     	          	           	          	           	             	                                      	 0.21061   0.86162   0.15189  -1.22412  

  #64	104   	-6230.05324	Yes        	8        	0.227    	0.000    	 0.26800   0.21510   0.23560   0.28130	-0.81841   0.10136   0.48201   0.23503  
      	     	          	           	          	           	             	                                      	 0.12629  -1.24329   0.16439   0.95261  
      	     	          	           	          	           	             	                                      	 0.54830   0.15009  -0.86986   0.17147  
      	     	          	           	          	           	             	                                      	 0.22392   0.72842   0.14362  -1.09596  

  #65	104   	-5848.95467	Yes        	8        	0.227    	0.000    	 0.26800   0.21510   0.23560   0.28130	-0.83364   0.08699   0.51167   0.23498  
      	     	          	           	          	           	             	                                      	 0.10838  -1.18042   0.10871   0.96333  
      	     	          	           	          	           	             	                                      	 0.58204   0.09925  -0.87650   0.19520  
      	     	          	           	          	           	             	                                      	 0.22387   0.73662   0.16349  -1.12398  

  #66	104   	-6201.42781	Yes        	8        	0.227    	0.000    	 0.26800   0.21510   0.23560   0.28130	-0.76718   0.07699   0.48689   0.20330  
      	     	          	           	          	           	             	                                      	 0.09592  -1.28841   0.10640   1.08609  
      	     	          	           	          	           	             	                                      	 0.55385   0.09714  -0.81182   0.16083  
      	     	          	           	          	           	             	                                      	 0.19369   0.83049   0.13470  -1.15889  

  #67	104   	-5698.86435	Yes        	8        	0.227    	0.000    	 0.26800   0.21510   0.23560   0.28130	-0.75378   0.10891   0.45997   0.18489  
      	     	          	           	          	           	             	                                      	 0.13570  -1.25616   0.09703   1.02343  
      	     	          	           	          	           	             	                                      	 0.52323   0.08858  -0.85365   0.24184  
      	     	          	           	          	           	             	                                      	 0.17615   0.78258   0.20255  -1.16128  

  #68	104   	-6139.17774	Yes        	8        	0.227    	0.000    	 0.26800   0.21510   0.23560   0.28130	-0.71913   0.07865   0.44785   0.19263  
      	     	          	           	          	           	             	                                      	 0.09799  -1.33079   0.11930   1.11349  
      	     	          	           	          	           	             	                                      	 0.50944   0.10892  -0.79705   0.17869  
      	     	          	           	          	           	             	                                      	 0.18352   0.85145   0.14966  -1.18463  

  #69	104   	-5990.41302	Yes        	8        	0.227    	0.000    	 0.26800   0.21510   0.23560   0.28130	-0.70502   0.07836   0.43188   0.19478  
      	     	          	           	          	           	             	                                      	 0.09764  -1.32486   0.11506   1.11217  
      	     	          	           	          	           	             	                                      	 0.49127   0.10505  -0.79614   0.19982  
      	     	          	           	          	           	             	                                      	 0.18557   0.85044   0.16736  -1.20336  

  #70	104   	-5876.80655	Yes        	8        	0.227    	0.000    	 0.26800   0.21510   0.23560   0.28130	-0.85624   0.06850   0.59142   0.19632  
      	     	          	           	          	           	             	                                      	 0.08535  -1.19605   0.15109   0.95962  
      	     	          	           	          	           	             	                                      	 0.67276   0.13794  -0.94488   0.13418  
      	     	          	           	          	           	             	                                      	 0.18704   0.73379   0.11238  -1.03321  

  #71	104   	-6331.30119	Yes        	8        	0.227    	0.000    	 0.26800   0.21510   0.23560   0.28130	-0.80137   0.09639   0.45242   0.25256  
      	     	          	           	          	           	             	                                      	 0.12010  -1.19673   0.13242   0.94422  
      	     	          	           	          	           	             	                                      	 0.51463   0.12089  -0.86324   0.22772  
      	     	          	           	          	           	             	                                      	 0.24062   0.72201   0.19072  -1.15335  

  #72	104   	-5882.47673	Yes        	8        	0.227    	0.000    	 0.26800   0.21510   0.23560   0.28130	-0.78039   0.06508   0.50892   0.20639  
      	     	          	           	          	           	             	                                      	 0.08109  -1.25420   0.12136   1.05176  
      	     	          	           	          	           	             	                                      	 0.57891   0.11080  -0.85320   0.16349  
      	     	          	           	          	           	             	                                      	 0.19663   0.80424   0.13693  -1.13780  

  #73	104   	-5759.74557	Yes        	8        	0.227    	0.000    	 0.26800   0.21510   0.23560   0.28130	-0.89653   0.11779   0.49241   0.28633  
      	     	          	           	          	           	             	                                      	 0.14676  -1.21093   0.16839   0.89578  
      	     	          	           	          	           	             	                                      	 0.56013   0.15373  -0.84471   0.13085  
      	     	          	           	          	           	             	                                      	 0.27279   0.68497   0.10959  -1.06735  

  #74	104   	-5937.04057	Yes        	8        	0.227    	0.000    	 0.26800   0.21510   0.23560   0.28130	-0.75135   0.10356   0.47034   0.17744  
      	     	          	           	          	           	             	                                      	 0.12903  -1.34278   0.12061   1.09314  
      	     	          	           	          	           	             	                                      	 0.53502   0.11011  -0.80457   0.15943  
      	     	          	           	          	           	             	                                      	 0.16905   0.83589   0.13353  -1.13847  

  #75	104   	-5721.56239	Yes        	8        	0.227    	0.000    	 0.26800   0.21510   0.23560   0.28130	-0.80376   0.11520   0.47350   0.21506  
      	     	          	           	          	           	             	                                      	 0.14353  -1.23947   0.12919   0.96675  
      	     	          	           	          	           	             	                                      	 0.53862   0.11795  -0.86392   0.20736  
      	     	          	           	          	           	             	                                      	 0.20490   0.73924   0.17367  -1.11781  

  #76	104   	-5862.02840	Yes        	8        	0.227    	0.000    	 0.26800   0.21510   0.23560   0.28130	-0.82827   0.08517   0.52400   0.21910  
      	     	          	           	          	           	             	                                      	 0.10611  -1.22142   0.09223   1.02308  
      	     	          	           	          	           	             	                                      	 0.59606   0.08420  -0.84207   0.16180  
      	     	          	           	          	           	             	                                      	 0.20874   0.78231   0.13552  -1.12657  

  #77	104   	-6076.96086	Yes        	8        	0.227    	0.000    	 0.26800   0.21510   0.23560   0.28130	-0.85963   0.10534   0.53131   0.22298  
      	     	          	           	          	           	             	                                      	 0.13125  -1.19429   0.12263   0.94041  
      	     	          	           	          	           	             	                                      	 0.60438   0.11196  -0.89018   0.17384  
      	     	          	           	          	           	             	                                      	 0.21244   0.71910   0.14560  -1.07714  

  #78	104   	-5685.56812	Yes        	8        	0.227    	0.000    	 0.26800   0.21510   0.23560   0.28130	-0.95200   0.07655   0.64836   0.22710  
      	     	          	           	          	           	             	                                      	 0.09537  -1.06887   0.12805   0.84545  
      	     	          	           	          	           	             	                                      	 0.73752   0.11691  -1.00496   0.15053  
      	     	          	           	          	           	             	                                      	 0.21636   0.64648   0.12607  -0.98892  

  #79	104   	-6122.26161	Yes        	8        	0.227    	0.000    	 0.26800   0.21510   0.23560   0.28130	-0.70700   0.08675   0.43002   0.19024  
      	     	          	           	          	           	             	                                      	 0.10808  -1.40511   0.14824   1.14879  
      	     	          	           	          	           	             	                                      	 0.48916   0.13534  -0.75833   0.13384  
      	     	          	           	          	           	             	                                      	 0.18124   0.87844   0.11209  -1.17178  

  #80	104   	-5863.41449	Yes        	8        	0.227    	0.000    	 0.26800   0.21510   0.23560   0.28130	-0.78149   0.08724   0.49356   0.20070  
      	     	          	           	          	           	             	                                      	 0.10869  -1.24239   0.12108   1.01262  
      	     	          	           	          	           	             	                                      	 0.56143   0.11054  -0.87020   0.19823  
      	     	          	           	          	           	             	                                      	 0.19121   0.77431   0.16602  -1.13155  

  #81	104   	-5873.47668	Yes        	8        	0.227    	0.000    	 0.26800   0.21510   0.23560   0.28130	-0.82663   0.11698   0.52326   0.18639  
      	     	          	           	          	           	             	                                      	 0.14575  -1.18215   0.09494   0.94147  
      	     	          	           	          	           	             	                                      	 0.59522   0.08668  -0.91760   0.23571  
      	     	          	           	          	           	             	                                      	 0.17758   0.71991   0.19742  -1.09490  

  #82	104   	-6067.35498	Yes        	8        	0.227    	0.000    	 0.26800   0.21510   0.23560   0.28130	-0.87713   0.10748   0.55139   0.21825  
      	     	          	           	          	           	             	                                      	 0.13391  -1.23733   0.10715   0.99627  
      	     	          	           	          	           	             	                                      	 0.62722   0.09782  -0.84213   0.11708  
      	     	          	           	          	           	             	                                      	 0.20793   0.76181   0.09806  -1.06781  

  #83	104   	-5927.41482	Yes        	8        	0.227    	0.000    	 0.26800   0.21510   0.23560   0.28130	-0.80520   0.10029   0.49153   0.21338  
      	     	          	           	          	           	             	                                      	 0.12495  -1.25519   0.07303   1.05721  
      	     	          	           	          	           	             	                                      	 0.55913   0.06667  -0.80022   0.17442  
      	     	          	           	          	           	             	                                      	 0.20329   0.80841   0.14608  -1.15778  

  #84	104   	-6005.35444	Yes        	8        	0.227    	0.000    	 0.26800   0.21510   0.23560   0.28130	-0.84156   0.12082   0.50369   0.21705  
      	     	          	           	          	           	             	                                      	 0.15053  -1.28588   0.15168   0.98366  
      	     	          	           	          	           	             	                                      	 0.57296   0.13848  -0.83983   0.12839  
      	     	          	           	          	           	             	                                      	 0.20679   0.75217   0.10753  -1.06649  

  #85	104   	-5685.74047	Yes        	8        	0.227    	0.000    	 0.26800   0.21510   0.23560   0.28130	-0.86278   0.10461   0.51677   0.24141  
      	     	          	           	          	           	             	                                      	 0.13033  -1.27149   0.20863   0.93253  
      	     	          	           	          	           	             	                                      	 0.58783   0.19048  -0.87725   0.09894  
      	     	          	           	          	           	             	                                      	 0.23000   0.71307   0.08287  -1.02594  

  #86	104   	-5900.49021	Yes        	8        	0.227    	0.000    	 0.26800   0.21510   0.23560   0.28130	-0.79344   0.08677   0.49671   0.20996  
      	     	          	           	          	           	             	                                      	 0.10811  -1.20947   0.12582   0.97555  
      	     	          	           	          	           	             	                                      	 0.56502   0.11487  -0.89405   0.21415  
      	     	          	           	          	           	             	                                      	 0.20003   0.74596   0.17936  -1.12536  

  #87	104   	-5895.96930	Yes        	8        	0.227    	0.000    	 0.26800   0.21510   0.23560   0.28130	-0.69882   0.11164   0.45134   0.13584  
      	     	          	           	          	           	             	                                      	 0.13910  -1.43050   0.14024   1.15115  
      	     	          	           	          	           	             	                                      	 0.51341   0.12804  -0.78973   0.14829  
      	     	          	           	          	           	             	                                      	 0.12942   0.88025   0.12420  -1.13386  

  #88	104   	-5738.37270	Yes        	8        	0.227    	0.000    	 0.26800   0.21510   0.23560   0.28130	-0.79782   0.08591   0.52372   0.18819  
      	     	          	           	          	           	             	                                      	 0.10703  -1.28080   0.09970   1.07407  
      	     	          	           	          	           	             	                                      	 0.59575   0.09102  -0.82984   0.14307  
      	     	          	           	          	           	             	                                      	 0.17929   0.82130   0.11983  -1.12042  

  #89	104   	-5884.05560	Yes        	8        	0.227    	0.000    	 0.26800   0.21510   0.23560   0.28130	-0.81465   0.11969   0.49586   0.19910  
      	     	          	           	          	           	             	                                      	 0.14912  -1.26086   0.12730   0.98444  
      	     	          	           	          	           	             	                                      	 0.56405   0.11622  -0.86083   0.18056  
      	     	          	           	          	           	             	                                      	 0.18969   0.75277   0.15123  -1.09368  

  #90	104   	-5692.06911	Yes        	8        	0.227    	0.000    	 0.26800   0.21510   0.23560   0.28130	-0.76109   0.09993   0.46454   0.19662  
      	     	          	           	          	           	             	                                      	 0.12450  -1.29634   0.16255   1.00929  
      	     	          	           	          	           	             	                                      	 0.52842   0.14841  -0.86344   0.18661  
      	     	          	           	          	           	             	                                      	 0.18732   0.77177   0.15630  -1.11539  

  #91	104   	-5562.45306	Yes        	8        	0.227    	0.000    	 0.26800   0.21510   0.23560   0.28130	-0.75718   0.10588   0.48234   0.16896  
      	     	          	           	          	           	             	                                      	 0.13192  -1.33526   0.12861   1.07473  
      	     	          	           	          	           	             	                                      	 0.54867   0.11742  -0.82839   0.16230  
      	     	          	           	          	           	             	                                      	 0.16097   0.82181   0.13593  -1.11871  

  #92	104   	-6289.93797	Yes        	8        	0.227    	0.000    	 0.26800   0.21510   0.23560   0.28130	-0.77920   0.08467   0.46219   0.23235  
      	     	          	           	          	           	             	                                      	 0.10549  -1.26116   0.14148   1.01419  
      	     	          	           	          	           	             	                                      	 0.52575   0.12917  -0.83569   0.18077  
      	     	          	           	          	           	             	                                      	 0.22136   0.77551   0.15140  -1.14828  

  #93	104   	-6057.63723	Yes        	8        	0.227    	0.000    	 0.26800   0.21510   0.23560   0.28130	-0.80256   0.06929   0.56116   0.17211  
      	     	          	           	          	           	             	                                      	 0.08633  -1.16179   0.10483   0.97063  
      	     	          	           	          	           	             	                                      	 0.63833   0.09571  -0.96147   0.22743  
      	     	          	           	          	           	             	                                      	 0.16397   0.74220   0.19048  -1.09666  

  #94	104   	-6027.66099	Yes        	8        	0.227    	0.000    	 0.26800   0.21510   0.23560   0.28130	-0.67631   0.09055   0.37890   0.20686  
      	     	          	           	          	           	             	                                      	 0.11282  -1.40125   0.12039   1.16803  
      	     	          	           	          	           	             	                                      	 0.43101   0.10992  -0.71753   0.17661  
      	     	          	           	          	           	             	                                      	 0.19708   0.89315   0.14792  -1.23815  

  #95	104   	-5858.68022	Yes        	8        	0.227    	0.000    	 0.26800   0.21510   0.23560   0.28130	-0.86991   0.10466   0.55392   0.21134  
      	     	          	           	          	           	             	                                      	 0.13039  -1.22735   0.12044   0.97652  
      	     	          	           	          	           	             	                                      	 0.63009   0.10996  -0.87124   0.13119  
      	     	          	           	          	           	             	                                      	 0.20134   0.74671   0.10988  -1.05793  

  #96	104   	-5595.79667	Yes        	8        	0.227    	0.000    	 0.26800   0.21510   0.23560   0.28130	-0.89554   0.13574   0.55578   0.20402  
      	     	          	           	          	           	             	                                      	 0.16912  -1.11573   0.07573   0.87088  
      	     	          	           	          	           	             	                                      	 0.63221   0.06914  -0.94066   0.23931  
      	     	          	           	          	           	             	                                      	 0.19437   0.66593   0.20043  -1.06073  

  #97	104   	-5883.31482	Yes        	8        	0.227    	0.000    	 0.26800   0.21510   0.23560   0.28130	-0.88577   0.12307   0.55292   0.20978  
      	     	          	           	          	           	             	                                      	 0.15334  -1.18666   0.13449   0.89883  
      	     	          	           	          	           	             	                                      	 0.62896   0.12279  -0.92300   0.17125  
      	     	          	           	          	           	             	                                      	 0.19986   0.68730   0.14343  -1.03059  

  #98	104   	-5908.53186	Yes        	8        	0.227    	0.000    	 0.26800   0.21510   0.23560   0.28130	-0.81161   0.09988   0.47911   0.23262  
      	     	          	           	          	           	             	                                      	 0.12445  -1.20893   0.11149   0.97300  
      	     	          	           	          	           	             	                                      	 0.54500   0.10179  -0.85568   0.20890  
      	     	          	           	          	           	             	                                      	 0.22162   0.74402   0.17496  -1.14060  

  #99	104   	-5857.51003	Yes        	8        	0.227    	0.000    	 0.26800   0.21510   0.23560   0.28130	-0.81648   0.05535   0.50225   0.25888  
      	     	          	           	          	           	             	                                      	 0.06896  -1.22453   0.11012   1.04545  
      	     	          	           	          	           	             	                                      	 0.57132   0.10054  -0.81032   0.13846  
      	     	          	           	          	           	             	                                      	 0.24664   0.79942   0.11597  -1.16202  

  #100	104   	-6250.96984	Yes        	8        	0.227    	0.000    	 0.26800   0.21510   0.23560   0.28130	-0.88331   0.11715   0.46917   0.29700  
      	     	          	           	          	           	             	                                      	 0.14596  -1.15577   0.10944   0.90038  
      	     	          	           	          	           	             	                                      	 0.53369   0.09992  -0.82911   0.19550  
      	     	          	           	          	           	             	                                      	 0.28296   0.68849   0.16374  -1.13519  

