. Sequence file : [Muscle_ACT1_Complete_sequence_for_phylogeny.fasta.alter.phy]

. Model of nucleotides substitution : Custom

. Initial tree : [BioNJ]


. Data	Nb of 	Likelihood	Discrete   	Number of 	Gamma shape	Proportion of	Nucleotides frequencies               	Instantaneous rate matrix              	
  set	taxa	loglk     	gamma model	categories	parameter  	invariant    	f(A)      f(C)      f(G)      f(T)    	[A---------C---------G---------T------]	

  #1	20   	-3312.85826	Yes        	8        	3031.789    	0.622    	 0.28040   0.21190   0.23560   0.27210	-0.64665   0.07729   0.44198   0.12738  
      	     	          	           	          	           	             	                                      	 0.10227  -1.41021   0.05050   1.25743  
      	     	          	           	          	           	             	                                      	 0.52603   0.04542  -0.74772   0.17627  
      	     	          	           	          	           	             	                                      	 0.13126   0.97924   0.15262  -1.26312  

  #2	20   	-3233.94901	Yes        	8        	2727.831    	0.622    	 0.28040   0.21190   0.23560   0.27210	-0.75199   0.08814   0.51206   0.15179  
      	     	          	           	          	           	             	                                      	 0.11663  -1.26150   0.14697   0.99790  
      	     	          	           	          	           	             	                                      	 0.60943   0.13219  -0.93917   0.19756  
      	     	          	           	          	           	             	                                      	 0.15642   0.77712   0.17106  -1.10460  

  #3	20   	-3295.49470	Yes        	8        	698.311    	0.622    	 0.28040   0.21190   0.23560   0.27210	-0.75729   0.05392   0.57904   0.12433  
      	     	          	           	          	           	             	                                      	 0.07135  -1.09498   0.07096   0.95267  
      	     	          	           	          	           	             	                                      	 0.68915   0.06382  -1.05326   0.30029  
      	     	          	           	          	           	             	                                      	 0.12812   0.74190   0.26000  -1.13003  

  #4	20   	-3294.61299	Yes        	8        	5009.691    	0.622    	 0.28040   0.21190   0.23560   0.27210	-0.77274   0.08317   0.54226   0.14731  
      	     	          	           	          	           	             	                                      	 0.11005  -1.13241   0.09089   0.93148  
      	     	          	           	          	           	             	                                      	 0.64537   0.08174  -1.01016   0.28305  
      	     	          	           	          	           	             	                                      	 0.15180   0.72539   0.24508  -1.12228  

  #5	20   	-3236.40082	Yes        	8        	2728.641    	0.622    	 0.28040   0.21190   0.23560   0.27210	-0.78371   0.13237   0.49784   0.15350  
      	     	          	           	          	           	             	                                      	 0.17516  -1.23674   0.06407   0.99751  
      	     	          	           	          	           	             	                                      	 0.59251   0.05762  -0.88485   0.23472  
      	     	          	           	          	           	             	                                      	 0.15818   0.77682   0.20324  -1.13823  

  #6	20   	-3269.09681	Yes        	8        	10.411    	0.622    	 0.28040   0.21190   0.23560   0.27210	-0.78668   0.06759   0.55302   0.16607  
      	     	          	           	          	           	             	                                      	 0.08943  -1.12389   0.12733   0.90712  
      	     	          	           	          	           	             	                                      	 0.65818   0.11452  -1.02829   0.25558  
      	     	          	           	          	           	             	                                      	 0.17113   0.70643   0.22130  -1.09886  

  #7	20   	-3130.99987	Yes        	8        	3.941    	0.622    	 0.28040   0.21190   0.23560   0.27210	-0.65122   0.05830   0.53471   0.05821  
      	     	          	           	          	           	             	                                      	 0.07715  -1.20156   0.05364   1.07077  
      	     	          	           	          	           	             	                                      	 0.63639   0.04824  -1.02052   0.33589  
      	     	          	           	          	           	             	                                      	 0.05998   0.83387   0.29083  -1.18469  

  #8	20   	-3360.42418	Yes        	8        	2727.295    	0.622    	 0.28040   0.21190   0.23560   0.27210	-0.77659   0.12414   0.51611   0.13634  
      	     	          	           	          	           	             	                                      	 0.16427  -1.21687   0.06119   0.99142  
      	     	          	           	          	           	             	                                      	 0.61426   0.05503  -0.92055   0.25126  
      	     	          	           	          	           	             	                                      	 0.14050   0.77207   0.21756  -1.13013  

  #9	20   	-3266.12162	Yes        	8        	2.519    	0.622    	 0.28040   0.21190   0.23560   0.27210	-0.72858   0.07025   0.56386   0.09448  
      	     	          	           	          	           	             	                                      	 0.09296  -1.13797   0.05066   0.99435  
      	     	          	           	          	           	             	                                      	 0.67107   0.04557  -1.03186   0.31522  
      	     	          	           	          	           	             	                                      	 0.09736   0.77436   0.27294  -1.14466  

  #10	20   	-3207.42476	Yes        	8        	1263.451    	0.622    	 0.28040   0.21190   0.23560   0.27210	-0.63219   0.07632   0.44818   0.10769  
      	     	          	           	          	           	             	                                      	 0.10099  -1.26371   0.05173   1.11099  
      	     	          	           	          	           	             	                                      	 0.53340   0.04652  -0.90401   0.32409  
      	     	          	           	          	           	             	                                      	 0.11097   0.86519   0.28061  -1.25678  

  #11	20   	-3252.45926	Yes        	8        	370.275    	0.622    	 0.28040   0.21190   0.23560   0.27210	-0.72708   0.04132   0.52125   0.16451  
      	     	          	           	          	           	             	                                      	 0.05468  -1.18114   0.08581   1.04064  
      	     	          	           	          	           	             	                                      	 0.62037   0.07718  -0.94131   0.24376  
      	     	          	           	          	           	             	                                      	 0.16953   0.81041   0.21106  -1.19100  

  #12	20   	-3278.29647	Yes        	8        	6.712    	0.622    	 0.28040   0.21190   0.23560   0.27210	-0.81835   0.15981   0.48376   0.17478  
      	     	          	           	          	           	             	                                      	 0.21147  -1.23094   0.04300   0.97647  
      	     	          	           	          	           	             	                                      	 0.57575   0.03868  -0.84579   0.23136  
      	     	          	           	          	           	             	                                      	 0.18011   0.76044   0.20033  -1.14087  

  #13	20   	-3307.53656	Yes        	8        	17.845    	0.622    	 0.28040   0.21190   0.23560   0.27210	-0.63521   0.09345   0.43031   0.11144  
      	     	          	           	          	           	             	                                      	 0.12366  -1.38172   0.04076   1.21730  
      	     	          	           	          	           	             	                                      	 0.51214   0.03666  -0.78354   0.23474  
      	     	          	           	          	           	             	                                      	 0.11484   0.94798   0.20325  -1.26608  

  #14	20   	-3138.65902	Yes        	8        	371.854    	0.622    	 0.28040   0.21190   0.23560   0.27210	-0.90018   0.08625   0.67167   0.14226  
      	     	          	           	          	           	             	                                      	 0.11413  -1.10292   0.04315   0.94564  
      	     	          	           	          	           	             	                                      	 0.79938   0.03881  -0.99976   0.16156  
      	     	          	           	          	           	             	                                      	 0.14660   0.73643   0.13989  -1.02292  

  #15	20   	-3233.02687	Yes        	8        	2507.020    	0.622    	 0.28040   0.21190   0.23560   0.27210	-0.67213   0.05239   0.46658   0.15317  
      	     	          	           	          	           	             	                                      	 0.06932  -1.20229   0.07898   1.05398  
      	     	          	           	          	           	             	                                      	 0.55530   0.07103  -0.92964   0.30331  
      	     	          	           	          	           	             	                                      	 0.15784   0.82080   0.26262  -1.24126  

  #16	20   	-3373.59074	Yes        	8        	24.694    	0.622    	 0.28040   0.21190   0.23560   0.27210	-0.79550   0.05164   0.62526   0.11860  
      	     	          	           	          	           	             	                                      	 0.06833  -1.11120   0.02774   1.01513  
      	     	          	           	          	           	             	                                      	 0.74415   0.02495  -1.00662   0.23752  
      	     	          	           	          	           	             	                                      	 0.12222   0.79054   0.20566  -1.11842  

  #17	20   	-3337.33511	Yes        	8        	107.504    	0.622    	 0.28040   0.21190   0.23560   0.27210	-0.69194   0.06863   0.54648   0.07683  
      	     	          	           	          	           	             	                                      	 0.09082  -1.23545   0.04275   1.10188  
      	     	          	           	          	           	             	                                      	 0.65039   0.03845  -0.95808   0.26924  
      	     	          	           	          	           	             	                                      	 0.07918   0.85810   0.23312  -1.17039  

  #18	20   	-3229.67743	Yes        	8        	12.070    	0.622    	 0.28040   0.21190   0.23560   0.27210	-0.71530   0.07829   0.54152   0.09550  
      	     	          	           	          	           	             	                                      	 0.10359  -1.26979   0.04971   1.11649  
      	     	          	           	          	           	             	                                      	 0.64449   0.04471  -0.91124   0.22204  
      	     	          	           	          	           	             	                                      	 0.09841   0.86947   0.19225  -1.16014  

  #19	20   	-3179.94986	Yes        	8        	1363.849    	0.622    	 0.28040   0.21190   0.23560   0.27210	-0.70290   0.08539   0.49790   0.11961  
      	     	          	           	          	           	             	                                      	 0.11299  -1.30462   0.08504   1.10658  
      	     	          	           	          	           	             	                                      	 0.59257   0.07649  -0.88299   0.21393  
      	     	          	           	          	           	             	                                      	 0.12326   0.86176   0.18523  -1.17025  

  #20	20   	-3273.21362	Yes        	8        	1547.424    	0.622    	 0.28040   0.21190   0.23560   0.27210	-0.80813   0.15272   0.53714   0.11827  
      	     	          	           	          	           	             	                                      	 0.20210  -1.26752   0.08301   0.98241  
      	     	          	           	          	           	             	                                      	 0.63928   0.07466  -0.91613   0.20219  
      	     	          	           	          	           	             	                                      	 0.12188   0.76506   0.17507  -1.06200  

  #21	20   	-3205.27152	Yes        	8        	370.439    	0.622    	 0.28040   0.21190   0.23560   0.27210	-0.64364   0.04851   0.44614   0.14899  
      	     	          	           	          	           	             	                                      	 0.06420  -1.16594   0.04104   1.06070  
      	     	          	           	          	           	             	                                      	 0.53097   0.03691  -0.93319   0.36530  
      	     	          	           	          	           	             	                                      	 0.15353   0.82603   0.31630  -1.29586  

  #22	20   	-3203.23489	Yes        	8        	5.757    	0.622    	 0.28040   0.21190   0.23560   0.27210	-0.69408   0.04700   0.53133   0.11575  
      	     	          	           	          	           	             	                                      	 0.06220  -1.24477   0.04631   1.13626  
      	     	          	           	          	           	             	                                      	 0.63237   0.04166  -0.90659   0.23257  
      	     	          	           	          	           	             	                                      	 0.11928   0.88487   0.20137  -1.20552  

  #23	20   	-3240.30550	Yes        	8        	3.794    	0.622    	 0.28040   0.21190   0.23560   0.27210	-0.74225   0.01567   0.55011   0.17646  
      	     	          	           	          	           	             	                                      	 0.02074  -1.10240   0.08304   0.99862  
      	     	          	           	          	           	             	                                      	 0.65471   0.07469  -0.99541   0.26601  
      	     	          	           	          	           	             	                                      	 0.18184   0.77768   0.23033  -1.18985  

  #24	20   	-3224.08588	Yes        	8        	2507.961    	0.622    	 0.28040   0.21190   0.23560   0.27210	-0.75382   0.08281   0.54800   0.12301  
      	     	          	           	          	           	             	                                      	 0.10958  -1.25084   0.08486   1.05640  
      	     	          	           	          	           	             	                                      	 0.65221   0.07632  -0.92715   0.19862  
      	     	          	           	          	           	             	                                      	 0.12676   0.82268   0.17198  -1.12142  

  #25	20   	-3328.79773	Yes        	8        	698.690    	0.622    	 0.28040   0.21190   0.23560   0.27210	-0.78737   0.03767   0.58094   0.16876  
      	     	          	           	          	           	             	                                      	 0.04985  -1.07493   0.06965   0.95543  
      	     	          	           	          	           	             	                                      	 0.69141   0.06264  -1.01723   0.26318  
      	     	          	           	          	           	             	                                      	 0.17391   0.74405   0.22788  -1.14584  

  #26	20   	-3288.93645	Yes        	8        	1375.362    	0.622    	 0.28040   0.21190   0.23560   0.27210	-0.81138   0.14297   0.57490   0.09351  
      	     	          	           	          	           	             	                                      	 0.18919  -1.25628   0.09689   0.97020  
      	     	          	           	          	           	             	                                      	 0.68422   0.08714  -0.96819   0.19683  
      	     	          	           	          	           	             	                                      	 0.09636   0.75555   0.17042  -1.02233  

  #27	20   	-3382.72259	Yes        	8        	425.137    	0.622    	 0.28040   0.21190   0.23560   0.27210	-0.72935   0.11645   0.47573   0.13718  
      	     	          	           	          	           	             	                                      	 0.15409  -1.35418   0.08516   1.11493  
      	     	          	           	          	           	             	                                      	 0.56619   0.07659  -0.81761   0.17483  
      	     	          	           	          	           	             	                                      	 0.14136   0.86826   0.15138  -1.16101  

  #28	20   	-3365.64833	Yes        	8        	2506.894    	0.622    	 0.28040   0.21190   0.23560   0.27210	-0.71214   0.07139   0.50539   0.13536  
      	     	          	           	          	           	             	                                      	 0.09447  -1.27229   0.06268   1.11514  
      	     	          	           	          	           	             	                                      	 0.60149   0.05637  -0.87321   0.21535  
      	     	          	           	          	           	             	                                      	 0.13949   0.86842   0.18646  -1.19437  

  #29	20   	-3241.08596	Yes        	8        	413.607    	0.622    	 0.28040   0.21190   0.23560   0.27210	-0.62293   0.07647   0.43446   0.11200  
      	     	          	           	          	           	             	                                      	 0.10119  -1.37286   0.07674   1.19494  
      	     	          	           	          	           	             	                                      	 0.51708   0.06902  -0.82321   0.23711  
      	     	          	           	          	           	             	                                      	 0.11541   0.93057   0.20530  -1.25128  

  #30	20   	-3323.46320	Yes        	8        	393.357    	0.622    	 0.28040   0.21190   0.23560   0.27210	-0.72308   0.05658   0.54424   0.12227  
      	     	          	           	          	           	             	                                      	 0.07487  -1.28942   0.10890   1.10565  
      	     	          	           	          	           	             	                                      	 0.64772   0.09795  -0.91496   0.16929  
      	     	          	           	          	           	             	                                      	 0.12600   0.86103   0.14658  -1.13361  

  #31	20   	-3289.95232	Yes        	8        	2751.179    	0.622    	 0.28040   0.21190   0.23560   0.27210	-0.86406   0.09285   0.54674   0.22447  
      	     	          	           	          	           	             	                                      	 0.12287  -1.14147   0.08396   0.93464  
      	     	          	           	          	           	             	                                      	 0.65071   0.07551  -0.90396   0.17774  
      	     	          	           	          	           	             	                                      	 0.23131   0.72786   0.15390  -1.11307  

  #32	20   	-3179.23239	Yes        	8        	1302.877    	0.622    	 0.28040   0.21190   0.23560   0.27210	-0.75728   0.07893   0.63255   0.04580  
      	     	          	           	          	           	             	                                      	 0.10445  -1.21994   0.06203   1.05346  
      	     	          	           	          	           	             	                                      	 0.75283   0.05579  -1.02630   0.21768  
      	     	          	           	          	           	             	                                      	 0.04720   0.82039   0.18848  -1.05607  

  #33	20   	-3202.70871	Yes        	8        	4.116    	0.622    	 0.28040   0.21190   0.23560   0.27210	-0.68215   0.05474   0.42418   0.20323  
      	     	          	           	          	           	             	                                      	 0.07243  -1.25211   0.01495   1.16473  
      	     	          	           	          	           	             	                                      	 0.50484   0.01344  -0.76766   0.24937  
      	     	          	           	          	           	             	                                      	 0.20943   0.90705   0.21592  -1.33239  

  #34	20   	-3304.02101	Yes        	8        	2508.549    	0.622    	 0.28040   0.21190   0.23560   0.27210	-0.81057   0.07021   0.64016   0.10021  
      	     	          	           	          	           	             	                                      	 0.09290  -1.23632   0.11341   1.03002  
      	     	          	           	          	           	             	                                      	 0.76188   0.10200  -0.99302   0.12914  
      	     	          	           	          	           	             	                                      	 0.10327   0.80213   0.11181  -1.01721  

  #35	20   	-3212.93144	Yes        	8        	3.961    	0.622    	 0.28040   0.21190   0.23560   0.27210	-0.74928   0.06786   0.47622   0.20519  
      	     	          	           	          	           	             	                                      	 0.08980  -1.20795   0.00860   1.10955  
      	     	          	           	          	           	             	                                      	 0.56678   0.00773  -0.79933   0.22482  
      	     	          	           	          	           	             	                                      	 0.21145   0.86407   0.19466  -1.27018  

  #36	20   	-3306.02403	Yes        	8        	4.182    	0.622    	 0.28040   0.21190   0.23560   0.27210	-0.89389   0.08611   0.65058   0.15720  
      	     	          	           	          	           	             	                                      	 0.11394  -1.08331   0.03328   0.93609  
      	     	          	           	          	           	             	                                      	 0.77429   0.02993  -0.99074   0.18651  
      	     	          	           	          	           	             	                                      	 0.16200   0.72899   0.16149  -1.05248  

  #37	20   	-3254.88689	Yes        	8        	2750.053    	0.622    	 0.28040   0.21190   0.23560   0.27210	-0.74695   0.13425   0.48175   0.13095  
      	     	          	           	          	           	             	                                      	 0.17764  -1.27394   0.12646   0.96983  
      	     	          	           	          	           	             	                                      	 0.57336   0.11374  -0.93435   0.24725  
      	     	          	           	          	           	             	                                      	 0.13494   0.75526   0.21408  -1.10429  

  #38	20   	-3244.60653	Yes        	8        	12.733    	0.622    	 0.28040   0.21190   0.23560   0.27210	-0.82645   0.11380   0.58307   0.12958  
      	     	          	           	          	           	             	                                      	 0.15059  -1.10759   0.06556   0.89144  
      	     	          	           	          	           	             	                                      	 0.69395   0.05896  -1.03081   0.27791  
      	     	          	           	          	           	             	                                      	 0.13353   0.69422   0.24063  -1.06838  

  #39	20   	-3261.96812	Yes        	8        	6.438    	0.622    	 0.28040   0.21190   0.23560   0.27210	-0.76190   0.07428   0.52657   0.16104  
      	     	          	           	          	           	             	                                      	 0.09830  -1.16237   0.05547   1.00861  
      	     	          	           	          	           	             	                                      	 0.62670   0.04989  -0.93502   0.25842  
      	     	          	           	          	           	             	                                      	 0.16596   0.78546   0.22376  -1.17517  

  #40	20   	-3112.59813	Yes        	8        	2745.556    	0.622    	 0.28040   0.21190   0.23560   0.27210	-0.78640   0.12884   0.60674   0.05082  
      	     	          	           	          	           	             	                                      	 0.17049  -1.30619   0.09152   1.04418  
      	     	          	           	          	           	             	                                      	 0.72212   0.08231  -0.96928   0.16485  
      	     	          	           	          	           	             	                                      	 0.05237   0.81317   0.14273  -1.00827  

  #41	20   	-3211.31451	Yes        	8        	1393.569    	0.622    	 0.28040   0.21190   0.23560   0.27210	-0.79493   0.10250   0.60182   0.09062  
      	     	          	           	          	           	             	                                      	 0.13563  -1.13210   0.07887   0.91760  
      	     	          	           	          	           	             	                                      	 0.71625   0.07094  -1.06711   0.27992  
      	     	          	           	          	           	             	                                      	 0.09338   0.71459   0.24237  -1.05034  

  #42	20   	-3184.11747	Yes        	8        	1548.625    	0.622    	 0.28040   0.21190   0.23560   0.27210	-0.77191   0.10569   0.56623   0.09999  
      	     	          	           	          	           	             	                                      	 0.13986  -1.21155   0.13716   0.93453  
      	     	          	           	          	           	             	                                      	 0.67390   0.12336  -1.03693   0.23967  
      	     	          	           	          	           	             	                                      	 0.10304   0.72777   0.20752  -1.03833  

  #43	20   	-3299.32881	Yes        	8        	15.769    	0.622    	 0.28040   0.21190   0.23560   0.27210	-0.77179   0.10241   0.52306   0.14631  
      	     	          	           	          	           	             	                                      	 0.13552  -1.24844   0.09697   1.01595  
      	     	          	           	          	           	             	                                      	 0.62252   0.08721  -0.91247   0.20273  
      	     	          	           	          	           	             	                                      	 0.15078   0.79118   0.17553  -1.11749  

  #44	20   	-3342.66038	Yes        	8        	715.271    	0.622    	 0.28040   0.21190   0.23560   0.27210	-0.72692   0.07169   0.54486   0.11036  
      	     	          	           	          	           	             	                                      	 0.09487  -1.22284   0.10559   1.02237  
      	     	          	           	          	           	             	                                      	 0.64847   0.09497  -0.98604   0.24260  
      	     	          	           	          	           	             	                                      	 0.11373   0.79618   0.21005  -1.11996  

  #45	20   	-3163.46454	Yes        	8        	3.156    	0.622    	 0.28040   0.21190   0.23560   0.27210	-0.74342   0.07234   0.58197   0.08911  
      	     	          	           	          	           	             	                                      	 0.09572  -1.21879   0.05275   1.07032  
      	     	          	           	          	           	             	                                      	 0.69263   0.04744  -0.96744   0.22737  
      	     	          	           	          	           	             	                                      	 0.09183   0.83352   0.19687  -1.12222  

  #46	20   	-3261.89921	Yes        	8        	2507.500    	0.622    	 0.28040   0.21190   0.23560   0.27210	-0.76263   0.06835   0.47898   0.21530  
      	     	          	           	          	           	             	                                      	 0.09044  -1.11804   0.08027   0.94732  
      	     	          	           	          	           	             	                                      	 0.57006   0.07220  -0.93263   0.29038  
      	     	          	           	          	           	             	                                      	 0.22187   0.73773   0.25142  -1.21102  

  #47	20   	-3275.15168	Yes        	8        	12.615    	0.622    	 0.28040   0.21190   0.23560   0.27210	-0.68004   0.07736   0.48884   0.11384  
      	     	          	           	          	           	             	                                      	 0.10236  -1.20204   0.03628   1.06339  
      	     	          	           	          	           	             	                                      	 0.58180   0.03263  -0.93827   0.32384  
      	     	          	           	          	           	             	                                      	 0.11731   0.82813   0.28040  -1.22584  

  #48	20   	-3243.80610	Yes        	8        	699.070    	0.622    	 0.28040   0.21190   0.23560   0.27210	-0.87253   0.06938   0.66002   0.14313  
      	     	          	           	          	           	             	                                      	 0.09181  -1.10999   0.07088   0.94730  
      	     	          	           	          	           	             	                                      	 0.78553   0.06375  -1.01732   0.16804  
      	     	          	           	          	           	             	                                      	 0.14749   0.73772   0.14550  -1.03071  

  #49	20   	-3377.49867	Yes        	8        	1263.821    	0.622    	 0.28040   0.21190   0.23560   0.27210	-0.72424   0.05961   0.52909   0.13553  
      	     	          	           	          	           	             	                                      	 0.07888  -1.34437   0.15913   1.10636  
      	     	          	           	          	           	             	                                      	 0.62970   0.14313  -0.89492   0.12210  
      	     	          	           	          	           	             	                                      	 0.13967   0.86159   0.10572  -1.10697  

  #50	20   	-3115.83510	Yes        	8        	1376.842    	0.622    	 0.28040   0.21190   0.23560   0.27210	-0.78002   0.10443   0.57762   0.09797  
      	     	          	           	          	           	             	                                      	 0.13818  -1.22669   0.06139   1.02712  
      	     	          	           	          	           	             	                                      	 0.68746   0.05521  -0.95757   0.21490  
      	     	          	           	          	           	             	                                      	 0.10096   0.79987   0.18607  -1.08690  

  #51	20   	-3223.78046	Yes        	8        	1393.631    	0.622    	 0.28040   0.21190   0.23560   0.27210	-0.78995   0.07009   0.55346   0.16641  
      	     	          	           	          	           	             	                                      	 0.09275  -1.16665   0.08467   0.98924  
      	     	          	           	          	           	             	                                      	 0.65870   0.07615  -0.95105   0.21620  
      	     	          	           	          	           	             	                                      	 0.17148   0.77038   0.18720  -1.12906  

  #52	20   	-3307.26806	Yes        	8        	91.016    	0.622    	 0.28040   0.21190   0.23560   0.27210	-0.86866   0.06519   0.66357   0.13990  
      	     	          	           	          	           	             	                                      	 0.08627  -1.01994   0.05089   0.88278  
      	     	          	           	          	           	             	                                      	 0.78975   0.04577  -1.08417   0.24865  
      	     	          	           	          	           	             	                                      	 0.14417   0.68747   0.21530  -1.04694  

  #53	20   	-3215.62332	Yes        	8        	1380.641    	0.622    	 0.28040   0.21190   0.23560   0.27210	-0.66542   0.09994   0.50415   0.06133  
      	     	          	           	          	           	             	                                      	 0.13225  -1.40311   0.06225   1.20861  
      	     	          	           	          	           	             	                                      	 0.60002   0.05599  -0.84328   0.18726  
      	     	          	           	          	           	             	                                      	 0.06320   0.94122   0.16214  -1.16656  

  #54	20   	-3212.11265	Yes        	8        	12.612    	0.622    	 0.28040   0.21190   0.23560   0.27210	-0.72287   0.09615   0.54313   0.08359  
      	     	          	           	          	           	             	                                      	 0.12723  -1.25289   0.03330   1.09237  
      	     	          	           	          	           	             	                                      	 0.64640   0.02995  -0.92584   0.24949  
      	     	          	           	          	           	             	                                      	 0.08614   0.85069   0.21602  -1.15285  

  #55	20   	-3213.31239	Yes        	8        	699.929    	0.622    	 0.28040   0.21190   0.23560   0.27210	-0.83535   0.03528   0.62220   0.17787  
      	     	          	           	          	           	             	                                      	 0.04669  -1.10874   0.08000   0.98205  
      	     	          	           	          	           	             	                                      	 0.74051   0.07195  -0.98529   0.17283  
      	     	          	           	          	           	             	                                      	 0.18329   0.76478   0.14965  -1.09772  

  #56	20   	-3156.76870	Yes        	8        	1395.343    	0.622    	 0.28040   0.21190   0.23560   0.27210	-0.80263   0.07332   0.64289   0.08643  
      	     	          	           	          	           	             	                                      	 0.09702  -1.11006   0.06408   0.94896  
      	     	          	           	          	           	             	                                      	 0.76513   0.05764  -1.07863   0.25586  
      	     	          	           	          	           	             	                                      	 0.08906   0.73901   0.22153  -1.04961  

  #57	20   	-3316.23080	Yes        	8        	692.936    	0.622    	 0.28040   0.21190   0.23560   0.27210	-0.73051   0.08256   0.54536   0.10259  
      	     	          	           	          	           	             	                                      	 0.10925  -1.21190   0.06111   1.04154  
      	     	          	           	          	           	             	                                      	 0.64906   0.05496  -0.96511   0.26109  
      	     	          	           	          	           	             	                                      	 0.10572   0.81111   0.22607  -1.14290  

  #58	20   	-3333.98063	Yes        	8        	5160.266    	0.622    	 0.28040   0.21190   0.23560   0.27210	-0.76130   0.10229   0.47235   0.18667  
      	     	          	           	          	           	             	                                      	 0.13536  -1.21584   0.07790   1.00258  
      	     	          	           	          	           	             	                                      	 0.56217   0.07006  -0.87661   0.24438  
      	     	          	           	          	           	             	                                      	 0.19236   0.78077   0.21160  -1.18473  

  #59	20   	-3202.20707	Yes        	8        	4.170    	0.622    	 0.28040   0.21190   0.23560   0.27210	-0.78836   0.13260   0.55862   0.09714  
      	     	          	           	          	           	             	                                      	 0.17546  -1.31602   0.13509   1.00546  
      	     	          	           	          	           	             	                                      	 0.66484   0.12150  -0.94449   0.15815  
      	     	          	           	          	           	             	                                      	 0.10010   0.78301   0.13694  -1.02005  

  #60	20   	-3403.23229	Yes        	8        	5488.275    	0.622    	 0.28040   0.21190   0.23560   0.27210	-0.66925   0.08800   0.45641   0.12484  
      	     	          	           	          	           	             	                                      	 0.11644  -1.27001   0.09948   1.05409  
      	     	          	           	          	           	             	                                      	 0.54320   0.08947  -0.92088   0.28821  
      	     	          	           	          	           	             	                                      	 0.12865   0.82088   0.24955  -1.19908  

  #61	20   	-3303.70115	Yes        	8        	700.687    	0.622    	 0.28040   0.21190   0.23560   0.27210	-0.78402   0.11170   0.52962   0.14270  
      	     	          	           	          	           	             	                                      	 0.14781  -1.21319   0.14367   0.92172  
      	     	          	           	          	           	             	                                      	 0.63033   0.12921  -0.99047   0.23093  
      	     	          	           	          	           	             	                                      	 0.14705   0.71780   0.19995  -1.06479  

  #62	20   	-3298.16084	Yes        	8        	1395.241    	0.622    	 0.28040   0.21190   0.23560   0.27210	-0.74581   0.10075   0.50717   0.13789  
      	     	          	           	          	           	             	                                      	 0.13332  -1.24941   0.07871   1.03738  
      	     	          	           	          	           	             	                                      	 0.60361   0.07079  -0.90520   0.23080  
      	     	          	           	          	           	             	                                      	 0.14209   0.80787   0.19984  -1.14980  

  #63	20   	-3196.34300	Yes        	8        	21.216    	0.622    	 0.28040   0.21190   0.23560   0.27210	-0.79371   0.07036   0.56708   0.15627  
      	     	          	           	          	           	             	                                      	 0.09311  -1.22822   0.14081   0.99431  
      	     	          	           	          	           	             	                                      	 0.67491   0.12664  -0.95823   0.15667  
      	     	          	           	          	           	             	                                      	 0.16104   0.77432   0.13566  -1.07102  

  #64	20   	-3308.85405	Yes        	8        	5009.691    	0.622    	 0.28040   0.21190   0.23560   0.27210	-0.76498   0.11180   0.52294   0.13025  
      	     	          	           	          	           	             	                                      	 0.14794  -1.23060   0.09146   0.99121  
      	     	          	           	          	           	             	                                      	 0.62237   0.08226  -0.94268   0.23805  
      	     	          	           	          	           	             	                                      	 0.13422   0.77191   0.20611  -1.11224  

  #65	20   	-3394.62628	Yes        	8        	7.117    	0.622    	 0.28040   0.21190   0.23560   0.27210	-0.77954   0.13381   0.50989   0.13584  
      	     	          	           	          	           	             	                                      	 0.17707  -1.30717   0.04774   1.08237  
      	     	          	           	          	           	             	                                      	 0.60684   0.04293  -0.82782   0.17804  
      	     	          	           	          	           	             	                                      	 0.13999   0.84290   0.15416  -1.13705  

  #66	20   	-3212.81145	Yes        	8        	1519.257    	0.622    	 0.28040   0.21190   0.23560   0.27210	-0.75551   0.11580   0.54731   0.09240  
      	     	          	           	          	           	             	                                      	 0.15324  -1.20563   0.05892   0.99347  
      	     	          	           	          	           	             	                                      	 0.65139   0.05299  -0.98091   0.27654  
      	     	          	           	          	           	             	                                      	 0.09521   0.77368   0.23944  -1.10833  

  #67	20   	-3197.63267	Yes        	8        	9.456    	0.622    	 0.28040   0.21190   0.23560   0.27210	-0.69206   0.11006   0.47195   0.11004  
      	     	          	           	          	           	             	                                      	 0.14564  -1.28369   0.04946   1.08860  
      	     	          	           	          	           	             	                                      	 0.56170   0.04449  -0.88120   0.27501  
      	     	          	           	          	           	             	                                      	 0.11340   0.84775   0.23812  -1.19928  

  #68	20   	-3194.60906	Yes        	8        	401.443    	0.622    	 0.28040   0.21190   0.23560   0.27210	-0.85453   0.07111   0.64978   0.13364  
      	     	          	           	          	           	             	                                      	 0.09410  -1.12132   0.06493   0.96229  
      	     	          	           	          	           	             	                                      	 0.77334   0.05840  -1.01307   0.18133  
      	     	          	           	          	           	             	                                      	 0.13772   0.74939   0.15701  -1.04411  

  #69	20   	-3320.52433	Yes        	8        	3.963    	0.622    	 0.28040   0.21190   0.23560   0.27210	-0.76804   0.03467   0.61112   0.12225  
      	     	          	           	          	           	             	                                      	 0.04587  -1.06487   0.02201   0.99698  
      	     	          	           	          	           	             	                                      	 0.72733   0.01980  -1.03880   0.29167  
      	     	          	           	          	           	             	                                      	 0.12598   0.77641   0.25255  -1.15493  

  #70	20   	-3333.47561	Yes        	8        	2508.332    	0.622    	 0.28040   0.21190   0.23560   0.27210	-0.76730   0.10153   0.55327   0.11250  
      	     	          	           	          	           	             	                                      	 0.13436  -1.19376   0.09278   0.96663  
      	     	          	           	          	           	             	                                      	 0.65847   0.08345  -0.99812   0.25620  
      	     	          	           	          	           	             	                                      	 0.11593   0.75277   0.22183  -1.09053  

  #71	20   	-3235.05169	Yes        	8        	7.124    	0.622    	 0.28040   0.21190   0.23560   0.27210	-0.71536   0.12107   0.46279   0.13150  
      	     	          	           	          	           	             	                                      	 0.16021  -1.35958   0.01041   1.18896  
      	     	          	           	          	           	             	                                      	 0.55079   0.00936  -0.75228   0.19213  
      	     	          	           	          	           	             	                                      	 0.13552   0.92591   0.16636  -1.22778  

  #72	20   	-3198.00801	Yes        	8        	115.671    	0.622    	 0.28040   0.21190   0.23560   0.27210	-0.83586   0.10998   0.60156   0.12431  
      	     	          	           	          	           	             	                                      	 0.14554  -1.11793   0.08471   0.88769  
      	     	          	           	          	           	             	                                      	 0.71595   0.07619  -1.04501   0.25286  
      	     	          	           	          	           	             	                                      	 0.12810   0.69129   0.21894  -1.03834  

  #73	20   	-3274.43250	Yes        	8        	7.869    	0.622    	 0.28040   0.21190   0.23560   0.27210	-0.75028   0.05415   0.54512   0.15101  
      	     	          	           	          	           	             	                                      	 0.07165  -1.15906   0.04005   1.04736  
      	     	          	           	          	           	             	                                      	 0.64878   0.03602  -0.93607   0.25128  
      	     	          	           	          	           	             	                                      	 0.15562   0.81564   0.21757  -1.18882  

  #74	20   	-3313.89663	Yes        	8        	424.747    	0.622    	 0.28040   0.21190   0.23560   0.27210	-0.76283   0.09051   0.53441   0.13792  
      	     	          	           	          	           	             	                                      	 0.11977  -1.14002   0.04659   0.97366  
      	     	          	           	          	           	             	                                      	 0.63603   0.04191  -0.97467   0.29673  
      	     	          	           	          	           	             	                                      	 0.14213   0.75824   0.25693  -1.15730  

  #75	20   	-3274.49288	Yes        	8        	2727.842    	0.622    	 0.28040   0.21190   0.23560   0.27210	-0.83209   0.08844   0.59959   0.14405  
      	     	          	           	          	           	             	                                      	 0.11703  -1.12114   0.04445   0.95966  
      	     	          	           	          	           	             	                                      	 0.71361   0.03998  -0.98241   0.22883  
      	     	          	           	          	           	             	                                      	 0.14845   0.74734   0.19813  -1.09392  

  #76	20   	-3338.79864	Yes        	8        	8.784    	0.622    	 0.28040   0.21190   0.23560   0.27210	-0.73298   0.08910   0.56619   0.07768  
      	     	          	           	          	           	             	                                      	 0.11791  -1.21726   0.05747   1.04188  
      	     	          	           	          	           	             	                                      	 0.67385   0.05169  -0.98667   0.26113  
      	     	          	           	          	           	             	                                      	 0.08005   0.81137   0.22610  -1.11752  

  #77	20   	-3292.39945	Yes        	8        	698.181    	0.622    	 0.28040   0.21190   0.23560   0.27210	-0.80681   0.09362   0.58330   0.12988  
      	     	          	           	          	           	             	                                      	 0.12389  -1.14649   0.09728   0.92531  
      	     	          	           	          	           	             	                                      	 0.69422   0.08750  -1.02401   0.24229  
      	     	          	           	          	           	             	                                      	 0.13384   0.72059   0.20979  -1.06422  

  #78	20   	-3363.14085	Yes        	8        	5496.832    	0.622    	 0.28040   0.21190   0.23560   0.27210	-0.67538   0.10660   0.50669   0.06209  
      	     	          	           	          	           	             	                                      	 0.14106  -1.21948   0.14515   0.93327  
      	     	          	           	          	           	             	                                      	 0.60304   0.13055  -1.08209   0.34850  
      	     	          	           	          	           	             	                                      	 0.06398   0.72679   0.30175  -1.09252  

  #79	20   	-3267.78290	Yes        	8        	2.657    	0.622    	 0.28040   0.21190   0.23560   0.27210	-0.75810   0.08786   0.55754   0.11270  
      	     	          	           	          	           	             	                                      	 0.11626  -1.10814   0.00871   0.98318  
      	     	          	           	          	           	             	                                      	 0.66356   0.00783  -0.99927   0.32788  
      	     	          	           	          	           	             	                                      	 0.11614   0.76566   0.28390  -1.16569  

  #80	20   	-3309.09173	Yes        	8        	7.045    	0.622    	 0.28040   0.21190   0.23560   0.27210	-0.78018   0.03921   0.55632   0.18465  
      	     	          	           	          	           	             	                                      	 0.05188  -1.14937   0.05369   1.04380  
      	     	          	           	          	           	             	                                      	 0.66210   0.04829  -0.91702   0.20662  
      	     	          	           	          	           	             	                                      	 0.19029   0.81286   0.17890  -1.18206  

  #81	20   	-3306.64690	Yes        	8        	9.259    	0.622    	 0.28040   0.21190   0.23560   0.27210	-0.79598   0.02877   0.52362   0.24358  
      	     	          	           	          	           	             	                                      	 0.03807  -1.06178   0.03229   0.99143  
      	     	          	           	          	           	             	                                      	 0.62319   0.02904  -0.90641   0.25418  
      	     	          	           	          	           	             	                                      	 0.25101   0.77208   0.22008  -1.24317  

  #82	20   	-3324.14215	Yes        	8        	2594.708    	0.622    	 0.28040   0.21190   0.23560   0.27210	-0.67253   0.08133   0.52617   0.06502  
      	     	          	           	          	           	             	                                      	 0.10763  -1.21401   0.05158   1.05480  
      	     	          	           	          	           	             	                                      	 0.62623   0.04639  -0.99937   0.32674  
      	     	          	           	          	           	             	                                      	 0.06700   0.82143   0.28291  -1.17135  

  #83	20   	-3251.24608	Yes        	8        	1550.539    	0.622    	 0.28040   0.21190   0.23560   0.27210	-0.91203   0.10382   0.73854   0.06966  
      	     	          	           	          	           	             	                                      	 0.13739  -0.99539   0.12489   0.73311  
      	     	          	           	          	           	             	                                      	 0.87898   0.11233  -1.25641   0.26510  
      	     	          	           	          	           	             	                                      	 0.07178   0.57091   0.22953  -0.87223  

  #84	20   	-3252.04380	Yes        	8        	6.405    	0.622    	 0.28040   0.21190   0.23560   0.27210	-0.69920   0.11263   0.53824   0.04833  
      	     	          	           	          	           	             	                                      	 0.14905  -1.23032   0.03076   1.05052  
      	     	          	           	          	           	             	                                      	 0.64058   0.02766  -0.98582   0.31758  
      	     	          	           	          	           	             	                                      	 0.04981   0.81810   0.27498  -1.14288  

  #85	20   	-3330.23185	Yes        	8        	3042.446    	0.622    	 0.28040   0.21190   0.23560   0.27210	-0.83718   0.07998   0.57379   0.18341  
      	     	          	           	          	           	             	                                      	 0.10584  -1.00663   0.05857   0.84223  
      	     	          	           	          	           	             	                                      	 0.68290   0.05268  -1.05126   0.31569  
      	     	          	           	          	           	             	                                      	 0.18901   0.65589   0.27334  -1.11824  

  #86	20   	-3332.48459	Yes        	8        	7.134    	0.622    	 0.28040   0.21190   0.23560   0.27210	-0.92361   0.09295   0.63891   0.19175  
      	     	          	           	          	           	             	                                      	 0.12300  -0.96581   0.03154   0.81127  
      	     	          	           	          	           	             	                                      	 0.76040   0.02837  -1.05374   0.26497  
      	     	          	           	          	           	             	                                      	 0.19760   0.63178   0.22943  -1.05881  

  #87	20   	-3228.02942	Yes        	8        	21.188    	0.622    	 0.28040   0.21190   0.23560   0.27210	-0.83986   0.05832   0.57093   0.21061  
      	     	          	           	          	           	             	                                      	 0.07718  -1.06038   0.07100   0.91221  
      	     	          	           	          	           	             	                                      	 0.67950   0.06385  -0.98173   0.23838  
      	     	          	           	          	           	             	                                      	 0.21703   0.71039   0.20640  -1.13382  

  #88	20   	-3291.25489	Yes        	8        	712.237    	0.622    	 0.28040   0.21190   0.23560   0.27210	-0.78771   0.12770   0.55455   0.10546  
      	     	          	           	          	           	             	                                      	 0.16898  -1.20081   0.04732   0.98451  
      	     	          	           	          	           	             	                                      	 0.66000   0.04256  -0.95927   0.25671  
      	     	          	           	          	           	             	                                      	 0.10868   0.76670   0.22227  -1.09765  

  #89	20   	-3161.84065	Yes        	8        	2728.555    	0.622    	 0.28040   0.21190   0.23560   0.27210	-0.85671   0.07482   0.62092   0.16097  
      	     	          	           	          	           	             	                                      	 0.09901  -1.05660   0.06293   0.89466  
      	     	          	           	          	           	             	                                      	 0.73899   0.05660  -1.03695   0.24137  
      	     	          	           	          	           	             	                                      	 0.16588   0.69672   0.20899  -1.07159  

  #90	20   	-3364.07741	Yes        	8        	1331.566    	0.622    	 0.28040   0.21190   0.23560   0.27210	-0.70473   0.07876   0.52627   0.09970  
      	     	          	           	          	           	             	                                      	 0.10422  -1.24155   0.05391   1.08342  
      	     	          	           	          	           	             	                                      	 0.62634   0.04848  -0.93541   0.26059  
      	     	          	           	          	           	             	                                      	 0.10274   0.84373   0.22563  -1.17210  

  #91	20   	-3140.40202	Yes        	8        	3.268    	0.622    	 0.28040   0.21190   0.23560   0.27210	-0.89321   0.04419   0.68359   0.16543  
      	     	          	           	          	           	             	                                      	 0.05847  -1.07401   0.08473   0.93081  
      	     	          	           	          	           	             	                                      	 0.81358   0.07620  -1.03558   0.14580  
      	     	          	           	          	           	             	                                      	 0.17048   0.72488   0.12624  -1.02160  

  #92	20   	-3294.31392	Yes        	8        	40.897    	0.622    	 0.28040   0.21190   0.23560   0.27210	-0.65975   0.06559   0.49488   0.09928  
      	     	          	           	          	           	             	                                      	 0.08679  -1.26985   0.04569   1.13737  
      	     	          	           	          	           	             	                                      	 0.58898   0.04109  -0.90306   0.27299  
      	     	          	           	          	           	             	                                      	 0.10231   0.88574   0.23637  -1.22442  

  #93	20   	-3207.87303	Yes        	8        	2749.836    	0.622    	 0.28040   0.21190   0.23560   0.27210	-0.83144   0.10814   0.58981   0.13349  
      	     	          	           	          	           	             	                                      	 0.14310  -1.16997   0.06148   0.96539  
      	     	          	           	          	           	             	                                      	 0.70196   0.05529  -0.96638   0.20913  
      	     	          	           	          	           	             	                                      	 0.13756   0.75181   0.18107  -1.07044  

  #94	20   	-3264.98644	Yes        	8        	29.509    	0.622    	 0.28040   0.21190   0.23560   0.27210	-0.60771   0.02377   0.46079   0.12314  
      	     	          	           	          	           	             	                                      	 0.03146  -1.40939   0.11681   1.26111  
      	     	          	           	          	           	             	                                      	 0.54841   0.10506  -0.81314   0.15966  
      	     	          	           	          	           	             	                                      	 0.12690   0.98210   0.13825  -1.24725  

  #95	20   	-3237.66034	Yes        	8        	1393.694    	0.622    	 0.28040   0.21190   0.23560   0.27210	-0.76178   0.09053   0.57274   0.09851  
      	     	          	           	          	           	             	                                      	 0.11980  -1.21224   0.11589   0.97654  
      	     	          	           	          	           	             	                                      	 0.68165   0.10423  -1.01894   0.23306  
      	     	          	           	          	           	             	                                      	 0.10151   0.76049   0.20180  -1.06380  

  #96	20   	-3289.31619	Yes        	8        	34.696    	0.622    	 0.28040   0.21190   0.23560   0.27210	-0.82748   0.12140   0.60188   0.10420  
      	     	          	           	          	           	             	                                      	 0.16065  -1.18099   0.08155   0.93879  
      	     	          	           	          	           	             	                                      	 0.71633   0.07335  -1.00938   0.21971  
      	     	          	           	          	           	             	                                      	 0.10738   0.73109   0.19024  -1.02871  

  #97	20   	-3207.23692	Yes        	8        	700.845    	0.622    	 0.28040   0.21190   0.23560   0.27210	-0.87209   0.13479   0.62325   0.11405  
      	     	          	           	          	           	             	                                      	 0.17836  -1.12160   0.01394   0.92930  
      	     	          	           	          	           	             	                                      	 0.74176   0.01254  -0.99026   0.23597  
      	     	          	           	          	           	             	                                      	 0.11753   0.72370   0.20431  -1.04554  

  #98	20   	-3291.17265	Yes        	8        	3041.312    	0.622    	 0.28040   0.21190   0.23560   0.27210	-0.79243   0.08045   0.52025   0.19173  
      	     	          	           	          	           	             	                                      	 0.10646  -1.15745   0.05912   0.99187  
      	     	          	           	          	           	             	                                      	 0.61918   0.05317  -0.90621   0.23386  
      	     	          	           	          	           	             	                                      	 0.19758   0.77243   0.20249  -1.17249  

  #99	20   	-3309.27422	Yes        	8        	1395.177    	0.622    	 0.28040   0.21190   0.23560   0.27210	-0.77796   0.04037   0.55041   0.18718  
      	     	          	           	          	           	             	                                      	 0.05342  -1.12369   0.04248   1.02780  
      	     	          	           	          	           	             	                                      	 0.65507   0.03820  -0.92702   0.23374  
      	     	          	           	          	           	             	                                      	 0.19288   0.80040   0.20239  -1.19568  

  #100	20   	-3209.73505	Yes        	8        	2726.788    	0.622    	 0.28040   0.21190   0.23560   0.27210	-0.63553   0.06566   0.49887   0.07101  
      	     	          	           	          	           	             	                                      	 0.08688  -1.33296   0.07806   1.16803  
      	     	          	           	          	           	             	                                      	 0.59373   0.07020  -0.90906   0.24512  
      	     	          	           	          	           	             	                                      	 0.07317   0.90961   0.21224  -1.19502  

