##FastQC	0.8.0
>>Basic Statistics	pass
#Measure	Value	
Filename	8_140619_BC47HDACXX_P1260_1012_1.fastq.gz	
File type	Conventional base calls	
Total Sequences	3224847	
Sequence length	101	
%GC	37	
>>END_MODULE
>>Per base sequence quality	pass
#Base	Mean	Median	Lower Quartile	Upper Quartile	10th Percentile	90th Percentile
1	32.74761128202361	33.0	33.0	33.0	33.0	33.0
2	32.79964320787932	33.0	33.0	33.0	33.0	33.0
3	32.79587682764485	33.0	33.0	33.0	33.0	33.0
4	36.756754661538984	37.0	37.0	37.0	37.0	37.0
5	36.67435912463444	37.0	37.0	37.0	37.0	37.0
6	36.65378574549428	37.0	37.0	37.0	37.0	37.0
7	36.62437938916172	37.0	37.0	37.0	37.0	37.0
8	36.615020805638224	37.0	37.0	37.0	37.0	37.0
9	36.58097795027175	37.0	37.0	37.0	37.0	37.0
10	36.58688551735943	37.0	37.0	37.0	37.0	37.0
11	36.61040880389054	37.0	37.0	37.0	37.0	37.0
12	36.578917697490766	37.0	37.0	37.0	37.0	37.0
13	36.586756829083676	37.0	37.0	37.0	37.0	37.0
14	38.7516260461349	40.0	37.0	40.0	37.0	40.0
15	38.77063780080109	40.0	37.0	40.0	37.0	40.0
16	38.757349108345295	40.0	37.0	40.0	37.0	40.0
17	38.74731173292872	40.0	37.0	40.0	37.0	40.0
18	38.74504930001331	40.0	37.0	40.0	37.0	40.0
19	38.78110806497177	40.0	37.0	40.0	37.0	40.0
20	38.758654596636674	40.0	37.0	40.0	37.0	40.0
21	38.737325522730224	40.0	37.0	40.0	37.0	40.0
22	38.70357787516741	40.0	37.0	40.0	37.0	40.0
23	38.68425633836272	40.0	37.0	40.0	37.0	40.0
24	38.677817273191565	40.0	37.0	40.0	37.0	40.0
25	38.64058884033878	40.0	37.0	40.0	37.0	40.0
26	38.60088246047022	40.0	37.0	40.0	37.0	40.0
27	38.577745548858594	40.0	37.0	40.0	37.0	40.0
28	38.57149843077826	40.0	37.0	40.0	37.0	40.0
29	38.54686408378444	40.0	37.0	40.0	37.0	40.0
30	38.53705865735646	40.0	37.0	40.0	37.0	40.0
31	38.509691157440955	40.0	37.0	40.0	37.0	40.0
32	38.497768731353766	40.0	37.0	40.0	37.0	40.0
33	38.46781568241842	40.0	37.0	40.0	37.0	40.0
34	38.45575588547302	40.0	37.0	40.0	37.0	40.0
35	38.43105641911074	40.0	37.0	40.0	37.0	40.0
36	38.38508679636584	40.0	37.0	40.0	37.0	40.0
37	38.476389112413706	40.0	37.0	40.0	37.0	40.0
38	38.494260037763034	40.0	37.0	40.0	37.0	40.0
39	38.48154191501178	40.0	37.0	40.0	37.0	40.0
40	38.453061183987955	40.0	37.0	40.0	37.0	40.0
41	38.44724447392388	40.0	37.0	40.0	37.0	40.0
42	38.44284922664548	40.0	37.0	40.0	37.0	40.0
43	38.404172042890714	40.0	37.0	40.0	37.0	40.0
44	38.38053681306431	40.0	37.0	40.0	37.0	40.0
45	38.37194446744295	40.0	37.0	40.0	37.0	40.0
46	38.33461928581418	40.0	37.0	40.0	37.0	40.0
47	38.31638462227821	40.0	37.0	40.0	37.0	40.0
48	38.286768333505435	40.0	37.0	40.0	37.0	40.0
49	38.258538467096265	40.0	37.0	40.0	37.0	40.0
50	38.30331361456838	40.0	37.0	40.0	37.0	40.0
51	38.30587590667092	40.0	37.0	40.0	37.0	40.0
52	38.278759271370085	40.0	37.0	40.0	37.0	40.0
53	38.25086182383226	40.0	37.0	40.0	37.0	40.0
54	38.20305335415913	40.0	37.0	40.0	37.0	40.0
55	38.15578196422962	40.0	37.0	40.0	37.0	40.0
56	38.0967856769639	40.0	37.0	40.0	37.0	40.0
57	38.03486118876337	40.0	37.0	40.0	37.0	40.0
58	37.967767773168774	40.0	37.0	40.0	33.0	40.0
59	37.91040629214347	40.0	37.0	40.0	33.0	40.0
60	37.83511248750716	40.0	37.0	40.0	33.0	40.0
61	37.78690306857969	40.0	37.0	40.0	33.0	40.0
62	37.680637251937846	40.0	37.0	40.0	33.0	40.0
63	37.58692086787373	40.0	37.0	40.0	33.0	40.0
64	37.49634602819917	37.0	37.0	40.0	33.0	40.0
65	37.38885813807601	37.0	37.0	40.0	33.0	40.0
66	37.29599698838425	37.0	37.0	40.0	33.0	40.0
67	37.18313085861128	37.0	37.0	40.0	33.0	40.0
68	37.072872604498755	37.0	37.0	40.0	33.0	40.0
69	36.92261741409747	37.0	37.0	40.0	33.0	40.0
70	36.80565837697106	37.0	37.0	40.0	33.0	40.0
71	36.686939876527475	37.0	37.0	40.0	33.0	40.0
72	36.54040579289498	37.0	37.0	40.0	33.0	40.0
73	36.405709480170685	37.0	37.0	37.0	33.0	40.0
74	36.22574962471088	37.0	37.0	37.0	33.0	40.0
75	36.083944137504815	37.0	37.0	37.0	33.0	40.0
76	34.490564978741624	37.0	33.0	37.0	27.0	37.0
77	35.0989510510111	37.0	33.0	37.0	33.0	37.0
78	35.496629452498055	37.0	33.0	37.0	33.0	37.0
79	35.607864497137385	37.0	37.0	37.0	33.0	37.0
80	35.571384626929586	37.0	37.0	37.0	33.0	37.0
81	35.4930326927138	37.0	37.0	37.0	33.0	37.0
82	35.397140391466635	37.0	33.0	37.0	33.0	37.0
83	35.30475492325682	37.0	33.0	37.0	33.0	37.0
84	35.2299110624473	37.0	33.0	37.0	33.0	37.0
85	35.14840455996827	37.0	33.0	37.0	33.0	37.0
86	35.06915056745328	37.0	33.0	37.0	33.0	37.0
87	34.98326897369085	37.0	33.0	37.0	33.0	37.0
88	34.89004780691921	37.0	33.0	37.0	33.0	37.0
89	34.83472797314105	37.0	33.0	37.0	33.0	37.0
90	34.77197553868447	37.0	33.0	37.0	33.0	37.0
91	34.68473729141258	37.0	33.0	37.0	33.0	37.0
92	34.62165305826912	37.0	33.0	37.0	33.0	37.0
93	34.58936594511305	37.0	33.0	37.0	33.0	37.0
94	34.535934262927825	37.0	33.0	37.0	33.0	37.0
95	34.47227015731289	37.0	33.0	37.0	33.0	37.0
96	34.403565812579636	37.0	33.0	37.0	33.0	37.0
97	34.31009595183895	37.0	33.0	37.0	33.0	37.0
98	34.22950794254735	37.0	33.0	37.0	33.0	37.0
99	34.16038714394823	37.0	33.0	37.0	33.0	37.0
100	34.0814345610815	37.0	33.0	37.0	33.0	37.0
101	33.091313169275935	33.0	33.0	37.0	27.0	37.0
>>END_MODULE
>>Per sequence quality scores	pass
#Quality	Count
5	1.0
6	2.0
7	12.0
8	39.0
9	84.0
10	161.0
11	310.0
12	383.0
13	500.0
14	563.0
15	713.0
16	861.0
17	1042.0
18	1262.0
19	1509.0
20	1776.0
21	2191.0
22	2626.0
23	3359.0
24	4547.0
25	6058.0
26	8351.0
27	11614.0
28	16006.0
29	21747.0
30	30039.0
31	41335.0
32	56890.0
33	81018.0
34	118966.0
35	181280.0
36	331257.0
37	950166.0
38	1345951.0
39	2228.0
>>END_MODULE
>>Per base sequence content	fail
#Base	G	A	T	C
1	1087713	911807	511340	712728
2	387008	768924	1457760	611155
3	408035	1054167	1106313	655999
4	326419	675399	1498781	724047
5	313007	1306900	1298442	306498
6	722908	1495819	680419	325699
7	660172	1146038	987381	431256
8	597379	1338822	807992	480650
9	688737	599088	897046	1039976
10	408893	983512	1214287	618155
11	862077	940681	947701	474388
12	554426	937704	1170628	562089
13	714218	840611	1030816	639202
14	559353	798937	1038662	827895
15	616886	1116545	866838	624578
16	590826	1111297	951587	571131
17	556257	1066430	1037459	564701
18	567442	1067610	1033867	555928
19	588391	1044922	1029983	561551
20	588754	1033249	1023455	579389
21	584331	1023875	1030786	585855
22	593742	1013941	1028541	588623
23	584860	1019317	1025388	595269
24	587972	1031058	1019886	585926
25	595359	1016663	1022462	590349
26	589375	1024368	1019238	591864
27	591730	1033267	1010797	589029
28	597474	1022468	1016048	588820
29	590621	1025964	1015104	593129
30	592343	1028124	1017032	587318
31	597487	1018430	1018306	590587
32	591631	1020028	1012191	600958
33	592071	1024005	1014788	593871
34	599285	1016363	1018907	590212
35	593014	1018414	1017728	595675
36	594720	1024440	1014464	591223
37	599540	1016360	1018088	590859
38	592774	1015191	1020110	596771
39	597648	1025164	1011236	590777
40	599819	1015843	1018906	590279
41	594546	1016670	1017255	596376
42	599167	1020343	1013369	591968
43	602362	1012004	1014861	595619
44	593921	1014468	1016153	600305
45	596318	1019898	1012013	596618
46	598281	1012203	1017875	596488
47	591101	1014739	1017189	601809
48	594469	1018437	1014067	597874
49	598330	1012780	1020327	593410
50	590598	1016152	1016927	601168
51	592196	1020997	1016075	595579
52	600038	1012772	1016602	595435
53	594245	1013651	1013461	603490
54	598875	1016961	1013213	595798
55	600545	1012293	1015293	596716
56	595325	1011132	1013123	605267
57	594459	1018419	1013445	598524
58	600314	1010163	1013329	601041
59	591573	1011560	1015875	605839
60	593575	1021599	1011500	598173
61	601543	1005816	1017453	600035
62	593561	1009659	1013214	608413
63	592127	1016936	1011312	604472
64	599576	1006645	1015885	602741
65	594657	1009316	1012966	607907
66	596992	1014625	1009742	603312
67	601131	1007981	1014612	601021
68	595046	1009528	1009225	610856
69	600413	1016334	1006410	601449
70	602137	1010440	1009509	602736
71	591835	1008398	1013299	611225
72	594795	1014862	1009423	605622
73	605199	1005816	1010890	602895
74	594309	1009941	1009600	610768
75	596899	1013420	1008524	605927
76	600804	1008447	1009027	606522
77	596326	1006688	1009543	612289
78	594853	1016504	1006680	606620
79	599702	1005958	1014194	604971
80	593482	1008480	1007790	614925
81	595745	1014489	1005949	608609
82	601247	1004430	1011593	607433
83	594000	1007753	1010044	613044
84	593525	1014739	1007624	608850
85	599263	1003772	1011792	609659
86	596316	1005037	1008704	614703
87	600563	1012628	1003549	607767
88	603208	1004331	1009547	606892
89	595334	1004990	1006327	617166
90	597084	1010683	1005685	610336
91	602454	1002083	1008992	609772
92	597565	1003017	1006183	616909
93	594753	1009867	1006320	613173
94	598857	999836	1013854	611189
95	594791	1004298	1008287	616105
96	597877	1008403	1007614	610043
97	603731	999161	1006708	614199
98	596288	1002644	1008013	617092
99	597061	1010361	1003317	613082
100	603971	999628	1009210	611229
101	596771	1001090	1006754	619822
>>END_MODULE
>>Per base GC content	fail
#Base	%GC
1	55.852081593553514
2	30.952259130433163
3	32.99827508889712
4	32.57616494957896
5	19.21036873997433
6	32.51650854537195
7	33.84433432035691
8	33.4288832045467
9	53.60604704657306
10	31.847960538903088
11	41.44274131454919
12	34.62226269959474
13	41.96850269175561
14	43.01748268987645
15	38.49683411337034
16	36.03145085292577
17	34.76003667770905
18	34.83483092376166
19	35.65880799926322
20	36.22320686841887
21	36.286558711157454
22	36.66422003896619
23	36.59503093802658
24	36.401721386660185
25	36.76804349248472
26	36.6293263707248
27	36.614691721065
28	36.78647734285121
29	36.707497911510046
30	36.58071140160822
31	36.84167439322007
32	36.98170557751035
33	36.77641728700188
34	36.88629287015155
35	36.860505248181994
36	36.77517103912217
37	36.913348137136424
38	36.88687769896609
39	36.85238733884784
40	36.90401436099139
41	36.92956596080372
42	36.936170925318315
43	37.14847158592999
44	37.03202043383764
45	36.99201853607318
46	37.048858441966395
47	36.99131553274924
48	36.97363006679076
49	36.954931505277614
50	36.95576066446604
51	36.831979935792305
52	37.07068893500994
53	37.14083179760156
54	37.045881556551365
55	37.12613342586486
56	37.229425147921745
57	36.99347596955763
58	37.25308518512661
59	37.13081581854891
60	36.955179579062204
61	37.260000241871936
62	37.272279894208936
63	37.105605320190385
64	37.28291605772305
65	37.29058689934341
66	37.222525956911575
67	37.2789786479241
68	37.39631061307334
69	37.27159225034004
70	37.362465277153284
71	37.30699708536178
72	37.22567232569087
73	37.46260233192756
74	37.371155281028635
75	37.29959035838215
76	37.43878690151327
77	37.47822376634419
78	37.258939477904164
79	37.356228632561454
80	37.47373767977382
81	37.34671879612701
82	37.481901434023534
83	37.4295662948964
84	37.28597486059332
85	37.49192894619483
86	37.553771443456256
87	37.47332537966269
88	37.53437523457046
89	37.61069564432473
90	37.453455376097935
91	37.608215925226965
92	37.673598509030384
93	37.46537419749246
94	37.53551779674266
95	37.56485612913493
96	37.467233385764054
97	37.77934046136251
98	37.635424159214054
99	37.537536978634975
100	37.691863433371445
101	37.73040068700365
>>END_MODULE
>>Per sequence GC content	pass
#GC Content	Count
0	0.0
1	0.0
2	0.0
3	0.0
4	0.0
5	0.0
6	0.5
7	1.5
8	1.5
9	5.5
10	11.5
11	18.5
12	34.5
13	67.0
14	121.0
15	158.0
16	230.5
17	430.0
18	712.0
19	1131.5
20	1862.5
21	3006.5
22	4929.0
23	8139.5
24	13386.0
25	21526.5
26	33056.5
27	49044.5
28	68981.0
29	91542.5
30	117243.0
31	144224.0
32	170443.0
33	193603.0
34	210519.0
35	221444.5
36	225253.5
37	222753.5
38	213287.5
39	198087.0
40	179550.5
41	157001.0
42	134643.5
43	113887.0
44	94340.0
45	76597.0
46	61300.0
47	48829.0
48	38093.0
49	28901.5
50	22091.5
51	16292.0
52	11727.5
53	8271.0
54	5565.0
55	4064.5
56	2717.0
57	1931.5
58	1478.5
59	905.5
60	461.5
61	286.5
62	202.5
63	163.5
64	112.0
65	63.5
66	33.5
67	21.0
68	17.0
69	14.5
70	11.5
71	7.0
72	4.0
73	1.5
74	1.0
75	1.5
76	1.0
77	1.0
78	0.5
79	0.0
80	0.0
81	0.0
82	0.0
83	0.0
84	0.0
85	0.0
86	0.0
87	0.0
88	0.0
89	0.0
90	0.0
91	0.0
92	0.0
93	0.0
94	0.0
95	0.0
96	0.0
97	0.0
98	0.0
99	0.0
100	0.0
>>END_MODULE
>>Per base N content	pass
#Base	N-Count
1	0.039040611849182304
2	0.0
3	0.010326071283381815
4	0.006232853837716952
5	0.0
6	6.201844614643734E-5
7	0.0
8	1.2403689229287468E-4
9	0.0
10	0.0
11	0.0
12	0.0
13	0.0
14	0.0
15	0.0
16	1.86055338439312E-4
17	0.0
18	0.0
19	0.0
20	0.0
21	0.0
22	0.0
23	4.0311989995184266E-4
24	1.5504611536609333E-4
25	4.3412912302506133E-4
26	6.201844614643734E-5
27	7.44221353757248E-4
28	0.0011473412537090907
29	8.992674691233413E-4
30	9.3027669219656E-4
31	0.0011473412537090907
32	0.001209359699855528
33	0.0034730329842004907
34	0.002480737845857493
35	4.961475691714987E-4
36	0.0
37	0.0
38	3.100922307321867E-5
39	6.822029076108106E-4
40	0.0
41	0.0
42	0.0
43	3.100922307321867E-5
44	0.0
45	0.0
46	0.0
47	2.79083007658968E-4
48	0.0
49	0.0
50	6.201844614643734E-5
51	0.0
52	0.0
53	0.0
54	0.0
55	0.0
56	0.0
57	0.0
58	0.0
59	0.0
60	0.0
61	0.0
62	0.0
63	0.0
64	0.0
65	3.100922307321867E-5
66	0.005457623260886485
67	0.003162940753468304
68	0.005953770830057984
69	0.007473222760645698
70	7.752305768304668E-4
71	0.00279083007658968
72	0.004496337345616707
73	0.0014574334844412772
74	0.007101112083767075
75	0.0023877101766378375
76	0.0014574334844412772
77	3.100922307321867E-5
78	0.005891752383911547
79	6.822029076108106E-4
80	0.005271567922447174
81	0.0017055072690270268
82	0.004465328122543488
83	1.86055338439312E-4
84	0.003380005314980835
85	0.011194329529431939
86	0.002697802407370024
87	0.010543135844894348
88	0.026947014850627022
89	0.03193949976541523
90	0.03283876723453857
91	0.04794025887119606
92	0.036373818664885496
93	0.022760769735742502
94	0.03445124683434594
95	0.0423585987180167
96	0.02821839299662899
97	0.03249766578073317
98	0.02511747068930712
99	0.031815462873122355
100	0.025086461466233903
101	0.012713781460019653
>>END_MODULE
>>Sequence Length Distribution	pass
#Length	Count
101	3224847.0
>>END_MODULE
>>Sequence Duplication Levels	warn
#Total Duplicate Percentage	43.93244896307826
#Duplication Level	Relative count
1	100.0
2	36.00438052871963
3	15.46513404757458
4	7.302579078730665
5	3.673361970898348
6	1.897380172164966
7	1.1155067320916177
8	0.717354024822996
9	0.46776576056505426
10++	3.144472553780328
>>END_MODULE
>>Overrepresented sequences	pass
>>END_MODULE
>>Kmer Content	warn
#Sequence	Count	Obs/Exp Overall	Obs/Exp Max	Max Obs/Exp Position
GTCTT	386155	1.1600971	5.1293006	1
ACACC	227060	1.1526974	5.141605	6
ATACC	362210	1.0859714	5.477322	6
GTATT	551260	0.981189	6.422178	1
AATAC	539725	0.9587247	5.5711145	5
ATACT	469895	0.8320358	5.482893	6
TATTA	782580	0.8183765	5.410588	2
TATAC	459020	0.8127796	6.1016417	5
GTATA	398015	0.71068287	6.891727	1
>>END_MODULE
