##FastQC	0.8.0
>>Basic Statistics	pass
#Measure	Value	
Filename	8_140619_BC47HDACXX_P1260_1011_1.fastq.gz	
File type	Conventional base calls	
Total Sequences	1178421	
Sequence length	101	
%GC	37	
>>END_MODULE
>>Per base sequence quality	pass
#Base	Mean	Median	Lower Quartile	Upper Quartile	10th Percentile	90th Percentile
1	32.76588842187979	33.0	33.0	33.0	33.0	33.0
2	32.81427520385329	33.0	33.0	33.0	33.0	33.0
3	32.81287757091905	33.0	33.0	33.0	33.0	33.0
4	36.77478931553324	37.0	37.0	37.0	37.0	37.0
5	36.69659909319335	37.0	37.0	37.0	37.0	37.0
6	36.68026282627346	37.0	37.0	37.0	37.0	37.0
7	36.65816885476413	37.0	37.0	37.0	37.0	37.0
8	36.649988416703366	37.0	37.0	37.0	37.0	37.0
9	36.61759761579266	37.0	37.0	37.0	37.0	37.0
10	36.62530284168391	37.0	37.0	37.0	37.0	37.0
11	36.640424771792084	37.0	37.0	37.0	37.0	37.0
12	36.609115927160154	37.0	37.0	37.0	37.0	37.0
13	36.615521956923715	37.0	37.0	37.0	37.0	37.0
14	38.80697305971295	40.0	37.0	40.0	37.0	40.0
15	38.82573460588364	40.0	37.0	40.0	37.0	40.0
16	38.812606869701064	40.0	37.0	40.0	37.0	40.0
17	38.80042192051907	40.0	37.0	40.0	37.0	40.0
18	38.805077302593894	40.0	37.0	40.0	37.0	40.0
19	38.84033889416431	40.0	37.0	40.0	37.0	40.0
20	38.821097892858326	40.0	37.0	40.0	37.0	40.0
21	38.79560870011651	40.0	37.0	40.0	37.0	40.0
22	38.7615470192741	40.0	37.0	40.0	37.0	40.0
23	38.740052154535604	40.0	37.0	40.0	37.0	40.0
24	38.731899720049114	40.0	37.0	40.0	37.0	40.0
25	38.69599404627039	40.0	37.0	40.0	37.0	40.0
26	38.65236872051669	40.0	37.0	40.0	37.0	40.0
27	38.63449734857067	40.0	37.0	40.0	37.0	40.0
28	38.628244065575885	40.0	37.0	40.0	37.0	40.0
29	38.60156090225819	40.0	37.0	40.0	37.0	40.0
30	38.59188694023613	40.0	37.0	40.0	37.0	40.0
31	38.56947559488502	40.0	37.0	40.0	37.0	40.0
32	38.554269654054025	40.0	37.0	40.0	37.0	40.0
33	38.52264937573244	40.0	37.0	40.0	37.0	40.0
34	38.510498370276835	40.0	37.0	40.0	37.0	40.0
35	38.48632025396696	40.0	37.0	40.0	37.0	40.0
36	38.439383717703606	40.0	37.0	40.0	37.0	40.0
37	38.52925737066804	40.0	37.0	40.0	37.0	40.0
38	38.55055111882765	40.0	37.0	40.0	37.0	40.0
39	38.53464339145348	40.0	37.0	40.0	37.0	40.0
40	38.5055578609003	40.0	37.0	40.0	37.0	40.0
41	38.498932894101515	40.0	37.0	40.0	37.0	40.0
42	38.500961031753505	40.0	37.0	40.0	37.0	40.0
43	38.460204799473196	40.0	37.0	40.0	37.0	40.0
44	38.431901671813385	40.0	37.0	40.0	37.0	40.0
45	38.421105021040866	40.0	37.0	40.0	37.0	40.0
46	38.381933112189955	40.0	37.0	40.0	37.0	40.0
47	38.3528747366179	40.0	37.0	40.0	37.0	40.0
48	38.31800010352836	40.0	37.0	40.0	37.0	40.0
49	38.2868949212548	40.0	37.0	40.0	37.0	40.0
50	38.3278140834218	40.0	37.0	40.0	37.0	40.0
51	38.32178058605541	40.0	37.0	40.0	37.0	40.0
52	38.29303364417301	40.0	37.0	40.0	37.0	40.0
53	38.25589157016041	40.0	37.0	40.0	37.0	40.0
54	38.208977945912366	40.0	37.0	40.0	37.0	40.0
55	38.154155433414715	40.0	37.0	40.0	37.0	40.0
56	38.08648861484987	40.0	37.0	40.0	37.0	40.0
57	38.02032550336425	40.0	37.0	40.0	37.0	40.0
58	37.94400133738282	40.0	37.0	40.0	33.0	40.0
59	37.87644483592876	40.0	37.0	40.0	33.0	40.0
60	37.796132282096124	40.0	37.0	40.0	33.0	40.0
61	37.735712449116235	40.0	37.0	40.0	33.0	40.0
62	37.61443321189965	40.0	37.0	40.0	33.0	40.0
63	37.515588232049495	37.0	37.0	40.0	33.0	40.0
64	37.41867040726532	37.0	37.0	40.0	33.0	40.0
65	37.30298000459938	37.0	37.0	40.0	33.0	40.0
66	37.2041121127339	37.0	37.0	40.0	33.0	40.0
67	37.08114841809506	37.0	37.0	40.0	33.0	40.0
68	36.963699730401956	37.0	37.0	40.0	33.0	40.0
69	36.81798185877543	37.0	37.0	40.0	33.0	40.0
70	36.693428749148225	37.0	37.0	40.0	33.0	40.0
71	36.57035134302596	37.0	37.0	40.0	33.0	40.0
72	36.424158259229934	37.0	37.0	40.0	33.0	40.0
73	36.29795887887266	37.0	37.0	37.0	33.0	40.0
74	36.12213546771485	37.0	37.0	37.0	33.0	40.0
75	35.99025560474567	37.0	37.0	37.0	33.0	40.0
76	34.34751162784777	37.0	33.0	37.0	27.0	37.0
77	34.97658816331345	37.0	33.0	37.0	33.0	37.0
78	35.40630725351975	37.0	33.0	37.0	33.0	37.0
79	35.529959157211216	37.0	33.0	37.0	33.0	37.0
80	35.508011143725376	37.0	37.0	37.0	33.0	37.0
81	35.43357679471089	37.0	33.0	37.0	33.0	37.0
82	35.34560823339027	37.0	33.0	37.0	33.0	37.0
83	35.255805862251265	37.0	33.0	37.0	33.0	37.0
84	35.19249572096899	37.0	33.0	37.0	33.0	37.0
85	35.115647973007945	37.0	33.0	37.0	33.0	37.0
86	35.04477347229895	37.0	33.0	37.0	33.0	37.0
87	34.96416221367406	37.0	33.0	37.0	33.0	37.0
88	34.875442647407	37.0	33.0	37.0	33.0	37.0
89	34.81613022850068	37.0	33.0	37.0	33.0	37.0
90	34.76081298619084	37.0	33.0	37.0	33.0	37.0
91	34.67403584966663	37.0	33.0	37.0	33.0	37.0
92	34.61659627586406	37.0	33.0	37.0	33.0	37.0
93	34.58744540363758	37.0	33.0	37.0	33.0	37.0
94	34.53488184613139	37.0	33.0	37.0	33.0	37.0
95	34.47598778365287	37.0	33.0	37.0	33.0	37.0
96	34.40771846394455	37.0	33.0	37.0	33.0	37.0
97	34.318060353642714	37.0	33.0	37.0	33.0	37.0
98	34.22902001916123	37.0	33.0	37.0	33.0	37.0
99	34.15683698779978	37.0	33.0	37.0	33.0	37.0
100	34.07778120043685	37.0	33.0	37.0	33.0	37.0
101	33.063294866605396	33.0	33.0	37.0	27.0	37.0
>>END_MODULE
>>Per sequence quality scores	pass
#Quality	Count
5	1.0
6	0.0
7	2.0
8	14.0
9	35.0
10	77.0
11	110.0
12	171.0
13	197.0
14	236.0
15	291.0
16	314.0
17	420.0
18	481.0
19	639.0
20	713.0
21	816.0
22	988.0
23	1263.0
24	1700.0
25	2290.0
26	3163.0
27	4232.0
28	5598.0
29	7801.0
30	10497.0
31	14577.0
32	19998.0
33	28630.0
34	41789.0
35	64893.0
36	122470.0
37	366826.0
38	476032.0
39	1157.0
>>END_MODULE
>>Per base sequence content	fail
#Base	G	A	T	C
1	401515	332478	183268	260689
2	144424	285750	524367	223880
3	147489	390413	404133	236262
4	118479	247401	550110	262357
5	114769	477854	474417	111381
6	262574	551332	246833	117679
7	237156	418142	366918	156205
8	219253	478904	300563	179701
9	255855	207706	325947	388913
10	151336	351966	448951	226168
11	314769	341345	349071	173236
12	201783	341765	428441	206432
13	263776	306824	373226	234595
14	206543	291047	379939	300892
15	229631	403587	314817	230386
16	219000	399959	347683	211778
17	206401	385218	378052	208750
18	210427	386400	374979	206615
19	218515	379755	372859	207292
20	218097	376016	370064	214244
21	217450	372614	371142	217215
22	220720	368907	370728	218066
23	217895	370839	369548	220132
24	217762	374729	368640	217287
25	221317	369368	370206	217527
26	219041	370308	369179	219893
27	219596	374442	365952	218426
28	221694	371255	368374	217089
29	219793	370698	366725	221197
30	220331	372884	367439	217759
31	222073	368363	368981	218994
32	219438	370816	366979	221177
33	220642	371768	366066	219907
34	221833	370134	367933	218499
35	220316	370138	367272	220691
36	220619	369965	366785	221052
37	223657	367474	367066	220224
38	220446	367464	368881	221629
39	222099	370115	366628	219572
40	223602	366658	369507	218654
41	220944	368060	367223	222194
42	221653	369259	366750	220759
43	223714	366035	367550	221121
44	221049	366799	366935	223638
45	220860	368106	366399	223056
46	222948	364903	368975	221595
47	220820	365353	368053	224194
48	220963	366520	366853	224085
49	222172	365740	368948	221561
50	219475	366087	368097	224761
51	218722	368381	368565	222753
52	223555	364555	368004	222307
53	219708	366070	367462	225181
54	220105	366917	368283	223116
55	222729	365062	366748	223882
56	220316	364928	367033	226144
57	219651	366547	365753	226470
58	223807	363071	365554	225989
59	217585	364226	367416	229194
60	219825	367809	364508	226279
61	222495	362569	367414	225943
62	220340	363711	365402	228968
63	218809	364984	364817	229811
64	222382	362911	365218	227910
65	219534	365787	363950	229149
66	220993	364071	363816	229476
67	222379	362373	365729	227898
68	221142	363847	362759	230597
69	222769	365057	362014	228495
70	222531	363316	363303	229262
71	219812	362743	363075	232761
72	220194	365747	362803	229618
73	222914	361751	364820	228922
74	220363	362624	363447	231893
75	221210	364963	361446	230770
76	223350	361900	362367	230789
77	220637	362839	361290	233654
78	221243	364642	360994	231473
79	223557	361858	363113	229887
80	222224	361667	361614	232854
81	220920	363786	361104	232586
82	223154	361231	362645	231328
83	219885	362675	362664	233195
84	218844	364906	362752	231872
85	222733	358906	364326	232324
86	221387	361604	362191	233203
87	221834	363004	360660	232789
88	223927	359319	362989	231858
89	220403	359901	363186	234501
90	220500	361342	361801	234335
91	224365	357674	363130	232642
92	222343	358698	362012	234908
93	221109	359728	361495	235788
94	221872	357840	364632	233630
95	220146	357635	363267	236837
96	221506	359791	363112	233653
97	224090	356451	362647	234794
98	222452	358181	361326	236153
99	221126	359914	361588	235375
100	224309	356691	363147	233970
101	222068	356492	363042	236668
>>END_MODULE
>>Per base GC content	fail
#Base	%GC
1	56.21664756568615
2	31.254025513801942
3	32.568274382434986
4	32.319511994344616
5	19.190934309554905
6	32.26809162792829
7	33.38034539438791
8	33.85496354868082
9	54.71457144772539
10	32.03473122084552
11	41.41177049628274
12	34.64084567399936
13	42.29142216576249
14	43.06058700583238
15	39.0367279605506
16	36.555557441319735
17	35.22942988965743
18	35.389898856181276
19	36.133690760772254
20	36.688161531405164
21	36.885374581749645
22	37.23507982291558
23	37.17089240283975
24	36.9180545443128
25	37.240096468316
26	37.247639001681065
27	37.1704050182618
28	37.23510962210161
29	37.42236380623771
30	37.17627011921966
31	37.42896154228024
32	37.39063653567094
33	37.385892362669864
34	37.366969931237215
35	37.42367939362721
36	37.47989894952653
37	37.66743803784895
38	37.51421394748901
39	37.48012158715019
40	37.52954164937658
41	37.604387566073584
42	37.542779702669925
43	37.74842585835271
44	37.735834646531245
45	37.67040811390835
46	37.7236149050297
47	37.763615688803654
48	37.76646885960111
49	37.65487885908347
50	37.69759508494425
51	37.46326652359386
52	37.835544342811275
53	37.75297622835981
54	37.61143088930017
55	37.899103970482535
56	37.8862902137691
57	37.85752290565087
58	38.16938089188838
59	37.91336033556768
60	37.856080297279156
61	38.05414194078347
62	38.12796954568868
63	38.069586336292375
64	38.21147111261595
65	38.074964783353984
66	38.228599845886976
67	38.211560117754985
68	38.33673499696608
69	38.296749226663046
70	38.3391377548769
71	38.40601294476961
72	38.172649830866916
73	38.342949422398206
74	38.381196391154575
75	38.35575518780301
76	38.5384154527387
77	38.55085623122486
78	38.41941966407321
79	38.47914359542266
80	38.61963968535905
81	38.48502540741822
82	38.569093603132494
83	38.448124139206854
84	38.24897698014382
85	38.6201517624284
86	38.57737496658562
87	38.583384183989125
88	38.68837180086801
89	38.61693340611261
90	38.61150208238185
91	38.80138664013157
92	38.81715948151085
93	38.78187281431433
94	38.66825583586734
95	38.79691141325342
96	38.636251742268236
97	38.95509439023686
98	38.927113890699694
99	38.75210844114998
100	38.89927740623384
101	38.93301195820992
>>END_MODULE
>>Per sequence GC content	pass
#GC Content	Count
0	0.0
1	0.0
2	0.0
3	0.5
4	0.5
5	0.0
6	0.5
7	1.5
8	2.5
9	12.0
10	26.5
11	38.5
12	71.0
13	110.0
14	146.0
15	220.0
16	323.5
17	429.0
18	570.5
19	913.0
20	1350.0
21	1912.5
22	2746.5
23	3962.0
24	5888.0
25	8714.0
26	12498.0
27	17388.0
28	23592.5
29	30661.0
30	38197.5
31	46385.5
32	54451.5
33	61564.5
34	67309.5
35	71642.0
36	73764.0
37	73553.5
38	72264.0
39	69782.5
40	65130.5
41	58791.5
42	53003.0
43	47067.0
44	40552.5
45	34485.0
46	29465.0
47	24854.5
48	20016.0
49	15636.0
50	12150.0
51	9447.0
52	7311.5
53	5463.5
54	3840.0
55	2799.0
56	2052.5
57	1615.0
58	1272.5
59	902.5
60	612.5
61	417.5
62	313.0
63	252.0
64	174.5
65	124.0
66	86.0
67	53.5
68	20.0
69	6.5
70	5.0
71	4.0
72	3.0
73	1.5
74	0.0
75	0.5
76	0.5
77	0.0
78	0.0
79	0.0
80	0.0
81	0.0
82	0.0
83	0.0
84	0.0
85	0.0
86	0.0
87	0.0
88	0.0
89	0.0
90	0.0
91	0.0
92	0.0
93	0.0
94	0.0
95	0.0
96	0.0
97	0.0
98	0.0
99	0.0
100	0.0
>>END_MODULE
>>Per base N content	pass
#Base	N-Count
1	0.03996873782799187
2	0.0
3	0.0105225551818917
4	0.006279589382741822
5	0.0
6	2.5457794794899277E-4
7	0.0
8	0.0
9	0.0
10	0.0
11	0.0
12	0.0
13	0.0
14	0.0
15	0.0
16	8.485931598299759E-5
17	0.0
18	0.0
19	0.0
20	0.0
21	0.0
22	0.0
23	5.940152118809831E-4
24	2.5457794794899277E-4
25	2.5457794794899277E-4
26	0.0
27	4.242965799149879E-4
28	7.637338438469782E-4
29	6.788745278639807E-4
30	6.788745278639807E-4
31	8.485931598299758E-4
32	9.334524758129735E-4
33	0.0032246540073539083
34	0.001866904951625947
35	3.3943726393199035E-4
36	0.0
37	0.0
38	8.485931598299759E-5
39	5.940152118809831E-4
40	0.0
41	0.0
42	0.0
43	8.485931598299759E-5
44	0.0
45	0.0
46	0.0
47	8.485931598299759E-5
48	0.0
49	0.0
50	8.485931598299759E-5
51	0.0
52	0.0
53	0.0
54	0.0
55	0.0
56	0.0
57	0.0
58	0.0
59	0.0
60	0.0
61	0.0
62	0.0
63	0.0
64	0.0
65	8.485931598299759E-5
66	0.005515855538894843
67	0.0035640912712858984
68	0.0064493080147078165
69	0.007297901174537793
70	7.637338438469782E-4
71	0.002545779479489928
72	0.005006699642996858
73	0.0011880304237619661
74	0.007976775702401772
75	0.002715498111455923
76	0.001272889739744964
77	8.485931598299759E-5
78	0.0058552928028268334
79	5.091558958979855E-4
80	0.00526127759094585
81	0.0021214828995749398
82	0.005346136906928848
83	1.6971863196599518E-4
84	0.003988387851200886
85	0.011201429709755682
86	0.003054935375387913
87	0.011371148341721676
88	0.02783385564242321
89	0.03648950587268896
90	0.037592676980467934
91	0.051764182749628525
92	0.039035285352178886
93	0.025542654110882274
94	0.03793211424439992
95	0.045484593366886705
96	0.030464494437896134
97	0.03725323971653594
98	0.026221528638746258
99	0.03547119408089299
100	0.025797232058831266
101	0.012813756713432635
>>END_MODULE
>>Sequence Length Distribution	pass
#Length	Count
101	1178421.0
>>END_MODULE
>>Sequence Duplication Levels	pass
#Total Duplicate Percentage	18.729396520512974
#Duplication Level	Relative count
1	100.0
2	11.289566236811254
3	2.1805392731535758
4	0.9243845252051582
5	0.556271981242673
6	0.3898007033997655
7	0.30890973036342323
8	0.22919109026963658
9	0.20457209847596716
10++	1.1500586166471278
>>END_MODULE
>>Overrepresented sequences	pass
>>END_MODULE
>>Kmer Content	warn
#Sequence	Count	Obs/Exp Overall	Obs/Exp Max	Max Obs/Exp Position
TTGGA	203515	1.7072513	5.093698	4
GTCTT	141195	1.1529821	5.040642	1
ATACC	132550	1.0698252	5.443159	6
TATAC	203660	1.0073932	6.12331	5
GTATT	198105	0.99647915	6.741085	1
AATAC	190670	0.94794893	5.4911184	5
ATATA	299110	0.9113681	5.225616	1
TAATA	288715	0.8796952	5.0193996	4
TATTA	286020	0.86706173	5.7971506	2
ATACT	159970	0.7912831	5.4822507	6
TATAA	239655	0.7302125	5.114463	2
GTATA	142605	0.72096926	6.802158	1
>>END_MODULE
