##FastQC	0.8.0
>>Basic Statistics	pass
#Measure	Value	
Filename	1_140716_AH9BY4ADXX_P1260_1003_1.fastq.gz	
File type	Conventional base calls	
Total Sequences	2193546	
Sequence length	101	
%GC	37	
>>END_MODULE
>>Per base sequence quality	pass
#Base	Mean	Median	Lower Quartile	Upper Quartile	10th Percentile	90th Percentile
1	32.73913471611719	33.0	33.0	33.0	33.0	33.0
2	32.753566599469536	33.0	33.0	33.0	33.0	33.0
3	32.76932783720971	33.0	33.0	33.0	33.0	33.0
4	36.706809886822526	37.0	37.0	37.0	37.0	37.0
5	36.637607782102585	37.0	37.0	37.0	37.0	37.0
6	36.616295258909545	37.0	37.0	37.0	37.0	37.0
7	36.5624354355915	37.0	37.0	37.0	37.0	37.0
8	36.559764417978926	37.0	37.0	37.0	37.0	37.0
9	36.53764498214307	37.0	37.0	37.0	37.0	37.0
10	36.53330041859163	37.0	37.0	37.0	37.0	37.0
11	36.546399300493356	37.0	37.0	37.0	37.0	37.0
12	36.527479706374976	37.0	37.0	37.0	37.0	37.0
13	36.52799850105719	37.0	37.0	37.0	37.0	37.0
14	38.6457042615017	40.0	37.0	40.0	37.0	40.0
15	38.665942724702376	40.0	37.0	40.0	37.0	40.0
16	38.675498029218446	40.0	37.0	40.0	37.0	40.0
17	38.66209233815931	40.0	37.0	40.0	37.0	40.0
18	38.675163411207244	40.0	37.0	40.0	37.0	40.0
19	38.71609986752044	40.0	37.0	40.0	37.0	40.0
20	38.70964502226076	40.0	37.0	40.0	37.0	40.0
21	38.694826094369574	40.0	37.0	40.0	37.0	40.0
22	38.69968854083753	40.0	37.0	40.0	37.0	40.0
23	38.69296426881406	40.0	37.0	40.0	37.0	40.0
24	38.68212793349216	40.0	37.0	40.0	37.0	40.0
25	38.65663724398759	40.0	37.0	40.0	37.0	40.0
26	38.61056845855979	40.0	37.0	40.0	37.0	40.0
27	38.60067990368107	40.0	37.0	40.0	37.0	40.0
28	38.611174782749025	40.0	37.0	40.0	37.0	40.0
29	38.60165230179809	40.0	37.0	40.0	37.0	40.0
30	38.583965870786386	40.0	37.0	40.0	37.0	40.0
31	38.573991609932044	40.0	37.0	40.0	37.0	40.0
32	38.557110268031764	40.0	37.0	40.0	37.0	40.0
33	38.52892759030355	40.0	37.0	40.0	37.0	40.0
34	38.524857924110094	40.0	37.0	40.0	37.0	40.0
35	38.51546081094265	40.0	37.0	40.0	37.0	40.0
36	38.504219195767945	40.0	37.0	40.0	37.0	40.0
37	38.48182395080842	40.0	37.0	40.0	37.0	40.0
38	38.468612009960125	40.0	37.0	40.0	37.0	40.0
39	38.452228492131006	40.0	37.0	40.0	37.0	40.0
40	38.45100262314991	40.0	37.0	40.0	37.0	40.0
41	38.43232555870723	40.0	37.0	40.0	37.0	40.0
42	38.40972106351998	40.0	37.0	40.0	37.0	40.0
43	38.41297014058515	40.0	37.0	40.0	37.0	40.0
44	38.387609833575404	40.0	37.0	40.0	37.0	40.0
45	38.3590191406973	40.0	37.0	40.0	37.0	40.0
46	38.36282530660401	40.0	37.0	40.0	37.0	40.0
47	38.33238828818725	40.0	37.0	40.0	37.0	40.0
48	38.31437590093848	40.0	37.0	40.0	37.0	40.0
49	38.29802611844019	40.0	37.0	40.0	37.0	40.0
50	38.26521349449704	40.0	37.0	40.0	37.0	40.0
51	38.21937766520511	40.0	37.0	40.0	37.0	40.0
52	38.189273441268156	40.0	37.0	40.0	37.0	40.0
53	38.16100596933003	40.0	37.0	40.0	37.0	40.0
54	38.1117181951051	40.0	37.0	40.0	37.0	40.0
55	38.04703297765354	40.0	37.0	40.0	33.0	40.0
56	38.00771764075155	40.0	37.0	40.0	33.0	40.0
57	37.96144325215883	40.0	37.0	40.0	33.0	40.0
58	37.90344492433712	40.0	37.0	40.0	33.0	40.0
59	37.83946906059868	40.0	37.0	40.0	33.0	40.0
60	37.785602399037906	40.0	37.0	40.0	33.0	40.0
61	37.68142450625608	40.0	37.0	40.0	33.0	40.0
62	37.60277058242681	40.0	37.0	40.0	33.0	40.0
63	37.52462907091987	40.0	37.0	40.0	33.0	40.0
64	37.43986859632759	37.0	37.0	40.0	33.0	40.0
65	37.330376477174404	37.0	37.0	40.0	33.0	40.0
66	37.27833289112697	37.0	37.0	40.0	33.0	40.0
67	37.194394373311525	37.0	37.0	40.0	33.0	40.0
68	37.0969753996497	37.0	37.0	40.0	33.0	40.0
69	36.97784956413041	37.0	37.0	40.0	33.0	40.0
70	36.85193153004314	37.0	37.0	40.0	33.0	40.0
71	36.71748666314725	37.0	37.0	40.0	33.0	40.0
72	36.58256403102556	37.0	37.0	40.0	33.0	40.0
73	36.46802392108486	37.0	37.0	37.0	33.0	40.0
74	36.4345447964164	37.0	37.0	37.0	33.0	40.0
75	36.34908499753367	37.0	37.0	37.0	33.0	40.0
76	36.20242155851758	37.0	37.0	37.0	33.0	40.0
77	36.09804398904787	37.0	37.0	37.0	33.0	40.0
78	35.98207970108673	37.0	37.0	37.0	33.0	40.0
79	35.89311917780616	37.0	37.0	37.0	33.0	37.0
80	35.796425969640026	37.0	37.0	37.0	33.0	37.0
81	35.70368617754084	37.0	37.0	37.0	33.0	37.0
82	35.610305870038744	37.0	37.0	37.0	33.0	37.0
83	35.54048604405834	37.0	37.0	37.0	33.0	37.0
84	35.46089345744288	37.0	37.0	37.0	33.0	37.0
85	35.394345958552954	37.0	33.0	37.0	33.0	37.0
86	35.33600024800027	37.0	33.0	37.0	33.0	37.0
87	35.281561909346784	37.0	33.0	37.0	33.0	37.0
88	35.241304718478666	37.0	33.0	37.0	33.0	37.0
89	35.19596625737505	37.0	33.0	37.0	33.0	37.0
90	35.15837051057967	37.0	33.0	37.0	33.0	37.0
91	35.1148792867804	37.0	33.0	37.0	33.0	37.0
92	35.076672656967304	37.0	33.0	37.0	33.0	37.0
93	35.02280827482077	37.0	33.0	37.0	33.0	37.0
94	35.00140047211228	37.0	33.0	37.0	33.0	37.0
95	34.965252153362634	37.0	33.0	37.0	33.0	37.0
96	34.94202537808644	37.0	33.0	37.0	33.0	37.0
97	34.91758367501753	37.0	33.0	37.0	33.0	37.0
98	34.87528549663422	37.0	33.0	37.0	33.0	37.0
99	34.836577395687165	37.0	33.0	37.0	33.0	37.0
100	34.794048084699384	37.0	33.0	37.0	33.0	37.0
101	34.3706911092815	37.0	33.0	37.0	33.0	37.0
>>END_MODULE
>>Per sequence quality scores	pass
#Quality	Count
4	1.0
5	1.0
6	4.0
7	12.0
8	43.0
9	74.0
10	159.0
11	242.0
12	315.0
13	343.0
14	407.0
15	428.0
16	452.0
17	554.0
18	741.0
19	799.0
20	959.0
21	1244.0
22	1541.0
23	2032.0
24	2877.0
25	4021.0
26	5538.0
27	7768.0
28	10976.0
29	15021.0
30	20753.0
31	28204.0
32	39033.0
33	54862.0
34	78665.0
35	114113.0
36	189090.0
37	532573.0
38	1073107.0
39	6594.0
>>END_MODULE
>>Per base sequence content	fail
#Base	G	A	T	C
1	724863	621682	349186	497206
2	253953	519050	993154	427389
3	273351	729188	734924	456083
4	214261	458910	1016851	503524
5	212761	887914	881941	210644
6	491796	1016715	460296	224739
7	447239	763627	684635	298045
8	404214	917136	542080	330116
9	467730	403538	606935	715343
10	280906	666625	817346	428669
11	594061	638290	634209	326986
12	379350	631765	793252	389179
13	490572	569618	691444	441912
14	382998	534931	703891	571726
15	427659	747902	585327	432658
16	406600	746377	643620	396949
17	385458	715871	700707	391506
18	392777	719542	694046	386975
19	405962	702978	694603	390003
20	405663	697065	689685	401133
21	402674	689254	693688	407930
22	406639	683420	694557	408930
23	403627	688212	689220	412487
24	404475	694290	688369	406412
25	409461	685516	690211	408358
26	406734	688532	687891	410388
27	408072	696256	681490	407720
28	412762	688187	685115	407465
29	406778	688805	685420	412514
30	408629	693258	684272	407354
31	412335	687797	684516	408837
32	407021	689857	685549	411016
33	408721	690611	682206	411908
34	412008	685003	687020	409378
35	408785	684820	685471	414271
36	409579	689636	683912	410169
37	412871	685178	687451	407765
38	410403	685053	685280	412516
39	410665	689488	681116	412019
40	413197	683362	687162	409566
41	408612	686773	684190	413668
42	410749	689053	684100	409339
43	414094	683283	685861	409988
44	411406	683515	683606	414689
45	410949	687310	683659	411302
46	412298	682219	686992	411697
47	408774	684814	685318	414352
48	413134	685423	682630	412058
49	413544	684974	684205	410515
50	408860	684418	683338	416645
51	407608	687818	685735	412137
52	413758	680094	687024	412409
53	410668	682551	683431	416617
54	410914	686961	684093	411343
55	413058	682372	685200	412673
56	412580	680736	682602	417428
57	412188	686783	680875	413475
58	414358	679509	682228	417268
59	409346	680018	683919	420076
60	410651	685909	683646	413132
61	413221	680052	686753	413270
62	412481	681910	681514	417448
63	409529	684112	682635	417086
64	412523	681354	685449	414092
65	411213	684562	680185	417454
66	411003	684759	681153	416539
67	415169	680468	683581	414189
68	413148	680563	679754	419939
69	415058	683938	680145	414292
70	415820	680746	680041	416837
71	409367	680113	683788	420132
72	409456	685102	681118	417698
73	416354	678833	682966	415257
74	409516	680573	681984	421344
75	411012	684856	681803	415700
76	416687	679042	681181	416505
77	412325	679664	678384	423027
78	411702	683930	678818	418961
79	414249	680661	682717	415766
80	413867	679840	678624	421073
81	410876	684269	678458	419793
82	415370	679567	681618	416853
83	411368	682232	678324	421464
84	411510	685811	677989	418086
85	416330	676624	682542	417870
86	409921	680611	680889	422014
87	413105	683207	678354	418719
88	416915	677450	680110	418883
89	410932	681117	680087	421227
90	411421	682854	677750	421334
91	413916	677881	682737	418844
92	414337	678077	678012	422957
93	413987	681222	677223	420986
94	413981	680038	681537	417868
95	409418	679287	680795	423956
96	414207	682794	679449	417001
97	417346	676258	679697	420169
98	415036	677473	678577	422401
99	413403	682607	676336	421134
100	416486	677782	680179	419008
101	414108	676699	679660	423062
>>END_MODULE
>>Per base GC content	fail
#Base	%GC
1	55.727501519651504
2	31.061213213673206
3	33.25364501131957
4	32.72258708046241
5	19.304824781375668
6	32.66560172433129
7	33.97621932706221
8	33.476845254213956
9	53.934268987292725
10	32.348307261393195
11	41.988953046801846
12	35.03591900967657
13	42.510346261259166
14	43.5242297175441
15	39.22037650452737
16	36.632420747046105
17	35.420520783281106
18	35.55089498208212
19	36.28667919432736
20	36.780445908132315
21	36.95404609705017
22	37.18039193160298
23	37.205237546876155
24	36.96694758167825
25	37.28296557263901
26	37.2512075202469
27	37.190693755932195
28	37.393031959003046
29	37.35061091388852
30	37.1998251207082
31	37.436864168207215
32	37.2946550240877
33	37.412774237432785
34	37.447917830190356
35	37.52511572496281
36	37.37516504840204
37	37.416180899252936
38	37.520494680957775
39	37.50916432315318
40	37.512783324754125
41	37.491513708239346
42	37.391604479398296
43	37.57396638558908
44	37.66592073010593
45	37.49058461987397
46	37.57034222959448
47	37.529830051913635
48	37.624250824691266
49	37.57271212700126
50	37.63824734037581
51	37.374994186836446
52	37.668018520164956
53	37.719301845146994
54	37.489302702626304
55	37.64783069188343
56	37.84209148944125
57	37.644421404801214
58	37.915566187630596
59	37.81515018745221
60	37.55841552920708
61	37.682601892311844
62	37.838368926479234
63	37.687121414522544
64	37.68615922728819
65	37.77978074362615
66	37.727802816927095
67	37.81140481451914
68	37.98146625063144
69	37.81059188951748
70	37.961169740371766
71	37.817953861584755
72	37.71148923986516
73	37.914069872937574
74	37.87971005969225
75	37.6913891904288
76	37.98606282896762
77	38.08479985410778
78	37.87083223344827
79	37.84159974979404
80	38.065946811440114
81	37.87136476951722
82	37.94200622957516
83	37.97011746211796
84	37.82244519457499
85	38.032868203482685
86	37.92840909349947
87	37.92421303145594
88	38.10586324713066
89	37.939866770799
90	37.9671088955342
91	37.96700796670706
92	38.173634062085824
93	38.067208347884446
94	37.9246784935334
95	37.993650203149734
96	37.89498830837799
97	38.18219533433327
98	38.178343432169875
99	38.04625526560534
100	38.09031869812693
101	38.16544025631756
>>END_MODULE
>>Per sequence GC content	pass
#GC Content	Count
0	0.0
1	0.0
2	0.0
3	0.0
4	1.5
5	5.0
6	7.5
7	9.0
8	12.0
9	24.0
10	49.0
11	64.5
12	80.0
13	146.5
14	264.0
15	337.5
16	399.5
17	584.0
18	839.5
19	1275.0
20	2064.5
21	3429.0
22	5170.0
23	7530.5
24	11672.5
25	17422.0
26	24758.0
27	34447.0
28	46244.0
29	59659.0
30	74533.0
31	89585.0
32	103565.5
33	117641.5
34	128122.5
35	135181.5
36	139937.5
37	140448.0
38	136881.5
39	129315.5
40	120616.5
41	109685.5
42	97404.0
43	85449.0
44	72811.5
45	60762.0
46	50661.5
47	41666.0
48	33539.5
49	26737.0
50	21020.0
51	16187.0
52	12222.0
53	9120.0
54	6662.0
55	4792.0
56	3446.0
57	2544.5
58	1867.5
59	1297.5
60	868.5
61	687.5
62	540.5
63	395.0
64	271.5
65	176.0
66	109.5
67	68.5
68	47.0
69	31.5
70	25.5
71	16.0
72	10.5
73	16.5
74	19.0
75	12.0
76	10.0
77	11.5
78	7.0
79	5.5
80	4.5
81	2.0
82	4.5
83	4.5
84	1.0
85	0.0
86	0.5
87	0.5
88	0.5
89	0.5
90	0.0
91	0.0
92	0.5
93	0.5
94	0.0
95	0.0
96	0.0
97	0.0
98	0.0
99	0.0
100	0.0
>>END_MODULE
>>Per base N content	pass
#Base	N-Count
1	0.02776326550708305
2	0.0
3	0.0
4	0.0
5	0.013038249482800907
6	0.0
7	0.0
8	0.0
9	0.0
10	0.0
11	0.0
12	0.0
13	0.0
14	0.0
15	0.0
16	0.0
17	1.8235313961959313E-4
18	0.009391186690409045
19	0.0
20	0.0
21	0.0
22	0.0
23	0.0
24	0.0
25	0.0
26	4.558828490489828E-5
27	3.6470627923918626E-4
28	7.750008433832707E-4
29	0.0013220602622420502
30	0.0015044134018616432
31	0.002780885379198795
32	0.004695593345204523
33	0.004558828490489828
34	0.006245595031971064
35	0.009072068696074758
36	0.011397071226224569
37	0.012810308058276416
38	0.013402955762040095
39	0.011761777505463755
40	0.011807365790368654
41	0.01381325032618418
42	0.013904426895993974
43	0.01458825116956745
44	0.015044134018616434
45	0.014861780878996839
46	0.015500016867665415
47	0.013129426052610704
48	0.013722073756374383
49	0.01404119175070867
50	0.01299266119789601
51	0.011305894656414774
52	0.011898542360178451
53	0.01271913148846662
54	0.010713246952651094
55	0.011077953231890281
56	0.009117656980979655
57	0.010257364103602113
58	0.008342656137596384
59	0.00852500927721598
60	0.009482363260218842
61	0.011397071226224569
62	0.008798538986645368
63	0.008388244422501284
64	0.00583530046782698
65	0.006017653607446573
66	0.004194122211250642
67	0.006336771601780861
68	0.006473536456495556
69	0.005151476194253505
70	0.004650005060299624
71	0.0066558895961151485
72	0.007841185003642503
73	0.006200006747066166
74	0.005880888752731878
75	0.0079779498583572
76	0.005972065322541675
77	0.0066558895961151485
78	0.0061544184621612685
79	0.006975007590449436
80	0.006473536456495556
81	0.006838242735734743
82	0.006291183316875962
83	0.007202949014973928
84	0.006838242735734743
85	0.00820589128288169
86	0.005060299624443709
87	0.007339713869688623
88	0.008570597562120877
89	0.008342656137596384
90	0.00852500927721598
91	0.00765883186402291
92	0.007430890439498419
93	0.00583530046782698
94	0.00556177075839759
95	0.004102945641440845
96	0.004330887065965337
97	0.0034647096527722692
98	0.0026897088093889984
99	0.0030088268037232863
100	0.004148533926345743
101	7.750008433832707E-4
>>END_MODULE
>>Sequence Length Distribution	pass
#Length	Count
101	2193546.0
>>END_MODULE
>>Sequence Duplication Levels	warn
#Total Duplicate Percentage	38.355667382864034
#Duplication Level	Relative count
1	100.0
2	29.219056936917656
3	10.68188245725336
4	4.460020331883603
5	2.2089903614642012
6	1.303227877611233
7	0.8193901963631917
8	0.5877901688463567
9	0.4609069854542953
10++	3.130039975846334
>>END_MODULE
>>Overrepresented sequences	pass
>>END_MODULE
>>Kmer Content	warn
#Sequence	Count	Obs/Exp Overall	Obs/Exp Max	Max Obs/Exp Position
ACCAT	293835	1.2865041	5.1089807	8
ATACC	257145	1.1258634	5.966432	6
GTATT	386215	1.032598	6.5309477	1
AATAC	382925	1.0168723	5.8634357	5
ATATA	630890	1.0135856	5.664222	1
ATACA	361155	0.9590613	5.2222824	6
TACTG	207880	0.9186727	5.1843095	7
TAATA	569230	0.9145229	5.2200294	4
TATTA	560585	0.8983741	5.933087	2
ATACT	331340	0.8776787	6.267036	6
TATAC	322305	0.8537461	7.2740335	5
GTATA	299270	0.8021514	7.850675	1
TATAA	484500	0.77839595	5.2693844	2
>>END_MODULE
