##FastQC	0.8.0
>>Basic Statistics	pass
#Measure	Value	
Filename	1_140716_AH9BY4ADXX_P1260_1001_2.fastq	
File type	Conventional base calls	
Total Sequences	2462393	
Sequence length	101	
%GC	37	
>>END_MODULE
>>Per base sequence quality	pass
#Base	Mean	Median	Lower Quartile	Upper Quartile	10th Percentile	90th Percentile
1	32.16616194084372	33.0	33.0	33.0	33.0	33.0
2	32.19400721168392	33.0	33.0	33.0	33.0	33.0
3	32.15915331143323	33.0	33.0	33.0	33.0	33.0
4	36.04665908325763	37.0	37.0	37.0	33.0	37.0
5	36.03901408101794	37.0	37.0	37.0	33.0	37.0
6	36.111364432891094	37.0	37.0	37.0	37.0	37.0
7	36.052331207894106	37.0	37.0	37.0	37.0	37.0
8	36.07953279594281	37.0	37.0	37.0	37.0	37.0
9	36.04744977751317	37.0	37.0	37.0	37.0	37.0
10	36.0383135429641	37.0	37.0	37.0	37.0	37.0
11	36.05211150291606	37.0	37.0	37.0	37.0	37.0
12	36.02588335818044	37.0	37.0	37.0	37.0	37.0
13	36.01333905676307	37.0	37.0	37.0	37.0	37.0
14	38.05925780328323	40.0	37.0	40.0	37.0	40.0
15	38.110274436290226	40.0	37.0	40.0	37.0	40.0
16	38.08661493108533	40.0	37.0	40.0	37.0	40.0
17	38.04741972544594	40.0	37.0	40.0	37.0	40.0
18	37.95914380848224	40.0	37.0	40.0	37.0	40.0
19	38.06547817509228	40.0	37.0	40.0	37.0	40.0
20	38.05219637970056	40.0	37.0	40.0	37.0	40.0
21	38.04121681632461	40.0	37.0	40.0	37.0	40.0
22	38.017364003227755	40.0	37.0	40.0	37.0	40.0
23	37.989271818105394	40.0	37.0	40.0	37.0	40.0
24	37.968314562297735	40.0	37.0	40.0	37.0	40.0
25	37.94261760815597	40.0	37.0	40.0	37.0	40.0
26	37.92881761765892	40.0	37.0	40.0	37.0	40.0
27	37.927184247193686	40.0	37.0	40.0	37.0	40.0
28	37.88662329693108	40.0	37.0	40.0	33.0	40.0
29	37.85868665156212	40.0	37.0	40.0	33.0	40.0
30	37.80747549233612	40.0	37.0	40.0	33.0	40.0
31	37.82572603154736	40.0	37.0	40.0	33.0	40.0
32	37.81332874159405	40.0	37.0	40.0	33.0	40.0
33	37.791483325366826	40.0	37.0	40.0	33.0	40.0
34	37.76091062637036	40.0	37.0	40.0	33.0	40.0
35	37.719614618787496	40.0	37.0	40.0	33.0	40.0
36	37.70058922357235	40.0	37.0	40.0	33.0	40.0
37	37.68835275278966	40.0	37.0	40.0	33.0	40.0
38	37.65870029682508	40.0	37.0	40.0	33.0	40.0
39	37.61367295959662	40.0	37.0	40.0	33.0	40.0
40	37.59600559293338	40.0	37.0	40.0	33.0	40.0
41	37.5547652222858	40.0	37.0	40.0	33.0	40.0
42	37.54636404505698	40.0	37.0	40.0	33.0	40.0
43	37.47223371736356	40.0	37.0	40.0	33.0	40.0
44	37.406013987206755	40.0	37.0	40.0	33.0	40.0
45	37.35732435886554	40.0	37.0	40.0	33.0	40.0
46	37.30781682696466	40.0	37.0	40.0	33.0	40.0
47	37.27753612035122	40.0	37.0	40.0	33.0	40.0
48	37.173858112819524	40.0	37.0	40.0	33.0	40.0
49	37.157298611553884	40.0	37.0	40.0	33.0	40.0
50	37.121272680680946	40.0	37.0	40.0	33.0	40.0
51	37.070220716189496	40.0	37.0	40.0	33.0	40.0
52	37.026986756378854	40.0	37.0	40.0	33.0	40.0
53	36.974700220476585	40.0	37.0	40.0	33.0	40.0
54	36.907499330935394	40.0	37.0	40.0	33.0	40.0
55	36.865726551366905	40.0	37.0	40.0	33.0	40.0
56	36.791594599237406	40.0	37.0	40.0	33.0	40.0
57	36.70576670742648	40.0	37.0	40.0	33.0	40.0
58	36.655098109846804	40.0	37.0	40.0	33.0	40.0
59	36.60284365655686	40.0	37.0	40.0	33.0	40.0
60	36.51693170017946	37.0	37.0	40.0	33.0	40.0
61	36.418610270578256	37.0	37.0	40.0	33.0	40.0
62	36.3261230031112	37.0	37.0	40.0	33.0	40.0
63	36.236868363417216	37.0	37.0	40.0	33.0	40.0
64	36.13429537852	37.0	37.0	40.0	33.0	40.0
65	36.008101468774484	37.0	37.0	40.0	33.0	40.0
66	35.89697176689505	37.0	37.0	40.0	33.0	40.0
67	35.76246196281422	37.0	37.0	40.0	33.0	40.0
68	35.62248471304134	37.0	37.0	40.0	33.0	40.0
69	35.50949178299321	37.0	37.0	40.0	33.0	40.0
70	35.37398335684028	37.0	37.0	40.0	33.0	40.0
71	35.226369227008036	37.0	37.0	40.0	33.0	40.0
72	35.05567754619185	37.0	33.0	37.0	27.0	40.0
73	34.93644190833876	37.0	33.0	37.0	27.0	40.0
74	34.79896629010885	37.0	33.0	37.0	27.0	40.0
75	34.65260703713826	37.0	33.0	37.0	27.0	40.0
76	34.52206613647781	37.0	33.0	37.0	27.0	40.0
77	34.38438583930348	37.0	33.0	37.0	27.0	40.0
78	34.23971112653423	37.0	33.0	37.0	27.0	37.0
79	34.10594978137121	37.0	33.0	37.0	27.0	37.0
80	33.98999794102728	37.0	33.0	37.0	27.0	37.0
81	33.85534884155373	37.0	33.0	37.0	27.0	37.0
82	33.745558487211426	37.0	33.0	37.0	27.0	37.0
83	33.84823949710708	37.0	33.0	37.0	27.0	37.0
84	33.84330161757283	37.0	33.0	37.0	27.0	37.0
85	33.77663273084353	37.0	33.0	37.0	27.0	37.0
86	33.712518675938405	37.0	33.0	37.0	27.0	37.0
87	33.65644720400034	37.0	33.0	37.0	27.0	37.0
88	33.5991764921359	37.0	33.0	37.0	27.0	37.0
89	33.69637706085097	37.0	33.0	37.0	27.0	37.0
90	33.698072972104775	37.0	33.0	37.0	27.0	37.0
91	33.66180703080296	37.0	33.0	37.0	27.0	37.0
92	33.62545377606256	37.0	33.0	37.0	27.0	37.0
93	33.54962672489729	37.0	33.0	37.0	27.0	37.0
94	33.53693703645194	37.0	33.0	37.0	27.0	37.0
95	33.506019550900284	37.0	33.0	37.0	27.0	37.0
96	33.443744763731864	37.0	33.0	37.0	27.0	37.0
97	33.383309650409174	37.0	33.0	37.0	27.0	37.0
98	33.323432124766434	37.0	33.0	37.0	27.0	37.0
99	33.290273323551524	37.0	33.0	37.0	27.0	37.0
100	33.22183177096426	37.0	33.0	37.0	27.0	37.0
101	32.80353501654691	37.0	33.0	37.0	27.0	37.0
>>END_MODULE
>>Per sequence quality scores	pass
#Quality	Count
2	16506.0
3	3513.0
4	2308.0
5	1978.0
6	1931.0
7	2024.0
8	2270.0
9	2446.0
10	2603.0
11	2717.0
12	2814.0
13	3103.0
14	3310.0
15	3590.0
16	3770.0
17	3855.0
18	3774.0
19	3809.0
20	4068.0
21	4152.0
22	4704.0
23	5400.0
24	6689.0
25	8525.0
26	10350.0
27	12976.0
28	16362.0
29	21187.0
30	26921.0
31	35903.0
32	48956.0
33	69117.0
34	99753.0
35	151791.0
36	271835.0
37	697947.0
38	897340.0
39	2096.0
>>END_MODULE
>>Per base sequence content	fail
#Base	G	A	T	C
1	865590	681330	382806	532664
2	306016	566676	1128933	460768
3	333523	805929	817401	505539
4	261467	500190	1138413	562322
5	252704	987122	978965	243602
6	563572	1116316	522004	260499
7	515759	852456	757227	336950
8	462462	1013339	612111	374476
9	530482	458626	680721	792534
10	329191	740043	909941	483215
11	670077	709455	710186	372673
12	433134	707911	880975	440370
13	554567	636055	773169	498599
14	436662	602123	784876	638722
15	488052	833409	655249	485668
16	462026	831627	722264	446470
17	438471	799283	784601	440023
18	448510	801500	778146	434226
19	462306	785202	776190	438694
20	462558	775478	773276	451050
21	457010	773016	775893	456464
22	463592	761973	777197	459605
23	460220	770671	767548	463878
24	459555	774865	769649	458230
25	467219	762795	772620	459667
26	462005	770458	766801	463052
27	463585	775788	763348	459635
28	468342	771609	764705	457643
29	462970	770233	765646	463431
30	465832	772738	765879	457830
31	469687	768979	761537	462050
32	460782	771451	768012	461983
33	464518	772524	761972	463188
34	470753	761672	767751	461978
35	464759	765548	765645	466145
36	464373	770687	762765	464197
37	467851	765549	771293	457361
38	467378	765817	763234	465616
39	467043	768611	762356	463996
40	469884	763860	767841	460167
41	464165	765672	764333	467558
42	464389	771793	765426	460153
43	473639	761115	765693	461148
44	467789	763104	763659	466845
45	467372	767743	761821	464509
46	469758	759644	766775	465144
47	463821	766721	763309	467324
48	473115	763363	759474	465097
49	471357	761228	765579	462764
50	466386	763068	762462	469013
51	465487	768259	763261	463963
52	472212	759071	764725	464955
53	465936	761789	762640	470703
54	467199	766288	762873	464901
55	472050	759930	764248	464865
56	469566	759414	762921	469297
57	468767	765491	760807	466010
58	471152	754097	763869	472010
59	465099	758305	765117	472610
60	467094	766840	760572	466570
61	472118	756533	764136	468202
62	469269	759249	759641	472712
63	466085	761877	761595	471200
64	470805	759924	763596	466603
65	467898	763407	757951	471710
66	469372	763768	758973	469050
67	472426	758883	761084	468659
68	470076	758508	758077	474325
69	473525	760195	758506	468703
70	474524	757120	759607	469570
71	465108	758481	763259	473938
72	466289	761858	759266	473268
73	475426	755620	761709	467996
74	467898	758730	760611	473690
75	470286	760453	760807	469266
76	474909	758417	758270	469093
77	470343	757798	754415	477881
78	470526	760970	758573	470535
79	472848	755989	760932	470637
80	472076	756447	756765	475271
81	467004	762953	757717	472860
82	475945	754673	759133	470798
83	469308	757204	759217	474839
84	469427	764483	757218	469490
85	474648	751851	763286	470887
86	467967	757720	758212	476684
87	472618	758308	758794	470849
88	476058	751629	759911	473089
89	471652	757854	756073	474767
90	469487	759283	758808	473094
91	472987	751860	763180	472570
92	472079	756157	754354	477819
93	473017	757351	757918	472181
94	475896	752100	759306	473166
95	469381	753597	760173	477318
96	473590	760914	757008	469051
97	477737	749754	757185	475430
98	475053	752645	757558	475033
99	474799	760046	754987	470687
100	478211	752178	756980	473117
101	476912	749750	757878	475902
>>END_MODULE
>>Per base GC content	fail
#Base	%GC
1	56.78442488801531
2	31.13978962740716
3	34.075078216628384
4	33.45482766350768
5	20.155434165058136
6	33.466293533399046
7	34.62929541681422
8	33.98887583922598
9	53.72952728740644
10	32.99258037922506
11	42.34705211316968
12	35.47382827253197
13	42.77007297787922
14	43.67249124120821
15	39.543888062677624
16	36.8949316252888
17	35.67665078229256
18	35.8488650420609
19	36.59043726587806
20	37.10291175708527
21	37.097153448509026
22	37.49225846512726
23	37.52961133761413
24	37.273499278519786
25	37.643082628809395
26	37.568573651797735
27	37.493360017804086
28	37.606521385095796
29	37.62370648342187
30	37.51248335383602
31	37.840831141235284
32	37.476829928016414
33	37.677899701161806
34	37.882723826373166
35	37.809395811781584
36	37.71574746285776
37	37.57886707602677
38	37.89508315242004
39	37.81627664595456
40	37.78004445614343
41	37.84833255339339
42	37.5561234417151
43	37.97484964017232
44	37.97168843546977
45	37.859103087820365
46	37.98374937685901
47	37.83335195587473
48	38.122442909507285
49	37.95807922864871
50	38.00999541230162
51	37.76762821164012
52	38.08131207173777
53	38.05823325483083
54	37.870831252760276
55	38.069061185416395
56	38.14658552461037
57	37.982467011366985
58	38.322346501279085
59	38.10073498728836
60	37.937227456608404
61	38.20902897168577
62	38.27835754088695
63	38.08929528596281
64	38.09164672838864
65	38.18045434191289
66	38.12920964600882
67	38.23913513408087
68	38.374903392380126
69	38.28749224378274
70	38.36500094887032
71	38.16040890999868
72	38.18280386608423
73	38.338783566480316
74	38.261485804750976
75	38.180568040142845
76	38.363320192027516
77	38.53884492876672
78	38.24512192941245
79	38.34672001287592
80	38.50129177963219
81	38.19756199264062
82	38.47690088675332
83	38.37109968104925
84	38.15777174677255
85	38.42588528662089
86	38.39134871695041
87	38.34344820242798
88	38.572439322839514
89	38.466906687108235
90	38.3058367795464
91	38.427950615236874
92	38.60732097793497
93	38.41539024908686
94	38.57241793024742
95	38.4763636526207
96	38.30997214865054
97	38.74495651813377
98	38.616845419379594
99	38.4262832353662
100	38.664231375427455
101	38.7253184590411
>>END_MODULE
>>Per sequence GC content	pass
#GC Content	Count
0	1.5
1	1.5
2	2.5
3	5.5
4	6.5
5	12.5
6	24.5
7	34.0
8	49.0
9	66.5
10	89.5
11	118.0
12	132.0
13	165.5
14	220.5
15	262.0
16	312.0
17	411.5
18	567.0
19	850.0
20	1382.5
21	2272.5
22	3730.0
23	6158.0
24	10200.0
25	16221.5
26	24676.0
27	35349.5
28	48326.5
29	63795.5
30	80237.5
31	96688.0
32	112854.5
33	128756.0
34	140932.5
35	149615.0
36	155431.5
37	156972.0
38	153586.5
39	144766.0
40	135238.5
41	124859.5
42	113039.5
43	100192.0
44	86452.0
45	73601.5
46	61271.5
47	49880.0
48	41042.5
49	33150.0
50	26610.5
51	21593.0
52	16404.5
53	12336.5
54	8805.5
55	6042.0
56	4333.0
57	3152.5
58	2428.5
59	1855.5
60	1314.0
61	912.0
62	664.5
63	466.5
64	329.5
65	242.0
66	175.5
67	107.0
68	74.0
69	53.5
70	33.0
71	36.0
72	32.5
73	22.5
74	20.5
75	16.0
76	13.0
77	10.0
78	13.0
79	13.5
80	12.0
81	10.0
82	6.0
83	5.0
84	4.0
85	4.0
86	3.0
87	3.0
88	4.5
89	4.5
90	5.0
91	7.0
92	5.5
93	4.5
94	6.0
95	4.5
96	5.5
97	9.0
98	12.5
99	20.0
100	74.5
>>END_MODULE
>>Per base N content	pass
#Base	N-Count
1	1.2183270501499964E-4
2	0.0
3	4.061090167166655E-5
4	4.061090167166655E-5
5	0.0
6	8.12218033433331E-5
7	4.061090167166655E-5
8	2.030545083583327E-4
9	0.0012183270501499963
10	1.2183270501499964E-4
11	8.12218033433331E-5
12	1.2183270501499964E-4
13	1.2183270501499964E-4
14	4.061090167166654E-4
15	6.091635250749982E-4
16	2.4366541002999927E-4
17	6.091635250749982E-4
18	4.46719918388332E-4
19	4.061090167166655E-5
20	0.0012589379518216628
21	4.061090167166654E-4
22	0.0010558834434633302
23	0.003086428527046657
24	0.0038174247571366557
25	0.003736202953793322
26	0.003127039428718324
27	0.001502603361851662
28	0.0038174247571366557
29	0.00458903188889832
30	0.004629642790569986
31	0.005685526234033316
32	0.006700798775824981
33	0.007756682219288311
34	0.009706005499528304
35	0.012020826894813296
36	0.015066644520188289
37	0.01376709566669496
38	0.01413259378173996
39	0.015716418946934953
40	0.026031587971538258
41	0.027006249611658255
42	0.025666089856493254
43	0.0324074995339899
44	0.04044845806497988
45	0.03849913478473988
46	0.043534886592026534
47	0.04946407823608985
48	0.05458105184671984
49	0.059494970948991484
50	0.05945436004731982
51	0.05778931307878149
52	0.05807358939048316
53	0.053809444714958174
54	0.04597154069232653
55	0.05279417217316651
56	0.04853002749764152
57	0.05352516840325651
58	0.05137279061465818
59	0.05125095790964318
60	0.05348455750158484
61	0.05701770594701983
62	0.061809792344276485
63	0.06643943513484646
64	0.059494970948991484
65	0.057951756685468155
66	0.049951409056149844
67	0.05445921914170483
68	0.05713953865203483
69	0.05945436004731982
70	0.06384033742785981
71	0.06526171898636814
72	0.06952586366189312
73	0.06668310054487647
74	0.05945436004731982
75	0.06420583554290481
76	0.0692009764485198
77	0.07943492366977976
78	0.07265290309061145
79	0.08069386162160143
80	0.07448039366583645
81	0.0754956662076281
82	0.0748865026825531
83	0.07411489555079145
84	0.07208435046720812
85	0.06989136177693812
86	0.07350573202571645
87	0.07407428464911978
88	0.06928219825186313
89	0.08313051572190143
90	0.06989136177693812
91	0.07293717940231312
92	0.08057202891658642
93	0.07821659661962976
94	0.0781759857179581
95	0.07813537481628643
96	0.07431795005914978
97	0.09287713212310139
98	0.08544533711718641
99	0.0761048297327031
100	0.0774449894878681
101	0.07923186916142143
>>END_MODULE
>>Sequence Length Distribution	pass
#Length	Count
101	2462393.0
>>END_MODULE
>>Sequence Duplication Levels	warn
#Total Duplicate Percentage	37.01301728800284
#Duplication Level	Relative count
1	100.0
2	26.634936379046167
3	9.45616853075938
4	3.7817272034168044
5	1.8223942796657218
6	1.0659007972049712
7	0.6195548383753895
8	0.4604099276815917
9	0.3863890389868021
10++	3.8142963944425117
>>END_MODULE
>>Overrepresented sequences	pass
>>END_MODULE
>>Kmer Content	warn
#Sequence	Count	Obs/Exp Overall	Obs/Exp Max	Max Obs/Exp Position
ACACC	174655	1.1371468	5.009687	6
GTCTT	291295	1.1363571	5.2205477	1
ATACC	275900	1.0936611	5.2724094	6
GTCCA	169200	1.0906203	5.2504506	1
GTATT	429775	1.026846	7.211378	1
AATAC	411155	0.99820334	5.3466086	5
ATATA	636560	0.9409105	5.44397	1
TACTG	236325	0.9274241	5.101042	7
TATTA	591955	0.86978257	5.979391	2
ATACT	358130	0.86430544	5.726097	6
TATAC	352945	0.851792	6.7072825	5
GTATA	321420	0.7725455	8.09897	1
TATAA	498135	0.7363021	5.0700645	2
>>END_MODULE
