##FastQC	0.8.0
>>Basic Statistics	pass
#Measure	Value	
Filename	1_140716_AH9BY4ADXX_P1260_1008_2.fastq.gz	
File type	Conventional base calls	
Total Sequences	1312616	
Sequence length	101	
%GC	37	
>>END_MODULE
>>Per base sequence quality	pass
#Base	Mean	Median	Lower Quartile	Upper Quartile	10th Percentile	90th Percentile
1	32.00174384587724	33.0	33.0	33.0	33.0	33.0
2	32.02258009958739	33.0	33.0	33.0	33.0	33.0
3	31.993667607281946	33.0	33.0	33.0	33.0	33.0
4	35.86188268313048	37.0	37.0	37.0	33.0	37.0
5	35.86708298542757	37.0	37.0	37.0	33.0	37.0
6	35.9239945269599	37.0	37.0	37.0	33.0	37.0
7	35.85418812508761	37.0	37.0	37.0	33.0	37.0
8	35.888249876582336	37.0	37.0	37.0	33.0	37.0
9	35.847546426372986	37.0	37.0	37.0	33.0	37.0
10	35.839040511467175	37.0	37.0	37.0	33.0	37.0
11	35.85049245171474	37.0	37.0	37.0	33.0	37.0
12	35.82161271841879	37.0	37.0	37.0	33.0	37.0
13	35.808141147144326	37.0	37.0	37.0	33.0	37.0
14	37.80321739183432	40.0	37.0	40.0	33.0	40.0
15	37.85281453220134	40.0	37.0	40.0	33.0	40.0
16	37.82432790701927	40.0	37.0	40.0	33.0	40.0
17	37.78849488349982	40.0	37.0	40.0	33.0	40.0
18	37.69732656009069	40.0	37.0	40.0	33.0	40.0
19	37.808458071515204	40.0	37.0	40.0	33.0	40.0
20	37.799689322696054	40.0	37.0	40.0	33.0	40.0
21	37.78730565527161	40.0	37.0	40.0	33.0	40.0
22	37.75439275462131	40.0	37.0	40.0	33.0	40.0
23	37.720624310537126	40.0	37.0	40.0	33.0	40.0
24	37.698361897158044	40.0	37.0	40.0	33.0	40.0
25	37.668781273426504	40.0	37.0	40.0	33.0	40.0
26	37.661341930922674	40.0	37.0	40.0	33.0	40.0
27	37.663424032618835	40.0	37.0	40.0	33.0	40.0
28	37.62265658806536	40.0	37.0	40.0	33.0	40.0
29	37.58889728603034	40.0	37.0	40.0	33.0	40.0
30	37.53174805121986	40.0	37.0	40.0	33.0	40.0
31	37.55336290278345	40.0	37.0	40.0	33.0	40.0
32	37.53742831109784	40.0	37.0	40.0	33.0	40.0
33	37.51431187795974	40.0	37.0	40.0	33.0	40.0
34	37.48267657867952	40.0	37.0	40.0	33.0	40.0
35	37.44621732479263	40.0	37.0	40.0	33.0	40.0
36	37.4122546121638	40.0	37.0	40.0	33.0	40.0
37	37.40147842171663	40.0	37.0	40.0	33.0	40.0
38	37.36995663621349	40.0	37.0	40.0	33.0	40.0
39	37.31705693058747	40.0	37.0	40.0	33.0	40.0
40	37.30543586243044	40.0	37.0	40.0	33.0	40.0
41	37.25865599687951	40.0	37.0	40.0	33.0	40.0
42	37.24418489489691	40.0	37.0	40.0	33.0	40.0
43	37.175006247066925	40.0	37.0	40.0	33.0	40.0
44	37.10393976608543	40.0	37.0	40.0	33.0	40.0
45	37.06220250248359	40.0	37.0	40.0	33.0	40.0
46	37.00769074885572	40.0	37.0	40.0	33.0	40.0
47	36.977090786642854	40.0	37.0	40.0	33.0	40.0
48	36.88184130012129	40.0	37.0	40.0	33.0	40.0
49	36.85318630886718	40.0	37.0	40.0	33.0	40.0
50	36.822654150185585	40.0	37.0	40.0	33.0	40.0
51	36.767350085630525	40.0	37.0	40.0	33.0	40.0
52	36.72397944257879	40.0	37.0	40.0	33.0	40.0
53	36.66654223321977	40.0	37.0	40.0	33.0	40.0
54	36.59611112465489	40.0	37.0	40.0	33.0	40.0
55	36.5533362384734	40.0	37.0	40.0	33.0	40.0
56	36.48250135607063	40.0	37.0	40.0	33.0	40.0
57	36.39201487716133	40.0	37.0	40.0	33.0	40.0
58	36.34303177776288	40.0	37.0	40.0	33.0	40.0
59	36.286503440457835	37.0	37.0	40.0	33.0	40.0
60	36.19912678193775	37.0	37.0	40.0	33.0	40.0
61	36.107444218263375	37.0	37.0	40.0	33.0	40.0
62	36.00784235450429	37.0	37.0	40.0	33.0	40.0
63	35.918457492518755	37.0	37.0	40.0	33.0	40.0
64	35.81637889527478	37.0	37.0	40.0	33.0	40.0
65	35.68514173223547	37.0	37.0	40.0	33.0	40.0
66	35.57731126239509	37.0	37.0	40.0	27.0	40.0
67	35.44328272701232	37.0	37.0	40.0	27.0	40.0
68	35.300301839989764	37.0	37.0	40.0	27.0	40.0
69	35.19401104359539	37.0	37.0	40.0	27.0	40.0
70	35.05745473161991	37.0	37.0	40.0	27.0	40.0
71	34.91252963547603	37.0	33.0	37.0	27.0	40.0
72	34.740214960049244	37.0	33.0	37.0	27.0	40.0
73	34.61259043010294	37.0	33.0	37.0	27.0	40.0
74	34.47863960213802	37.0	33.0	37.0	27.0	40.0
75	34.325616935950805	37.0	33.0	37.0	27.0	40.0
76	34.198536357929505	37.0	33.0	37.0	27.0	40.0
77	34.071402451288115	37.0	33.0	37.0	27.0	40.0
78	33.91139678321763	37.0	33.0	37.0	27.0	37.0
79	33.78268815860846	37.0	33.0	37.0	27.0	37.0
80	33.66539033502563	37.0	33.0	37.0	27.0	37.0
81	33.5359412044345	37.0	33.0	37.0	27.0	37.0
82	33.43142625108943	37.0	33.0	37.0	27.0	37.0
83	33.52441155676908	37.0	33.0	37.0	27.0	37.0
84	33.51291923913772	37.0	33.0	37.0	27.0	37.0
85	33.45072740237815	37.0	33.0	37.0	27.0	37.0
86	33.38701036708375	37.0	33.0	37.0	27.0	37.0
87	33.3245320794505	37.0	33.0	37.0	27.0	37.0
88	33.26558567014268	37.0	33.0	37.0	27.0	37.0
89	33.35651858578594	37.0	33.0	37.0	27.0	37.0
90	33.355877118669895	37.0	33.0	37.0	27.0	37.0
91	33.32049815025872	37.0	33.0	37.0	27.0	37.0
92	33.28484949139733	37.0	33.0	37.0	27.0	37.0
93	33.2049967393358	37.0	33.0	37.0	27.0	37.0
94	33.18705699153446	37.0	33.0	37.0	27.0	37.0
95	33.1542088470657	37.0	33.0	37.0	27.0	37.0
96	33.08449234201015	37.0	33.0	37.0	27.0	37.0
97	33.028786027292064	37.0	33.0	37.0	27.0	37.0
98	32.96042559286189	37.0	33.0	37.0	27.0	37.0
99	32.92139970867337	37.0	33.0	37.0	27.0	37.0
100	32.850608251004104	37.0	33.0	37.0	27.0	37.0
101	32.430953150045404	37.0	33.0	37.0	27.0	37.0
>>END_MODULE
>>Per sequence quality scores	pass
#Quality	Count
2	11603.0
3	2446.0
4	1685.0
5	1361.0
6	1302.0
7	1402.0
8	1516.0
9	1598.0
10	1701.0
11	1758.0
12	1928.0
13	1911.0
14	1963.0
15	2202.0
16	2331.0
17	2392.0
18	2412.0
19	2488.0
20	2542.0
21	2616.0
22	2940.0
23	3444.0
24	4107.0
25	5171.0
26	6506.0
27	7994.0
28	9682.0
29	12240.0
30	15712.0
31	20533.0
32	27533.0
33	38416.0
34	54604.0
35	82177.0
36	143734.0
37	362804.0
38	464748.0
39	1114.0
>>END_MODULE
>>Per base sequence content	fail
#Base	G	A	T	C
1	463731	362994	200736	285154
2	164883	303238	598388	246107
3	175970	428649	438128	269869
4	138926	267197	608489	298004
5	134631	528322	520965	128698
6	301338	597286	276414	137577
7	274082	458206	401785	178543
8	246699	538025	326944	200946
9	284811	242698	362863	422225
10	174802	393599	487687	256526
11	356486	379583	379467	197079
12	231183	378326	469010	234093
13	294273	338812	415240	264291
14	232837	322839	417506	339427
15	258715	446011	349513	258362
16	246465	445049	383726	237368
17	233710	426378	418592	233921
18	238678	428479	413744	231704
19	246270	419484	414469	232392
20	246023	415772	410587	240217
21	245124	411579	413343	242558
22	247879	407249	412541	244923
23	245117	410325	411793	245329
24	245017	414665	409225	243648
25	249029	407778	410929	244820
26	245515	410961	409821	246270
27	246005	415370	407545	243677
28	249576	410642	408312	244029
29	246675	411171	406733	247972
30	247697	413626	408818	242394
31	250211	408272	408618	245417
32	246773	410882	407212	247643
33	247750	411812	406828	246102
34	250335	407122	408752	246267
35	247561	408011	408003	248876
36	247850	410931	406640	246985
37	250144	407549	409360	245360
38	247788	408179	409047	247399
39	248770	411608	405873	246139
40	251161	407686	409859	243550
41	247988	408516	407597	248157
42	249583	409692	407555	245437
43	251086	406708	407507	246889
44	248911	406513	406404	250248
45	248491	410711	405360	247543
46	250813	404122	409295	247815
47	246504	407975	408382	249115
48	250922	408530	405951	246501
49	250949	407369	407546	245982
50	248055	406698	407259	249828
51	247117	409624	408168	246943
52	250954	404311	409202	247382
53	247600	406985	406369	250955
54	248386	409112	406650	247864
55	251156	405336	407745	247700
56	250536	404894	405693	250867
57	248349	408394	406476	248700
58	251249	404919	406023	249748
59	246210	404287	408050	253399
60	248620	409311	406023	247959
61	250911	403348	408803	248808
62	249546	405508	406143	250609
63	247715	407794	406284	249950
64	250638	404453	407025	249720
65	249985	405936	404039	251904
66	250832	406126	404125	250885
67	252365	404623	405516	249393
68	249743	405335	404497	252298
69	250694	407764	402776	250603
70	252286	404070	405882	249542
71	247790	404205	407220	252560
72	249446	406864	404359	251059
73	254355	402582	405279	249543
74	250395	404121	404899	252445
75	251741	405888	403634	250523
76	253386	403801	403603	250940
77	251457	403636	402390	254115
78	249938	406197	404000	251552
79	252386	403739	405473	249989
80	251809	403278	403846	252739
81	250781	406146	403585	251150
82	253783	403648	404576	249663
83	252146	403147	403445	252938
84	250843	407925	402822	250113
85	254327	401766	404987	250637
86	250865	402608	403753	254467
87	253561	404941	403121	250077
88	255236	400461	404544	251501
89	251375	404185	402597	253413
90	252227	403158	403657	252717
91	254091	400669	405428	251497
92	252917	401451	403383	253854
93	252913	403950	403621	251149
94	254878	398827	405039	252892
95	251680	401797	403255	254905
96	253620	405228	402702	250121
97	257181	399138	402943	252184
98	254764	400231	402242	254325
99	254097	402866	401546	253154
100	256338	399665	404474	251181
101	254980	399898	402718	254033
>>END_MODULE
>>Per base GC content	fail
#Base	%GC
1	57.052905840631105
2	31.310756535041474
3	33.96568379480366
4	33.286962828428116
5	20.061388860108366
6	33.438213032762846
7	34.48266667479293
8	34.103323597036145
9	53.86542861213305
10	32.860231568458055
11	42.17268582181371
12	35.44657522558075
13	42.5534962243337
14	43.597446002579595
15	39.39331144803333
16	36.86043357956069
17	35.626287043816056
18	35.83576171049173
19	36.46629057263554
20	37.044062962108
21	37.15377981478039
22	37.54418737886564
23	37.36549227313868
24	37.230058930863855
25	37.62498514349102
26	37.467420710714194
27	37.306347645164514
28	37.60630950684883
29	37.685926108775966
30	37.3392709527746
31	37.76161545974988
32	37.66950347044975
33	37.62704839343783
34	37.83703473434943
35	37.825183568758
36	37.704414639981835
37	37.75518834391308
38	37.73103436189675
39	37.71051288107955
40	37.69927514143582
41	37.80849497583554
42	37.72250616680904
43	37.949915789634126
44	38.04345175127051
45	37.804444004100276
46	38.003879440110666
47	37.776529448709425
48	37.91611276434861
49	37.88028472854283
50	37.953027808269304
51	37.661260569027604
52	37.98729884308331
53	38.002254729558224
54	37.823586979387386
55	38.024386841746214
56	38.216983361153666
57	37.887171387867696
58	38.18752243816214
59	38.08152164799466
60	37.851519117502455
61	38.09211278556564
62	38.127207834085226
63	37.93921522737305
64	38.141810409227986
65	38.25770049334382
66	38.24155772092002
67	38.24675260329126
68	38.26902451685491
69	38.213360348884805
70	38.25550016008782
71	38.142974214327914
72	38.15615737408975
73	38.41391597084525
74	38.33030963669904
75	38.28856231123064
76	38.447393899659225
77	38.54626188817
78	38.23244417303823
79	38.302834657556076
80	38.46601894376033
81	38.266794341835016
82	38.38206256146744
83	38.50676539023357
84	38.19126738293653
85	38.496413479431915
86	38.52517319220275
87	38.395822215445605
88	38.63084356527427
89	38.487309102830956
90	38.493656228011396
91	38.544925039167175
92	38.63747088490819
93	38.43010964195015
94	38.712722127175525
95	38.6223474940094
96	38.404523695347386
97	38.83995223592889
98	38.81547345836491
99	38.67235715271377
100	38.692936725884344
101	38.80769638365727
>>END_MODULE
>>Per sequence GC content	pass
#GC Content	Count
0	0.0
1	1.0
2	2.5
3	3.5
4	6.5
5	13.0
6	15.5
7	26.0
8	37.0
9	43.0
10	54.0
11	61.0
12	70.0
13	95.0
14	129.5
15	147.0
16	185.0
17	243.5
18	349.5
19	506.0
20	771.5
21	1259.0
22	1989.5
23	3163.5
24	5177.5
25	8194.0
26	12529.0
27	18227.5
28	25368.5
29	33464.5
30	42379.0
31	51890.0
32	60730.5
33	69118.0
34	76465.0
35	81490.5
36	83937.5
37	84421.5
38	82555.0
39	78528.5
40	72456.0
41	65987.5
42	59985.5
43	52459.5
44	44978.0
45	37994.5
46	31712.0
47	26599.5
48	21868.0
49	17320.0
50	13521.0
51	10592.0
52	8278.5
53	6297.5
54	4642.0
55	3747.0
56	3025.5
57	2160.5
58	1493.5
59	1023.0
60	640.5
61	513.0
62	396.0
63	292.0
64	231.5
65	165.5
66	120.0
67	79.5
68	46.0
69	31.5
70	23.0
71	20.5
72	16.5
73	14.0
74	12.5
75	13.5
76	11.5
77	7.5
78	10.0
79	11.0
80	9.5
81	6.0
82	4.5
83	5.5
84	6.0
85	5.0
86	3.5
87	5.0
88	6.0
89	6.0
90	6.0
91	3.0
92	1.0
93	1.5
94	2.0
95	3.5
96	4.0
97	3.5
98	2.5
99	8.0
100	43.0
>>END_MODULE
>>Per base N content	pass
#Base	N-Count
1	7.618374299871403E-5
2	0.0
3	0.0
4	0.0
5	0.0
6	7.618374299871403E-5
7	0.0
8	1.5236748599742805E-4
9	0.0014474911169755664
10	1.5236748599742805E-4
11	7.618374299871403E-5
12	3.047349719948561E-4
13	0.0
14	5.332862009909982E-4
15	0.0011427561449807104
16	6.094699439897122E-4
17	0.0011427561449807104
18	8.380211729858543E-4
19	7.618374299871403E-5
20	0.0012951236309781382
21	9.142049159845682E-4
22	0.0018284098319691364
23	0.003961554635933129
24	0.004647208322921555
25	0.0045710245799228414
26	0.0037330034069369866
27	0.0014474911169755664
28	0.004342473350926699
29	0.004951943294916411
30	0.006170883182895836
31	0.007466006813873973
32	0.008075476757863687
33	0.009446784131840538
34	0.010665724019819961
35	0.012570317594787814
36	0.015998586029729943
37	0.015465299828738946
38	0.015465299828738946
39	0.017217525917709368
40	0.027426147479537047
41	0.02727377999353962
42	0.02658812630655119
43	0.03245427451745218
44	0.04113922121930557
45	0.03892989267234286
46	0.04350091725226571
47	0.04875759551917697
48	0.05424282501508438
49	0.0586614821090098
50	0.05911858456700208
51	0.058204379651017504
52	0.058432930880013646
53	0.053861906300090814
54	0.04601498077122327
55	0.05172876149612682
56	0.047691023117194975
57	0.05310006887010368
58	0.051576394010129395
59	0.05104310780913839
60	0.053557171328095954
61	0.05683307227704066
62	0.06170883182895835
63	0.06650840763787734
64	0.05942331953899694
65	0.057290174735032943
66	0.04936706546316669
67	0.05477611121607538
68	0.05660452104804452
69	0.05934713579599822
70	0.06368960914692492
71	0.06407052786191848
72	0.06765116378285806
73	0.06528946774989791
74	0.0575949097070278
75	0.06323250668893263
76	0.06749879629686062
77	0.07755505037269086
78	0.07077469724580532
79	0.07839307154567672
80	0.07191745339078603
81	0.07267929082077318
82	0.07206982087678346
83	0.07161271841879117
84	0.0695557573578259
85	0.0684891849558439
86	0.07031759478781303
87	0.06978430858682204
88	0.06658459138087605
89	0.07968819517665486
90	0.06528946774989791
91	0.07092706473180276
92	0.07702176417169987
93	0.07488861936773589
94	0.07466006813873974
95	0.07458388439574103
96	0.07199363713378475
97	0.0891349793084954
98	0.08029766512064457
99	0.07260310707777445
100	0.07298402579276804
101	0.07519335433973073
>>END_MODULE
>>Sequence Length Distribution	pass
#Length	Count
101	1312616.0
>>END_MODULE
>>Sequence Duplication Levels	warn
#Total Duplicate Percentage	25.654877226723997
#Duplication Level	Relative count
1	100.0
2	17.49167802682053
3	4.4447262467108395
4	1.4659353897853724
5	0.6999968297245031
6	0.41276986970167706
7	0.30941888850141075
8	0.2529879846558666
9	0.1997273563072631
10++	1.533779285419903
>>END_MODULE
>>Overrepresented sequences	pass
>>END_MODULE
>>Kmer Content	warn
#Sequence	Count	Obs/Exp Overall	Obs/Exp Max	Max Obs/Exp Position
ACCAT	175180	1.3027644	5.043887	8
GTCTT	155810	1.143103	5.4337263	1
ATACC	147980	1.1004858	5.69713	6
GTATT	226180	1.0148177	7.061827	1
AATAC	216755	0.98581266	5.3485146	5
ATATA	335470	0.92908555	5.356007	1
TATAC	192330	0.8709741	6.4971952	5
TATTA	314005	0.86590755	5.906175	2
ATACT	185125	0.838346	5.655973	6
GTATA	168400	0.7588274	7.9055142	1
TATAA	264145	0.7315507	5.0688643	2
GTCTA	96275	0.7093663	5.15298	1
>>END_MODULE
