##FastQC	0.8.0
>>Basic Statistics	pass
#Measure	Value	
Filename	1_140716_AH9BY4ADXX_P1260_1019_2.fastq.gz	
File type	Conventional base calls	
Total Sequences	2000344	
Sequence length	101	
%GC	36	
>>END_MODULE
>>Per base sequence quality	pass
#Base	Mean	Median	Lower Quartile	Upper Quartile	10th Percentile	90th Percentile
1	31.214221653875533	33.0	33.0	33.0	27.0	33.0
2	31.215951356366705	33.0	33.0	33.0	27.0	33.0
3	31.27313102146431	33.0	33.0	33.0	27.0	33.0
4	35.02916748319289	37.0	37.0	37.0	33.0	37.0
5	35.0330718116484	37.0	37.0	37.0	33.0	37.0
6	35.06577118735577	37.0	37.0	37.0	33.0	37.0
7	34.95583959558956	37.0	37.0	37.0	33.0	37.0
8	34.92662512047928	37.0	37.0	37.0	33.0	37.0
9	34.90436294957267	37.0	37.0	37.0	33.0	37.0
10	34.907121975020296	37.0	37.0	37.0	33.0	37.0
11	34.92389908935663	37.0	37.0	37.0	33.0	37.0
12	34.880814499906016	37.0	37.0	37.0	33.0	37.0
13	34.85694460552785	37.0	37.0	37.0	33.0	37.0
14	36.62582985726455	40.0	37.0	40.0	33.0	40.0
15	36.6667963110345	40.0	37.0	40.0	33.0	40.0
16	36.641101730502356	40.0	37.0	40.0	33.0	40.0
17	36.605747811376446	40.0	37.0	40.0	33.0	40.0
18	36.51181246825546	40.0	37.0	40.0	33.0	40.0
19	36.62173606139744	40.0	37.0	40.0	33.0	40.0
20	36.60534188119644	40.0	37.0	40.0	33.0	40.0
21	36.58341365285171	40.0	37.0	40.0	33.0	40.0
22	36.551301676111706	40.0	37.0	40.0	33.0	40.0
23	36.51790242078363	40.0	37.0	40.0	33.0	40.0
24	36.47699395703939	40.0	37.0	40.0	33.0	40.0
25	36.44898627436081	40.0	37.0	40.0	33.0	40.0
26	36.418170074747145	40.0	37.0	40.0	33.0	40.0
27	36.412356574669154	40.0	37.0	40.0	33.0	40.0
28	36.36360945917302	40.0	37.0	40.0	33.0	40.0
29	36.32214809052843	40.0	37.0	40.0	33.0	40.0
30	36.26484494666917	40.0	37.0	40.0	33.0	40.0
31	36.26714155165312	40.0	37.0	40.0	33.0	40.0
32	36.2400317145451	40.0	37.0	40.0	33.0	40.0
33	36.19613176533636	40.0	37.0	40.0	33.0	40.0
34	36.14978823642333	40.0	37.0	40.0	33.0	40.0
35	36.10221541894794	40.0	37.0	40.0	33.0	40.0
36	36.076361365845074	40.0	37.0	40.0	33.0	40.0
37	36.06191485064569	40.0	37.0	40.0	33.0	40.0
38	36.02959091036342	40.0	37.0	40.0	33.0	40.0
39	35.96484104733986	40.0	37.0	40.0	33.0	40.0
40	35.94149156345109	40.0	37.0	40.0	33.0	40.0
41	35.8786743680087	40.0	37.0	40.0	27.0	40.0
42	35.87220648048535	40.0	37.0	40.0	27.0	40.0
43	35.79031006666853	40.0	37.0	40.0	27.0	40.0
44	35.71008286574709	40.0	37.0	40.0	27.0	40.0
45	35.6482694976464	40.0	37.0	40.0	27.0	40.0
46	35.592655063329104	40.0	37.0	40.0	27.0	40.0
47	35.55442013973597	40.0	37.0	40.0	27.0	40.0
48	35.447200581499985	40.0	37.0	40.0	27.0	40.0
49	35.4149406302116	40.0	37.0	40.0	27.0	40.0
50	35.380750010998106	40.0	37.0	40.0	27.0	40.0
51	35.320235419507846	37.0	37.0	40.0	27.0	40.0
52	35.26874627564059	37.0	37.0	40.0	27.0	40.0
53	35.207075383034116	37.0	37.0	40.0	27.0	40.0
54	35.12364823250401	37.0	37.0	40.0	27.0	40.0
55	35.0775891546654	37.0	37.0	40.0	27.0	40.0
56	35.00529608907268	37.0	37.0	40.0	27.0	40.0
57	34.90653607579496	37.0	37.0	40.0	27.0	40.0
58	34.85308576924769	37.0	37.0	40.0	27.0	40.0
59	34.80015737293186	37.0	37.0	40.0	27.0	40.0
60	34.71172208380159	37.0	37.0	40.0	27.0	40.0
61	34.615161192274925	37.0	37.0	40.0	27.0	40.0
62	34.51466647736589	37.0	33.0	40.0	27.0	40.0
63	34.42677059545758	37.0	33.0	40.0	27.0	40.0
64	34.327245213823225	37.0	33.0	40.0	27.0	40.0
65	34.195545866111026	37.0	33.0	40.0	27.0	40.0
66	34.09251108809285	37.0	33.0	40.0	27.0	40.0
67	33.954619305479454	37.0	33.0	40.0	22.0	40.0
68	33.82327439680375	37.0	33.0	40.0	22.0	40.0
69	33.72004565214783	37.0	33.0	40.0	22.0	40.0
70	33.57719272285167	37.0	33.0	40.0	22.0	40.0
71	33.43569006130946	37.0	33.0	37.0	22.0	40.0
72	33.2667591174318	37.0	33.0	37.0	22.0	40.0
73	33.148255000139976	37.0	33.0	37.0	22.0	40.0
74	33.01517189043484	37.0	33.0	37.0	22.0	40.0
75	32.87125964334135	37.0	33.0	37.0	22.0	40.0
76	32.738583463644254	37.0	33.0	37.0	22.0	40.0
77	32.608781289618186	37.0	33.0	37.0	22.0	40.0
78	32.454822270569466	37.0	33.0	37.0	22.0	37.0
79	32.32818105285891	37.0	33.0	37.0	22.0	37.0
80	32.204672296365025	37.0	33.0	37.0	22.0	37.0
81	32.0650148174514	37.0	33.0	37.0	22.0	37.0
82	31.950717476594026	37.0	33.0	37.0	22.0	37.0
83	32.030028835040376	37.0	33.0	37.0	22.0	37.0
84	32.00458171194555	37.0	33.0	37.0	22.0	37.0
85	31.9278834040545	37.0	33.0	37.0	22.0	37.0
86	31.844794695312405	37.0	33.0	37.0	22.0	37.0
87	31.768665289570194	37.0	33.0	37.0	22.0	37.0
88	31.69772299164544	37.0	33.0	37.0	22.0	37.0
89	31.77565508732498	37.0	33.0	37.0	22.0	37.0
90	31.765491835404312	37.0	33.0	37.0	22.0	37.0
91	31.719818191271102	37.0	33.0	37.0	15.0	37.0
92	31.66890994748903	37.0	33.0	37.0	15.0	37.0
93	31.56957953232044	37.0	33.0	37.0	15.0	37.0
94	31.547701295377195	37.0	33.0	37.0	15.0	37.0
95	31.504418739976725	37.0	33.0	37.0	15.0	37.0
96	31.424371508100606	37.0	33.0	37.0	15.0	37.0
97	31.35108711301656	37.0	33.0	37.0	15.0	37.0
98	31.26794241390481	37.0	33.0	37.0	6.0	37.0
99	31.219059821710665	37.0	33.0	37.0	2.0	37.0
100	31.129990641609645	37.0	33.0	37.0	2.0	37.0
101	30.706008566526556	33.0	33.0	37.0	2.0	37.0
>>END_MODULE
>>Per sequence quality scores	pass
#Quality	Count
2	43642.0
3	8323.0
4	5157.0
5	4022.0
6	3604.0
7	3895.0
8	4282.0
9	4523.0
10	4669.0
11	4811.0
12	4858.0
13	4999.0
14	5261.0
15	5645.0
16	5720.0
17	5766.0
18	5961.0
19	5785.0
20	5958.0
21	6299.0
22	6937.0
23	7900.0
24	9503.0
25	11521.0
26	14120.0
27	17126.0
28	20766.0
29	25326.0
30	31334.0
31	39727.0
32	51695.0
33	68778.0
34	93727.0
35	135565.0
36	225095.0
37	507967.0
38	587165.0
39	2912.0
>>END_MODULE
>>Per base sequence content	fail
#Base	G	A	T	C
1	711823	560075	301717	426723
2	245631	458426	926580	369705
3	264903	673188	665564	396687
4	203289	410854	949625	436572
5	192535	812632	808160	187012
6	439239	930973	429590	200540
7	403497	697059	631937	267850
8	367216	839856	496408	296863
9	419424	377663	568520	634715
10	255849	613197	747549	383749
11	538987	587753	583177	290427
12	342936	583230	725265	348910
13	446620	527016	633993	392715
14	346323	495558	649198	509259
15	386908	690010	537042	386365
16	366594	687484	593225	353037
17	347876	657582	644538	350334
18	356089	660807	638256	345185
19	368727	647648	637686	346280
20	366486	641687	633729	358415
21	364074	636719	637355	362180
22	368975	630942	636152	364247
23	365443	634281	634377	366173
24	366420	639079	632909	361855
25	369037	633862	635343	362024
26	365034	634852	633490	366899
27	367621	640760	628467	363462
28	372175	633816	631141	363136
29	367525	634527	630108	368090
30	370212	639250	629189	361583
31	371594	633267	630711	364632
32	369248	632993	628906	369043
33	367566	637331	630753	364524
34	372861	630678	630410	366205
35	368715	630902	633757	366728
36	367459	634398	631999	366169
37	372834	632171	632183	362873
38	369308	632126	631852	366760
39	371760	636072	627295	364875
40	374393	630690	632875	361848
41	371907	630603	628871	368427
42	371193	634247	629710	364672
43	373976	628496	631161	366061
44	371184	629961	628520	369868
45	370570	634971	628276	365735
46	374343	627424	632539	365147
47	369711	632135	628292	369206
48	373824	633215	626786	365407
49	372774	630446	630889	365018
50	369093	630961	628710	370353
51	369739	633830	630189	365385
52	374295	627101	631438	366301
53	370402	631998	627033	369801
54	370653	634870	627446	366423
55	376320	628353	627450	367143
56	372260	630423	627950	368716
57	371894	631108	627005	369260
58	375607	627085	629325	367281
59	368600	630264	630676	369761
60	370161	632973	628700	367404
61	372939	627173	631918	367142
62	370534	629492	628226	370807
63	369331	633383	627311	368961
64	374279	627892	629564	367378
65	370346	630171	626986	371657
66	371719	633242	624623	369750
67	375222	627516	628858	367606
68	371684	628277	627333	371873
69	373826	631770	626602	366915
70	374853	628682	628254	367228
71	369633	630242	629671	369474
72	371709	633409	626133	367699
73	378184	624384	629208	367207
74	371839	628258	628045	371010
75	374565	630560	625289	368628
76	378125	626289	625292	369229
77	372812	629387	624637	371891
78	370995	632695	625179	369990
79	374242	627340	629339	367810
80	373346	630633	622507	372357
81	372048	632391	624464	369928
82	376600	627679	627031	367542
83	372074	627371	627204	372199
84	369233	633739	626317	369596
85	377206	625160	628049	368524
86	372025	629286	625009	372561
87	374202	631522	623992	369183
88	378096	626881	625946	368059
89	371580	628177	627260	371691
90	371831	630997	627369	368813
91	375412	626770	627241	369487
92	372139	628912	625189	372518
93	374223	631625	624087	368873
94	375406	623962	630966	368457
95	370121	627357	628780	372540
96	373789	630866	626857	367364
97	377136	627780	623906	369664
98	374824	626902	623369	373553
99	374680	631307	623731	369131
100	376175	626544	626611	369503
101	374781	625934	625786	372291
>>END_MODULE
>>Per base GC content	fail
#Base	%GC
1	56.917680911925885
2	30.761539776698182
3	33.073844372612285
4	31.987612105941988
5	18.97413388430661
6	31.983480824778965
7	33.561594186597
8	33.19825649901042
9	52.69846554704692
10	31.97440040313066
11	41.46356826625821
12	34.58640301828538
13	41.959532960330826
14	42.77187155370743
15	38.65736817767113
16	35.97543417619005
17	34.90474071778157
18	35.057792761919615
19	35.74425560441944
20	36.23930606998791
21	36.30674569370623
22	36.65530846126312
23	36.57578911689098
24	36.408962221467874
25	36.54818909085092
26	36.591618652435294
27	36.548484984827354
28	36.760624076373766
29	36.77615298087739
30	36.58546950006849
31	36.80754563034571
32	36.911043450872164
33	36.601315685535354
34	36.950454814979246
35	36.77027471598949
36	36.6809414882314
37	36.78422808104353
38	36.80255354126855
39	36.83171316828683
40	36.815621115248184
41	37.02025394437866
42	36.796524890715276
43	37.00751214935885
44	37.06125380276294
45	36.82349846365586
46	36.98461529228244
47	36.95797221488648
48	36.975748687495994
49	36.90570934212784
50	36.988630480357074
51	36.77195678348173
52	37.0458223181526
53	37.024330318511986
54	36.86500696211648
55	37.18679755470258
56	37.060863311007736
57	37.07128662654863
58	37.15744226223404
59	36.93095736960068
60	36.89230596857402
61	37.019376021672976
62	37.08449825642965
63	36.9333251958743
64	37.099303541120484
65	37.11573861021629
66	37.085799571257226
67	37.156225333908225
68	37.19334102653755
69	37.05348321980799
70	37.12229560829148
71	36.97346699882942
72	36.989819655319046
73	37.28851120794924
74	37.15820507895348
75	37.17745800238314
76	37.38760890174018
77	37.25886526774292
78	37.07039866243692
79	37.126156546328644
80	37.306731944429856
81	37.12049693045586
82	37.22846914128709
83	37.23509741611168
84	36.96205634641313
85	37.306290987368804
86	37.250141454143595
87	37.18972294247983
88	37.32674931540154
89	37.18757317226928
90	37.05054001730857
91	37.26525956646372
92	37.25598596728568
93	37.17695746665012
94	37.21564685852598
95	37.15538038361055
96	37.078488110318
97	37.36828779385995
98	37.44416225368349
99	37.211965486137274
100	37.30566785719468
101	37.376175209826734
>>END_MODULE
>>Per sequence GC content	pass
#GC Content	Count
0	2.0
1	4.0
2	3.0
3	3.0
4	6.5
5	18.0
6	35.5
7	51.5
8	59.0
9	93.0
10	128.5
11	180.5
12	275.0
13	448.0
14	673.0
15	878.0
16	1174.0
17	1526.5
18	1912.5
19	2752.5
20	3923.5
21	5773.0
22	8186.0
23	11019.0
24	15617.0
25	21664.5
26	29415.0
27	38879.0
28	50495.0
29	62955.5
30	75678.0
31	88857.5
32	100561.0
33	110475.5
34	118264.5
35	123436.0
36	125239.5
37	123771.0
38	119135.0
39	111715.0
40	102150.0
41	91379.0
42	80419.0
43	69393.0
44	58871.0
45	48880.5
46	40018.5
47	32733.0
48	26533.0
49	21312.5
50	16855.0
51	13061.5
52	10219.5
53	7912.5
54	5800.5
55	4368.5
56	3329.5
57	2597.5
58	2012.5
59	1499.5
60	1123.5
61	889.5
62	746.0
63	600.0
64	468.0
65	346.5
66	245.0
67	167.0
68	114.5
69	94.5
70	80.5
71	61.0
72	57.0
73	52.5
74	45.5
75	42.0
76	43.0
77	45.0
78	36.0
79	30.5
80	26.5
81	22.5
82	23.0
83	22.0
84	22.0
85	19.0
86	18.0
87	17.0
88	11.0
89	11.5
90	13.0
91	12.0
92	11.5
93	10.0
94	9.0
95	8.0
96	9.0
97	7.5
98	11.0
99	20.0
100	67.0
>>END_MODULE
>>Per base N content	pass
#Base	N-Count
1	2.999484088736737E-4
2	9.998280295789124E-5
3	9.998280295789124E-5
4	1.9996560591578247E-4
5	2.499570073947281E-4
6	9.998280295789124E-5
7	4.999140147894562E-5
8	4.999140147894562E-5
9	0.0010998108325368035
10	0.0
11	0.0
12	1.4997420443683686E-4
13	0.0
14	2.999484088736737E-4
15	9.498366280999667E-4
16	1.9996560591578247E-4
17	6.998796207052387E-4
18	3.4993981035261933E-4
19	1.4997420443683686E-4
20	0.0013497678399315316
21	7.998624236631299E-4
22	0.0013997592414104773
23	0.003499398103526193
24	0.004049303519794595
25	0.003899329315357758
26	0.0034494067020472475
27	0.0016997076502841511
28	0.0037993465123998668
29	0.004699191739020888
30	0.005499054162684018
31	0.006998796207052386
32	0.007698675827757625
33	0.008498538251420756
34	0.009498366280999667
35	0.01209791915790484
36	0.015947257071783655
37	0.01414756661854161
38	0.014897437640725795
39	0.0170970593057994
40	0.026895373995672746
41	0.026795391192714853
42	0.026095511572009615
43	0.032494410961314654
44	0.0405430265994249
45	0.03959318997132493
46	0.04454233871774055
47	0.04999140147894562
48	0.055590438444587525
49	0.06083953559987682
50	0.06133944961466628
51	0.06003967317621369
52	0.06043960438804526
53	0.055490455641629646
54	0.04759181420795623
55	0.053890730794303385
56	0.04974144447155089
57	0.05384073939282444
58	0.05229100594697712
59	0.052141031742540284
60	0.05529049003571386
61	0.05858992253332427
62	0.06423895090044512
63	0.06788832320840815
64	0.06153941522058205
65	0.059189819351071614
66	0.050491315493735076
67	0.05709018048895591
68	0.058839879540718995
69	0.06153941522058205
70	0.06633858976256084
71	0.066188615558124
72	0.0696880136616502
73	0.06803829741284499
74	0.05958975056290318
75	0.0650888047255872
76	0.07043788468383438
77	0.08083609619145507
78	0.07423723119623425
79	0.08063613058553928
80	0.07503709361989738
81	0.07563699043764473
82	0.07458717100658686
83	0.07478713661250265
84	0.07293745475778166
85	0.0702379190779186
86	0.07313742036369746
87	0.07223757513707643
88	0.06808828881432394
89	0.08178593281955504
90	0.06668852957291346
91	0.07168766972080802
92	0.07928636274560776
93	0.07678679267166047
94	0.07763664649680255
95	0.07728670668644994
96	0.07338737737109217
97	0.09288402394788096
98	0.08478541690829176
99	0.0747371452110237
100	0.07553700763468683
101	0.0775866550953236
>>END_MODULE
>>Sequence Length Distribution	pass
#Length	Count
101	2000344.0
>>END_MODULE
>>Sequence Duplication Levels	warn
#Total Duplicate Percentage	30.753681506040596
#Duplication Level	Relative count
1	100.0
2	21.174753440914486
3	6.842270389720225
4	2.576764108090412
5	1.252915740222892
6	0.7536591687241676
7	0.5203999508927962
8	0.39353967452836625
9	0.31851477990424093
10++	2.576082063593829
>>END_MODULE
>>Overrepresented sequences	pass
>>END_MODULE
>>Kmer Content	warn
#Sequence	Count	Obs/Exp Overall	Obs/Exp Max	Max Obs/Exp Position
ACACC	145625	1.2321903	5.235236	6
ATACC	242290	1.1930244	6.260908	6
ATATA	702365	1.1720185	6.3035884	1
TATAT	683295	1.1393737	5.390599	2
GTCTT	220730	1.0745319	5.231829	1
GTATT	368560	1.0448452	7.444782	1
AATAC	356165	1.0212941	5.6486993	5
TAATA	599560	1.0004704	5.4065084	4
TATTA	594100	0.9906437	6.3174458	2
ATACA	336850	0.9659089	5.0802503	6
TACTG	189300	0.9221941	5.2169037	7
ATACT	314910	0.90234435	6.072368	6
TATAC	312710	0.89604056	7.3611135	5
GTATA	309030	0.87671435	9.156441	1
TATAA	511875	0.8541528	5.658012	2
GTGTA	148635	0.7169096	5.292502	1
>>END_MODULE
