##FastQC	0.8.0
>>Basic Statistics	pass
#Measure	Value	
Filename	8_140619_BC47HDACXX_P1260_1004_1.fastq.gz	
File type	Conventional base calls	
Total Sequences	2449087	
Sequence length	101	
%GC	37	
>>END_MODULE
>>Per base sequence quality	pass
#Base	Mean	Median	Lower Quartile	Upper Quartile	10th Percentile	90th Percentile
1	32.689462644650845	33.0	33.0	33.0	33.0	33.0
2	32.753689844419576	33.0	33.0	33.0	33.0	33.0
3	32.74992966766799	33.0	33.0	33.0	33.0	33.0
4	36.70091752559219	37.0	37.0	37.0	37.0	37.0
5	36.60660809517996	37.0	37.0	37.0	37.0	37.0
6	36.585527586402605	37.0	37.0	37.0	37.0	37.0
7	36.547288030192476	37.0	37.0	37.0	37.0	37.0
8	36.536765333367086	37.0	37.0	37.0	37.0	37.0
9	36.496178780092336	37.0	37.0	37.0	37.0	37.0
10	36.499369356825625	37.0	37.0	37.0	37.0	37.0
11	36.52379601051331	37.0	37.0	37.0	37.0	37.0
12	36.491638720878434	37.0	37.0	37.0	37.0	37.0
13	36.50140031775106	37.0	37.0	37.0	37.0	37.0
14	38.57562675396995	40.0	37.0	40.0	37.0	40.0
15	38.59217496152648	40.0	37.0	40.0	37.0	40.0
16	38.57516209101596	40.0	37.0	40.0	37.0	40.0
17	38.563438538524764	40.0	37.0	40.0	37.0	40.0
18	38.55736198836546	40.0	37.0	40.0	37.0	40.0
19	38.59317941747272	40.0	37.0	40.0	37.0	40.0
20	38.5676482705596	40.0	37.0	40.0	37.0	40.0
21	38.542429076631414	40.0	37.0	40.0	37.0	40.0
22	38.50510618855108	40.0	37.0	40.0	37.0	40.0
23	38.49111893534203	40.0	37.0	40.0	37.0	40.0
24	38.48000418114996	40.0	37.0	40.0	37.0	40.0
25	38.44351507316808	40.0	37.0	40.0	37.0	40.0
26	38.395322420150855	40.0	37.0	40.0	37.0	40.0
27	38.36366899175081	40.0	37.0	40.0	37.0	40.0
28	38.35470605985006	40.0	37.0	40.0	37.0	40.0
29	38.32522119467377	40.0	37.0	40.0	37.0	40.0
30	38.30914867458771	40.0	37.0	40.0	37.0	40.0
31	38.28031017272968	40.0	37.0	40.0	37.0	40.0
32	38.26280977360135	40.0	37.0	40.0	37.0	40.0
33	38.22902861352006	40.0	37.0	40.0	37.0	40.0
34	38.21749574433248	40.0	37.0	40.0	37.0	40.0
35	38.188353864113445	40.0	37.0	40.0	37.0	40.0
36	38.13947769107426	40.0	37.0	40.0	37.0	40.0
37	38.23737376418232	40.0	37.0	40.0	37.0	40.0
38	38.25628448478964	40.0	37.0	40.0	37.0	40.0
39	38.243140811249255	40.0	37.0	40.0	37.0	40.0
40	38.21288790475798	40.0	37.0	40.0	37.0	40.0
41	38.20272779203025	40.0	37.0	40.0	37.0	40.0
42	38.19449166158654	40.0	37.0	40.0	37.0	40.0
43	38.14804537364332	40.0	37.0	40.0	37.0	40.0
44	38.12005371797735	40.0	37.0	40.0	37.0	40.0
45	38.108869141847556	40.0	37.0	40.0	37.0	40.0
46	38.066064619182576	40.0	37.0	40.0	37.0	40.0
47	38.04234802601949	40.0	37.0	40.0	33.0	40.0
48	38.00789437043274	40.0	37.0	40.0	33.0	40.0
49	37.9693061128494	40.0	37.0	40.0	33.0	40.0
50	38.014854106856966	40.0	37.0	40.0	33.0	40.0
51	38.01606394546212	40.0	37.0	40.0	33.0	40.0
52	37.98614422435789	40.0	37.0	40.0	33.0	40.0
53	37.95238674657127	40.0	37.0	40.0	33.0	40.0
54	37.89621356856657	40.0	37.0	40.0	33.0	40.0
55	37.84566289396824	40.0	37.0	40.0	33.0	40.0
56	37.778411710159745	40.0	37.0	40.0	33.0	40.0
57	37.71128302097884	40.0	37.0	40.0	33.0	40.0
58	37.62983879298694	40.0	37.0	40.0	33.0	40.0
59	37.573019251663986	40.0	37.0	40.0	33.0	40.0
60	37.49199844676812	40.0	37.0	40.0	33.0	40.0
61	37.42934285307137	40.0	37.0	40.0	33.0	40.0
62	37.3171794223725	37.0	37.0	40.0	33.0	40.0
63	37.21529737408267	37.0	37.0	40.0	33.0	40.0
64	37.11715386182688	37.0	37.0	40.0	33.0	40.0
65	37.008202240263415	37.0	37.0	40.0	33.0	40.0
66	36.91725732895565	37.0	37.0	40.0	33.0	40.0
67	36.79992299171079	37.0	37.0	40.0	33.0	40.0
68	36.683524921736144	37.0	37.0	40.0	33.0	40.0
69	36.53366499434279	37.0	37.0	40.0	33.0	40.0
70	36.41589008475403	37.0	37.0	40.0	33.0	40.0
71	36.295013611194705	37.0	37.0	40.0	33.0	40.0
72	36.15378669683845	37.0	37.0	37.0	33.0	40.0
73	36.022241757846906	37.0	37.0	37.0	33.0	40.0
74	35.8410366801996	37.0	37.0	37.0	33.0	40.0
75	35.701823985836356	37.0	37.0	37.0	33.0	40.0
76	34.11927342719961	37.0	33.0	37.0	27.0	37.0
77	34.739692383324886	37.0	33.0	37.0	33.0	37.0
78	35.154384470621096	37.0	33.0	37.0	33.0	37.0
79	35.28264328706983	37.0	33.0	37.0	33.0	37.0
80	35.257782594085064	37.0	33.0	37.0	33.0	37.0
81	35.18000340535065	37.0	33.0	37.0	33.0	37.0
82	35.08271939706511	37.0	33.0	37.0	33.0	37.0
83	34.98684448531228	37.0	33.0	37.0	33.0	37.0
84	34.91223872406329	37.0	33.0	37.0	33.0	37.0
85	34.82208186152636	37.0	33.0	37.0	33.0	37.0
86	34.736469141357574	37.0	33.0	37.0	33.0	37.0
87	34.64343692159568	37.0	33.0	37.0	33.0	37.0
88	34.54210201597575	37.0	33.0	37.0	33.0	37.0
89	34.477133723710104	37.0	33.0	37.0	33.0	37.0
90	34.41306495032639	37.0	33.0	37.0	33.0	37.0
91	34.31960440768335	37.0	33.0	37.0	33.0	37.0
92	34.24706308922468	37.0	33.0	37.0	33.0	37.0
93	34.20206877093382	37.0	33.0	37.0	33.0	37.0
94	34.137020448844815	37.0	33.0	37.0	33.0	37.0
95	34.06359390254409	37.0	33.0	37.0	33.0	37.0
96	33.982561664816316	37.0	33.0	37.0	33.0	37.0
97	33.87366557415069	37.0	33.0	37.0	27.0	37.0
98	33.774888356354836	37.0	33.0	37.0	27.0	37.0
99	33.686098942177225	37.0	33.0	37.0	27.0	37.0
100	33.59718540011033	37.0	33.0	37.0	27.0	37.0
101	32.59636427779005	33.0	33.0	37.0	27.0	37.0
>>END_MODULE
>>Per sequence quality scores	pass
#Quality	Count
2	1.0
3	0.0
4	0.0
5	1.0
6	4.0
7	8.0
8	33.0
9	101.0
10	185.0
11	273.0
12	362.0
13	473.0
14	580.0
15	740.0
16	948.0
17	1081.0
18	1334.0
19	1559.0
20	1825.0
21	2203.0
22	2653.0
23	3591.0
24	4653.0
25	6217.0
26	8523.0
27	11777.0
28	15925.0
29	21402.0
30	29214.0
31	39101.0
32	52902.0
33	73701.0
34	104874.0
35	158035.0
36	280348.0
37	741155.0
38	880905.0
39	2400.0
>>END_MODULE
>>Per base sequence content	fail
#Base	G	A	T	C
1	806984	705119	395315	540743
2	285835	585011	1115450	462791
3	302228	830767	824760	491122
4	239356	520446	1146445	542683
5	232711	996300	988706	231370
6	537257	1144650	521691	245487
7	492275	853238	776765	326809
8	448153	1026078	611789	363064
9	519688	455980	683149	790270
10	308818	746871	919933	473465
11	659531	713136	717684	358736
12	423325	707987	891044	426731
13	544268	640608	777627	486584
14	427574	600634	790895	629984
15	475384	838756	655887	479060
16	449969	837450	721862	439804
17	428537	799994	787207	433349
18	435181	804546	779784	429576
19	451662	786451	781248	429726
20	451169	780753	771803	445362
21	446658	774297	777554	450578
22	452598	766719	776427	453343
23	449454	770024	772756	456844
24	450000	777783	771548	449749
25	455761	769526	772660	451133
26	450994	771109	770558	456425
27	454759	777309	763786	453219
28	458015	769880	769898	451265
29	454303	770519	767954	456284
30	454268	776046	767229	451524
31	457707	770615	767654	453079
32	454101	772483	766334	456136
33	454981	773413	766732	453867
34	457218	768086	769824	453900
35	452900	767442	771553	457184
36	454553	771020	768449	455065
37	456625	766047	772480	453935
38	454883	766840	769197	458165
39	456335	774917	763622	454200
40	457780	766030	771285	453992
41	453639	768314	768866	458268
42	456576	772186	767017	453308
43	458643	765626	769319	455497
44	455105	765987	768016	459979
45	455508	770761	766621	456197
46	459060	762975	771163	455889
47	454142	767167	767319	460457
48	456752	770128	763740	458467
49	460713	762712	769244	456418
50	454360	765380	767626	461719
51	453141	770275	769382	456289
52	458211	762265	770592	458019
53	453407	765640	767311	462729
54	455429	770071	765879	457708
55	458206	765131	768614	457136
56	458392	763523	766033	461139
57	457023	768611	764330	459123
58	460291	762114	766900	459782
59	453615	763068	768735	463669
60	455427	769628	765973	458059
61	459489	760545	770960	458093
62	456479	763110	766569	462929
63	454904	769031	765069	460083
64	457197	764870	768212	458808
65	454819	767000	764533	462733
66	454959	768188	764775	461032
67	458174	761543	768973	460322
68	457044	761249	764841	465824
69	458146	767036	764417	459319
70	458989	762405	766789	460891
71	454834	761684	768151	464369
72	455231	768704	764153	460908
73	461194	761443	765609	460822
74	454266	763169	766475	465040
75	456281	768319	764659	459794
76	461890	760538	763910	462727
77	456003	762063	764171	466850
78	456197	767787	762475	462504
79	459642	761710	764740	462985
80	458511	762077	762573	465819
81	456491	764949	762153	465452
82	460385	760692	765279	462628
83	456878	761766	763438	467003
84	455145	768420	761591	463867
85	459987	759708	765548	463587
86	455681	763198	762582	467561
87	457144	766529	763241	461944
88	460982	759951	766657	460925
89	456132	760441	764313	467450
90	456135	766454	761703	464012
91	459876	759554	765191	463374
92	457515	760207	761854	468730
93	456148	767943	761869	462626
94	459506	758799	765853	464149
95	452931	761328	764309	469579
96	458260	767400	760846	461968
97	461821	759462	763065	463999
98	459574	760177	761315	467509
99	458637	766087	758705	464935
100	461990	758697	762944	464936
101	458041	758231	763838	468707
>>END_MODULE
>>Per base GC content	fail
#Base	%GC
1	55.05058695077653
2	30.567554358011783
3	32.39648214263109
4	31.93390582825969
5	18.949143088832695
6	31.960671026117915
7	33.444463181585625
8	33.12328201074361
9	53.48760578942275
10	31.941821584941653
11	41.57741231732478
12	34.70909771682263
13	42.09127728006396
14	43.18172445486828
15	38.97142077843703
16	36.33083376036356
17	35.19213486495171
18	35.30936222355515
19	35.988431607370416
20	36.606743655901155
21	36.63552989338476
22	36.990968471107806
23	37.00568132170556
24	36.738244565306154
25	37.02998677054241
26	37.05133261959767
27	37.07435425567143
28	37.127744626709536
29	37.18108172115016
30	36.9851866037148
31	37.189283213321055
32	37.16688157958134
33	37.11109015011476
34	37.20324961576593
35	37.1602549366517
36	37.14110605299036
37	37.179569366053556
38	37.28118868883685
39	37.17874592601122
40	37.22905719559983
41	37.234569453841374
42	37.15196724330332
43	37.32577676969154
44	37.36429126445896
45	37.22632148225033
46	37.35877900621742
47	37.34451846301782
48	37.3698035227005
49	37.44787343201772
50	37.40494919531172
51	37.133429722994734
52	37.41108421219826
53	37.407246047200445
54	37.284792251153185
55	37.37482580243168
56	37.54586913408956
57	37.40765436262575
58	37.567999830140785
59	37.454120658024806
60	37.29904245949613
61	37.466288457698724
62	37.54084685435838
63	37.36033060483356
64	37.401897115129024
65	37.4650941065745
66	37.40335669841083
67	37.504757020382094
68	37.6841089148936
69	37.46409638869084
70	37.560318716380145
71	37.53322733252812
72	37.40875852798453
73	37.647627587310765
74	37.53878192694828
75	37.40527461022689
76	37.75387750018885
77	37.68151151837399
78	37.51387832319231
79	37.67243741213527
80	37.743468709421876
81	37.64500039811436
82	37.68962965866661
83	37.72351715028265
84	37.5256581910419
85	37.71490875234296
86	37.698395522784196
87	37.531290095219894
88	37.65167867054112
89	37.72284523039321
90	37.583037073827434
91	37.714537815640966
92	37.832076545987306
93	37.52263551290419
94	37.72627370668793
95	37.68196926083279
96	37.583735828928546
97	37.814084359774164
98	37.86214430842429
99	37.72200538808772
100	37.855856098689564
101	37.844722574206244
>>END_MODULE
>>Per sequence GC content	pass
#GC Content	Count
0	0.0
1	0.0
2	0.0
3	0.0
4	0.0
5	0.5
6	2.5
7	4.0
8	3.0
9	15.0
10	37.5
11	66.5
12	100.5
13	149.0
14	256.0
15	378.5
16	486.0
17	685.0
18	995.0
19	1568.0
20	2512.5
21	4071.5
22	6174.5
23	9084.5
24	13769.5
25	20411.0
26	29376.5
27	40880.5
28	54458.0
29	70180.5
30	86893.0
31	104318.5
32	121204.0
33	136212.5
34	147980.5
35	155636.0
36	159472.5
37	159168.5
38	154064.5
39	144893.0
40	133078.5
41	118616.0
42	104312.5
43	90941.0
44	76965.0
45	63798.5
46	52805.5
47	43265.0
48	34672.0
49	26847.5
50	20788.5
51	16131.0
52	11881.0
53	8431.0
54	6077.0
55	4358.0
56	3030.0
57	2180.5
58	1532.5
59	1029.5
60	699.0
61	525.5
62	381.0
63	284.0
64	214.0
65	172.5
66	134.5
67	91.5
68	68.5
69	52.0
70	36.5
71	25.0
72	22.0
73	21.5
74	18.0
75	14.5
76	11.0
77	11.0
78	14.5
79	14.5
80	8.5
81	5.0
82	4.0
83	2.5
84	1.0
85	1.5
86	1.0
87	0.5
88	0.5
89	0.5
90	1.0
91	0.5
92	0.0
93	0.0
94	0.0
95	0.0
96	0.0
97	0.0
98	0.0
99	0.0
100	0.0
>>END_MODULE
>>Per base N content	pass
#Base	N-Count
1	0.037810008382715685
2	0.0
3	0.008574623931285413
4	0.006410552177199096
5	0.0
6	8.166308505986109E-5
7	0.0
8	1.2249462758979164E-4
9	0.0
10	0.0
11	0.0
12	0.0
13	0.0
14	0.0
15	0.0
16	8.166308505986109E-5
17	0.0
18	0.0
19	0.0
20	0.0
21	0.0
22	0.0
23	3.6748388276937484E-4
24	2.858207977095138E-4
25	2.858207977095138E-4
26	4.083154252993054E-5
27	5.716415954190276E-4
28	0.0011841147333679857
29	0.0011024516483081246
30	8.166308505986109E-4
31	0.0013066093609577774
32	0.001347440903487708
33	0.0038381649978134705
34	0.002409061009265902
35	3.2665234023944434E-4
36	0.0
37	0.0
38	8.166308505986109E-5
39	5.30810052889097E-4
40	0.0
41	0.0
42	0.0
43	8.166308505986109E-5
44	0.0
45	0.0
46	0.0
47	8.166308505986109E-5
48	0.0
49	0.0
50	8.166308505986109E-5
51	0.0
52	0.0
53	0.0
54	0.0
55	0.0
56	0.0
57	0.0
58	0.0
59	0.0
60	0.0
61	0.0
62	0.0
63	0.0
64	0.0
65	8.166308505986109E-5
66	0.005430595156480761
67	0.0030623656897447904
68	0.00526726898636104
69	0.006900530687558261
70	5.30810052889097E-4
71	0.0020007455839665964
72	0.003715670370223679
73	7.757993080686804E-4
74	0.005593921326600484
75	0.0013882724460176385
76	8.982939356584719E-4
77	0.0
78	0.005063111273711387
79	4.0831542529930545E-4
80	0.004368975050702568
81	0.001714924786257083
82	0.004205648880582846
83	8.166308505986109E-5
84	0.0026132187219155547
85	0.01049370643019215
86	0.0026540502644454853
87	0.009350423239354094
88	0.02335564232712027
89	0.030664488439977836
90	0.03197109780093561
91	0.044588044442684154
92	0.031889434715875756
93	0.020456602807495203
94	0.03184860317334583
95	0.03838164997813471
96	0.02502973557084742
97	0.030215341472148598
98	0.020905749775324438
99	0.029521205249139783
100	0.021232402115563882
101	0.011024516483081247
>>END_MODULE
>>Sequence Length Distribution	pass
#Length	Count
101	2449087.0
>>END_MODULE
>>Sequence Duplication Levels	warn
#Total Duplicate Percentage	30.55946237849514
#Duplication Level	Relative count
1	100.0
2	22.835298834524615
3	7.101381150544027
4	2.680731636504403
5	1.3569562151774481
6	0.7887351204877576
7	0.5018595069887047
8	0.371210131202389
9	0.3110699423483707
10++	2.3060651726092547
>>END_MODULE
>>Overrepresented sequences	pass
>>END_MODULE
>>Kmer Content	warn
#Sequence	Count	Obs/Exp Overall	Obs/Exp Max	Max Obs/Exp Position
ACACC	181375	1.204803	5.2960205	6
ATACC	289835	1.1449605	6.0545244	6
ATATA	746450	1.047692	5.9583087	1
GTATT	440320	1.0372244	6.7875657	1
AATAC	432015	1.0196018	6.0245066	5
ATACA	414600	0.97850055	5.4003053	6
TAATA	662310	0.9295959	5.28527	4
TACTG	232705	0.92174107	5.160056	7
TATTA	648695	0.90632176	6.2449102	2
ATACT	378615	0.88948494	6.0995693	6
TATAC	369080	0.86708426	7.1528134	5
GTATA	347840	0.8231422	7.838785	1
TATAA	556210	0.78067756	5.2475424	2
>>END_MODULE
