##FastQC	0.8.0
>>Basic Statistics	pass
#Measure	Value	
Filename	1_140716_AH9BY4ADXX_P1260_1015_2.fastq.gz	
File type	Conventional base calls	
Total Sequences	1923464	
Sequence length	101	
%GC	38	
>>END_MODULE
>>Per base sequence quality	pass
#Base	Mean	Median	Lower Quartile	Upper Quartile	10th Percentile	90th Percentile
1	32.1077316757683	33.0	33.0	33.0	33.0	33.0
2	32.149801088037	33.0	33.0	33.0	33.0	33.0
3	32.128000316096376	33.0	33.0	33.0	33.0	33.0
4	35.94154868508067	37.0	37.0	37.0	33.0	37.0
5	36.05648922984781	37.0	37.0	37.0	37.0	37.0
6	36.048021694193395	37.0	37.0	37.0	37.0	37.0
7	36.00813220315015	37.0	37.0	37.0	37.0	37.0
8	35.98932966772448	37.0	37.0	37.0	33.0	37.0
9	35.98342105700964	37.0	37.0	37.0	37.0	37.0
10	35.97623558330179	37.0	37.0	37.0	33.0	37.0
11	36.00465826238495	37.0	37.0	37.0	37.0	37.0
12	35.978448777829996	37.0	37.0	37.0	37.0	37.0
13	35.97145306592689	37.0	37.0	37.0	37.0	37.0
14	37.98976741961378	40.0	37.0	40.0	37.0	40.0
15	38.0475511888967	40.0	37.0	40.0	37.0	40.0
16	38.01977162036825	40.0	37.0	40.0	37.0	40.0
17	37.97364494474552	40.0	37.0	40.0	37.0	40.0
18	37.876657946288574	40.0	37.0	40.0	33.0	40.0
19	38.003184878947565	40.0	37.0	40.0	37.0	40.0
20	38.01342785724089	40.0	37.0	40.0	37.0	40.0
21	38.00310065589998	40.0	37.0	40.0	37.0	40.0
22	37.95832830767823	40.0	37.0	40.0	33.0	40.0
23	37.92111471802956	40.0	37.0	40.0	33.0	40.0
24	37.91048805696389	40.0	37.0	40.0	33.0	40.0
25	37.88237679519866	40.0	37.0	40.0	33.0	40.0
26	37.87592021477917	40.0	37.0	40.0	33.0	40.0
27	37.892568823747155	40.0	37.0	40.0	33.0	40.0
28	37.84017636930039	40.0	37.0	40.0	33.0	40.0
29	37.816905333294514	40.0	37.0	40.0	33.0	40.0
30	37.74895033127732	40.0	37.0	40.0	33.0	40.0
31	37.7735496999164	40.0	37.0	40.0	33.0	40.0
32	37.768195297650486	40.0	37.0	40.0	33.0	40.0
33	37.757312848069944	40.0	37.0	40.0	33.0	40.0
34	37.72134388790224	40.0	37.0	40.0	33.0	40.0
35	37.683747655271944	40.0	37.0	40.0	33.0	40.0
36	37.64010140039013	40.0	37.0	40.0	33.0	40.0
37	37.637199344515935	40.0	37.0	40.0	33.0	40.0
38	37.594142650967214	40.0	37.0	40.0	33.0	40.0
39	37.555749418756996	40.0	37.0	40.0	33.0	40.0
40	37.552667998985164	40.0	37.0	40.0	33.0	40.0
41	37.5077708758781	40.0	37.0	40.0	33.0	40.0
42	37.481562431113865	40.0	37.0	40.0	33.0	40.0
43	37.37920439373963	40.0	37.0	40.0	33.0	40.0
44	37.31526714302945	40.0	37.0	40.0	33.0	40.0
45	37.271749302300435	40.0	37.0	40.0	33.0	40.0
46	37.224765319236546	40.0	37.0	40.0	33.0	40.0
47	37.19253492656998	40.0	37.0	40.0	33.0	40.0
48	37.0911579317315	40.0	37.0	40.0	33.0	40.0
49	37.06175940906614	40.0	37.0	40.0	33.0	40.0
50	37.03353221063664	40.0	37.0	40.0	33.0	40.0
51	36.97812020396535	40.0	37.0	40.0	33.0	40.0
52	36.933434158372606	40.0	37.0	40.0	33.0	40.0
53	36.87484767066085	40.0	37.0	40.0	33.0	40.0
54	36.807128701135035	40.0	37.0	40.0	33.0	40.0
55	36.76115539464217	40.0	37.0	40.0	33.0	40.0
56	36.69184294585186	40.0	37.0	40.0	33.0	40.0
57	36.60604617502589	40.0	37.0	40.0	33.0	40.0
58	36.5497737415413	40.0	37.0	40.0	33.0	40.0
59	36.49210019007374	37.0	37.0	40.0	33.0	40.0
60	36.41331680759297	37.0	37.0	40.0	33.0	40.0
61	36.32152252394638	37.0	37.0	40.0	33.0	40.0
62	36.22677679436683	37.0	37.0	40.0	33.0	40.0
63	36.12559008122845	37.0	37.0	40.0	33.0	40.0
64	36.02764751510816	37.0	37.0	40.0	33.0	40.0
65	35.89692138766309	37.0	37.0	40.0	33.0	40.0
66	35.78978239260002	37.0	37.0	40.0	33.0	40.0
67	35.65573361393819	37.0	37.0	40.0	33.0	40.0
68	35.51758753997995	37.0	37.0	40.0	33.0	40.0
69	35.40869701746433	37.0	37.0	40.0	33.0	40.0
70	35.26538526325421	37.0	37.0	40.0	27.0	40.0
71	35.120325100963676	37.0	37.0	37.0	27.0	40.0
72	34.95075135276772	37.0	33.0	37.0	27.0	40.0
73	34.82502349927007	37.0	33.0	37.0	27.0	40.0
74	34.68881507530164	37.0	33.0	37.0	27.0	40.0
75	34.53924118153498	37.0	33.0	37.0	27.0	40.0
76	34.40841315460024	37.0	33.0	37.0	27.0	40.0
77	34.27626719293941	37.0	33.0	37.0	27.0	40.0
78	34.125021315709574	37.0	33.0	37.0	27.0	37.0
79	33.99886194906689	37.0	33.0	37.0	27.0	37.0
80	33.882404869547855	37.0	33.0	37.0	27.0	37.0
81	33.75019860002579	37.0	33.0	37.0	27.0	37.0
82	33.6466796363228	37.0	33.0	37.0	27.0	37.0
83	33.74373786044345	37.0	33.0	37.0	27.0	37.0
84	33.7418064491979	37.0	33.0	37.0	27.0	37.0
85	33.67689387480088	37.0	33.0	37.0	27.0	37.0
86	33.611546147991334	37.0	33.0	37.0	27.0	37.0
87	33.54843085183814	37.0	33.0	37.0	27.0	37.0
88	33.48627372282507	37.0	33.0	37.0	27.0	37.0
89	33.585407369204724	37.0	33.0	37.0	27.0	37.0
90	33.5931236560705	37.0	33.0	37.0	27.0	37.0
91	33.55811338293828	37.0	33.0	37.0	27.0	37.0
92	33.51854466732936	37.0	33.0	37.0	27.0	37.0
93	33.44384714244717	37.0	33.0	37.0	27.0	37.0
94	33.429963856874885	37.0	33.0	37.0	27.0	37.0
95	33.39982292364193	37.0	33.0	37.0	27.0	37.0
96	33.336420125357165	37.0	33.0	37.0	27.0	37.0
97	33.273289232343316	37.0	33.0	37.0	27.0	37.0
98	33.20364457042086	37.0	33.0	37.0	27.0	37.0
99	33.16863273760258	37.0	33.0	37.0	27.0	37.0
100	33.09886434058553	37.0	33.0	37.0	27.0	37.0
101	32.67081161903732	37.0	33.0	37.0	27.0	37.0
>>END_MODULE
>>Per sequence quality scores	pass
#Quality	Count
2	13230.0
3	2754.0
4	1974.0
5	1608.0
6	1503.0
7	1654.0
8	1892.0
9	2034.0
10	2084.0
11	2332.0
12	2495.0
13	2498.0
14	2663.0
15	2920.0
16	3122.0
17	3213.0
18	3125.0
19	3102.0
20	3217.0
21	3444.0
22	3751.0
23	4457.0
24	5392.0
25	6759.0
26	8505.0
27	10905.0
28	13467.0
29	17006.0
30	22260.0
31	29590.0
32	39116.0
33	55557.0
34	79040.0
35	120079.0
36	215694.0
37	552235.0
38	677387.0
39	1400.0
>>END_MODULE
>>Per base sequence content	fail
#Base	G	A	T	C
1	682397	526517	293986	420559
2	241617	438384	877555	365908
3	259355	625558	636331	402220
4	201134	385583	893481	443266
5	193968	774995	767309	187190
6	443098	879471	401498	199397
7	405976	665479	588104	263905
8	363648	792500	473278	294035
9	417387	350806	526895	628347
10	253846	576534	714645	378439
11	529919	552139	551828	289578
12	340478	551447	686271	345267
13	438072	489896	603530	391966
14	342531	467077	608765	505084
15	384122	650540	507444	381332
16	362288	650104	559950	351116
17	344756	622750	610497	345440
18	351711	626964	603442	341337
19	363001	610464	606494	343500
20	361445	605094	602068	354839
21	360444	600839	603263	358900
22	365766	594853	601890	360927
23	361353	598257	600831	362961
24	361604	602271	598180	361338
25	367764	594289	598993	362349
26	363555	598144	597267	364439
27	364428	604492	593401	361114
28	365967	600293	595410	361724
29	364069	599144	595394	364759
30	366511	602856	596214	357787
31	367816	597413	595503	362602
32	362765	599424	595990	365151
33	366929	600358	592675	363350
34	367632	594374	597511	363761
35	365697	594563	596514	366462
36	365764	597498	592987	366923
37	368389	594147	598093	362556
38	366338	595271	596633	364933
39	368966	598948	591939	363287
40	369724	595245	596988	361022
41	365496	596645	595224	365593
42	365742	598513	595415	363286
43	370696	591786	595591	364771
44	367215	594218	593116	368114
45	366982	599131	590330	366274
46	370219	589764	597199	365432
47	363138	595362	595472	368549
48	370350	595599	592206	364254
49	369969	594357	594925	363068
50	366367	596011	592178	367776
51	366347	595937	595786	364278
52	369699	590087	596321	366243
53	365467	593518	593470	369971
54	366834	596073	594052	365620
55	370174	591210	596749	364312
56	369311	590227	593923	369090
57	367471	596275	591045	367634
58	370582	589984	593436	368482
59	363906	588916	596059	373612
60	365778	598801	591701	366150
61	369543	588177	595805	368844
62	368916	592125	591945	369288
63	366532	596592	589487	369553
64	369258	591392	594074	367592
65	367803	593525	589509	371511
66	367787	594649	591437	368631
67	371362	591541	592413	367068
68	369030	589577	590175	373576
69	370344	595210	588341	368436
70	371022	590118	592706	368399
71	364791	591432	594250	371742
72	366895	595743	589622	369907
73	374953	586537	592764	367933
74	366334	591020	592931	372050
75	369186	593200	590132	369729
76	373367	589512	590076	369191
77	369023	590203	588438	374288
78	366254	592133	592648	371056
79	369459	589016	594079	369403
80	369796	589814	589999	372453
81	368599	592152	589462	371828
82	371615	589153	591128	370154
83	369846	587166	590216	374858
84	367791	595476	589362	369471
85	372499	584908	593954	370788
86	366458	589483	591501	374656
87	372042	590458	590326	369266
88	375160	583444	591283	372301
89	367817	589159	590753	374170
90	368717	589715	590822	372911
91	372150	584451	594097	371390
92	369503	586866	590205	375374
93	370224	588884	590694	372223
94	371360	583994	594081	372556
95	366818	586769	592145	376277
96	372151	592374	588583	368977
97	375912	583230	589067	373506
98	373755	585435	588218	374419
99	372181	589398	588137	372332
100	374570	584455	590431	372559
101	372354	584734	589589	375316
>>END_MODULE
>>Per base GC content	fail
#Base	%GC
1	57.34231922801578
2	31.58494258275694
3	34.39497697903366
4	33.50205670602621
5	19.81624799450158
6	33.40301664081054
7	34.8268020612811
8	34.19268703654506
9	54.368044670082426
10	32.872203482882966
11	42.60526841157412
12	35.65158258827958
13	43.15329010576751
14	44.06727054464955
15	39.79613587752763
16	37.08965831330863
17	35.88336124335372
18	36.031430957017946
19	36.730754333728974
20	37.23962097194307
21	37.398710439492454
22	37.78098153512776
23	37.657962298053135
24	37.58680623252762
25	37.95959748257638
26	37.84923092120484
27	37.721160319948424
28	37.83369398053649
29	37.89335987014432
30	37.657796115979885
31	37.97665928018743
32	37.8466513806783
33	37.96986656351128
34	38.02845974424914
35	38.06911892248273
36	38.09784044276851
37	38.00700400637484
38	38.02415276820882
39	38.07590711024678
40	38.00072699701869
41	38.018979093667156
42	37.911839896492694
43	38.24891670879177
44	38.24533992696588
45	38.136449617910486
46	38.2630626844494
47	38.05872601651685
48	38.212680028027336
49	38.13295295942037
50	38.190229367247696
51	38.00690613770244
52	38.283455146045206
53	38.255724797729535
54	38.097472197501375
55	38.2058264345664
56	38.407355643621415
57	38.23842282533779
58	38.44318080150472
59	38.36258441513181
60	38.07306377865514
61	38.410263586231366
62	38.40264187103399
63	38.29459921213799
64	38.33136695527686
65	38.4589054635269
66	38.305147869653325
67	38.41220068415051
68	38.6299534217872
69	38.43146679734135
70	38.46653262201228
71	38.316889629932135
72	38.331841093932006
73	38.64795672845566
74	38.410786881578915
75	38.44016923943697
76	38.631716841488625
77	38.67479520820499
78	38.35978629523784
79	38.44321178881734
80	38.61732868138489
81	38.52295554569336
82	38.592596446502434
83	38.7445723032164
84	38.35710941158108
85	38.66958284711539
86	38.55755533796924
87	38.56776886850369
88	38.88594663997486
89	38.60697154220903
90	38.5829520358554
91	38.68397284619643
92	38.756355530950884
93	38.628373720425074
94	38.705488215085296
95	38.66241000952649
96	38.55854449725168
97	38.99735392605043
98	38.930351171047135
99	38.73540098894512
100	38.8721732140488
101	38.900766027763886
>>END_MODULE
>>Per sequence GC content	pass
#GC Content	Count
0	0.5
1	0.5
2	2.0
3	5.0
4	10.5
5	12.0
6	17.0
7	30.5
8	41.5
9	51.0
10	65.0
11	83.0
12	107.5
13	149.0
14	188.5
15	226.5
16	287.0
17	367.5
18	459.0
19	663.5
20	1062.5
21	1649.0
22	2571.5
23	4003.0
24	6499.0
25	10383.5
26	16243.5
27	24211.0
28	34317.5
29	46228.5
30	59410.0
31	73620.5
32	87012.5
33	99172.5
34	110594.5
35	119193.5
36	123119.0
37	124033.0
38	121783.5
39	116605.5
40	108394.0
41	98537.0
42	89494.0
43	78629.0
44	67727.0
45	57377.0
46	47899.0
47	40081.0
48	32759.5
49	26239.0
50	20891.0
51	16552.0
52	12905.5
53	9824.0
54	7476.0
55	6213.5
56	5092.0
57	3794.0
58	2567.0
59	1672.0
60	1106.0
61	892.0
62	703.5
63	553.5
64	417.5
65	283.5
66	179.5
67	109.5
68	72.5
69	53.5
70	40.5
71	34.0
72	30.5
73	24.5
74	21.0
75	20.0
76	20.0
77	20.5
78	17.0
79	13.5
80	11.0
81	10.0
82	8.0
83	7.5
84	7.5
85	5.0
86	6.5
87	5.5
88	4.0
89	5.5
90	4.0
91	2.5
92	4.0
93	4.5
94	6.0
95	5.5
96	4.5
97	7.0
98	10.5
99	16.5
100	61.0
>>END_MODULE
>>Per base N content	pass
#Base	N-Count
1	2.599476777314262E-4
2	0.0
3	0.0
4	0.0
5	1.0397907109257049E-4
6	0.0
7	0.0
8	1.5596860663885572E-4
9	0.001507696530842272
10	0.0
11	0.0
12	5.198953554628524E-5
13	0.0
14	3.639267488239967E-4
15	0.0013517279242034163
16	3.1193721327771144E-4
17	0.00109178024647199
18	5.198953554628524E-4
19	2.599476777314262E-4
20	9.358116398331344E-4
21	9.358116398331344E-4
22	0.0014557069952959869
23	0.003223351203869685
24	0.003691257023786253
25	0.003587277952693682
26	0.0030673825972308295
27	0.001507696530842272
28	0.0036392674882399674
29	0.005094974483535954
30	0.004990995412443383
31	0.006758639621017082
32	0.006966597763202223
33	0.007902409403035356
34	0.009670053611609056
35	0.011853614104553035
36	0.015180944379515289
37	0.014505080417413585
38	0.015024975772876436
39	0.016844609516996418
40	0.025214924739948345
41	0.026306704986420335
42	0.026410684057512904
43	0.03223351203869685
44	0.04164361797257448
45	0.038836183053075075
46	0.044191105214342455
47	0.04902613202014698
48	0.05484896000133093
49	0.0595280182004966
50	0.0588521542383949
51	0.05802032166965434
52	0.05791634259856176
53	0.05396513789704408
54	0.04601073895846244
55	0.05297733672166466
56	0.04746644595375843
57	0.054017127432590364
58	0.05094974483535954
59	0.05048183901544297
60	0.05375717975485894
61	0.05692854142318234
62	0.06186754730007944
63	0.06758639621017082
64	0.059683986807135464
65	0.05802032166965434
66	0.04990995412443383
67	0.056148698389988067
68	0.05750042631419148
69	0.05890414377394118
70	0.06337524383092172
71	0.06493492989731027
72	0.06743042760353196
73	0.06639063689260626
74	0.058696185631756034
75	0.06327126475982914
76	0.06852220785000396
77	0.07860817774598329
78	0.07138163230504964
79	0.07834823006825187
80	0.07288932883589191
81	0.0739811090823639
82	0.07351320326244733
83	0.07164157998278106
84	0.07091372648513307
85	0.06836623924336509
86	0.07101770555622564
87	0.07132964276950336
88	0.06633864735705997
89	0.0813636231299364
90	0.06753440667462453
91	0.0715376009116885
92	0.07881613588816842
93	0.07481294165110447
94	0.07658058585967815
95	0.07564477421984503
96	0.07169356951832735
97	0.09092969767045289
98	0.08510686968926895
99	0.07361718233353991
100	0.07533283700656732
101	0.0764766067885856
>>END_MODULE
>>Sequence Length Distribution	pass
#Length	Count
101	1923464.0
>>END_MODULE
>>Sequence Duplication Levels	warn
#Total Duplicate Percentage	34.3171697524976
#Duplication Level	Relative count
1	100.0
2	24.24959442323087
3	7.908215674745142
4	3.051920910758942
5	1.3793152305588812
6	0.8345317625055789
7	0.5440750370155217
8	0.4363935192728664
9	0.3110012255856954
10++	2.9711597724519505
>>END_MODULE
>>Overrepresented sequences	pass
>>END_MODULE
>>Kmer Content	warn
#Sequence	Count	Obs/Exp Overall	Obs/Exp Max	Max Obs/Exp Position
TCCAA	339620	1.7191062	5.0634747	2
ACCAT	258610	1.3090456	5.0245996	8
ACACC	143030	1.1759983	5.2450066	6
GTCTT	229985	1.1476334	5.5976257	1
ATACC	220865	1.117986	5.6611786	6
GTCCA	129005	1.0517603	5.048257	1
GTATT	329040	1.0167605	7.242661	1
AATAC	317800	0.9961612	5.7053924	5
ATATA	492430	0.95027673	5.3678517	1
TACTG	182425	0.9156394	5.0883327	7
ATACT	287670	0.8964661	5.9100046	6
TATTA	450035	0.8634068	6.046604	2
TATAC	270305	0.84235156	6.641463	5
GTATA	249325	0.7749474	8.266773	1
TATAA	381975	0.73712397	5.1788883	2
>>END_MODULE
