##FastQC	0.8.0
>>Basic Statistics	pass
#Measure	Value	
Filename	1_140716_AH9BY4ADXX_P1260_1016_2.fastq.gz	
File type	Conventional base calls	
Total Sequences	2646260	
Sequence length	101	
%GC	37	
>>END_MODULE
>>Per base sequence quality	pass
#Base	Mean	Median	Lower Quartile	Upper Quartile	10th Percentile	90th Percentile
1	32.04916372540869	33.0	33.0	33.0	33.0	33.0
2	32.09604233899919	33.0	33.0	33.0	33.0	33.0
3	32.07638856348205	33.0	33.0	33.0	33.0	33.0
4	35.89686463159327	37.0	37.0	37.0	33.0	37.0
5	35.99614588135709	37.0	37.0	37.0	37.0	37.0
6	35.982711071474455	37.0	37.0	37.0	37.0	37.0
7	35.938515111893764	37.0	37.0	37.0	33.0	37.0
8	35.92569324253853	37.0	37.0	37.0	33.0	37.0
9	35.91896790186905	37.0	37.0	37.0	33.0	37.0
10	35.908845691655394	37.0	37.0	37.0	33.0	37.0
11	35.931160959240586	37.0	37.0	37.0	37.0	37.0
12	35.90705788546855	37.0	37.0	37.0	33.0	37.0
13	35.895467187653516	37.0	37.0	37.0	33.0	37.0
14	37.92695502331593	40.0	37.0	40.0	37.0	40.0
15	37.98114433200063	40.0	37.0	40.0	37.0	40.0
16	37.953814817893935	40.0	37.0	40.0	37.0	40.0
17	37.91368157323922	40.0	37.0	40.0	33.0	40.0
18	37.82463325599147	40.0	37.0	40.0	33.0	40.0
19	37.9424799528391	40.0	37.0	40.0	33.0	40.0
20	37.94868795961092	40.0	37.0	40.0	37.0	40.0
21	37.935669208618954	40.0	37.0	40.0	33.0	40.0
22	37.893661998443086	40.0	37.0	40.0	33.0	40.0
23	37.86317066350245	40.0	37.0	40.0	33.0	40.0
24	37.84534399492114	40.0	37.0	40.0	33.0	40.0
25	37.81689781049481	40.0	37.0	40.0	33.0	40.0
26	37.815560073462166	40.0	37.0	40.0	33.0	40.0
27	37.83000574395562	40.0	37.0	40.0	33.0	40.0
28	37.773957585422444	40.0	37.0	40.0	33.0	40.0
29	37.75088048793391	40.0	37.0	40.0	33.0	40.0
30	37.68863679305888	40.0	37.0	40.0	33.0	40.0
31	37.714819027608776	40.0	37.0	40.0	33.0	40.0
32	37.70491826199996	40.0	37.0	40.0	33.0	40.0
33	37.68496973086545	40.0	37.0	40.0	33.0	40.0
34	37.659074694096574	40.0	37.0	40.0	33.0	40.0
35	37.623594053494365	40.0	37.0	40.0	33.0	40.0
36	37.58088812134862	40.0	37.0	40.0	33.0	40.0
37	37.57566981324587	40.0	37.0	40.0	33.0	40.0
38	37.541154686236425	40.0	37.0	40.0	33.0	40.0
39	37.49575514121817	40.0	37.0	40.0	33.0	40.0
40	37.4940946845737	40.0	37.0	40.0	33.0	40.0
41	37.448435905768896	40.0	37.0	40.0	33.0	40.0
42	37.42847112528625	40.0	37.0	40.0	33.0	40.0
43	37.339697913281384	40.0	37.0	40.0	33.0	40.0
44	37.27746215413451	40.0	37.0	40.0	33.0	40.0
45	37.235654470838085	40.0	37.0	40.0	33.0	40.0
46	37.19060069683251	40.0	37.0	40.0	33.0	40.0
47	37.16604793179808	40.0	37.0	40.0	33.0	40.0
48	37.06480164458519	40.0	37.0	40.0	33.0	40.0
49	37.04068118778956	40.0	37.0	40.0	33.0	40.0
50	37.01166627617845	40.0	37.0	40.0	33.0	40.0
51	36.96117690627527	40.0	37.0	40.0	33.0	40.0
52	36.92034456175886	40.0	37.0	40.0	33.0	40.0
53	36.865517371686835	40.0	37.0	40.0	33.0	40.0
54	36.79257593736065	40.0	37.0	40.0	33.0	40.0
55	36.74841814485349	40.0	37.0	40.0	33.0	40.0
56	36.67951259513426	40.0	37.0	40.0	33.0	40.0
57	36.598621828542925	40.0	37.0	40.0	33.0	40.0
58	36.54839320399356	40.0	37.0	40.0	33.0	40.0
59	36.48988534762268	40.0	37.0	40.0	33.0	40.0
60	36.40954970411071	37.0	37.0	40.0	33.0	40.0
61	36.31424727728946	37.0	37.0	40.0	33.0	40.0
62	36.225125649029195	37.0	37.0	40.0	33.0	40.0
63	36.13508763311239	37.0	37.0	40.0	33.0	40.0
64	36.036956308148106	37.0	37.0	40.0	33.0	40.0
65	35.90510040585581	37.0	37.0	40.0	33.0	40.0
66	35.79995880979193	37.0	37.0	40.0	33.0	40.0
67	35.66839426209065	37.0	37.0	40.0	33.0	40.0
68	35.529607068088545	37.0	37.0	40.0	33.0	40.0
69	35.422561275158145	37.0	37.0	40.0	33.0	40.0
70	35.2891378776084	37.0	37.0	40.0	27.0	40.0
71	35.147358536198254	37.0	37.0	40.0	27.0	40.0
72	34.97703400270571	37.0	33.0	37.0	27.0	40.0
73	34.859406105220195	37.0	33.0	37.0	27.0	40.0
74	34.72572045074936	37.0	33.0	37.0	27.0	40.0
75	34.58135255039188	37.0	33.0	37.0	27.0	40.0
76	34.44667039519926	37.0	33.0	37.0	27.0	40.0
77	34.32329060636521	37.0	33.0	37.0	27.0	40.0
78	34.168494781314	37.0	33.0	37.0	27.0	37.0
79	34.04424621919237	37.0	33.0	37.0	27.0	37.0
80	33.930438430086234	37.0	33.0	37.0	27.0	37.0
81	33.801507410458534	37.0	33.0	37.0	27.0	37.0
82	33.6977477647699	37.0	33.0	37.0	27.0	37.0
83	33.788502263571985	37.0	33.0	37.0	27.0	37.0
84	33.781599691640274	37.0	33.0	37.0	27.0	37.0
85	33.719298557209044	37.0	33.0	37.0	27.0	37.0
86	33.65580252885204	37.0	33.0	37.0	27.0	37.0
87	33.601397443939746	37.0	33.0	37.0	27.0	37.0
88	33.53982564071558	37.0	33.0	37.0	27.0	37.0
89	33.632911732029356	37.0	33.0	37.0	27.0	37.0
90	33.639651432587875	37.0	33.0	37.0	27.0	37.0
91	33.61219041212882	37.0	33.0	37.0	27.0	37.0
92	33.57738846523017	37.0	33.0	37.0	27.0	37.0
93	33.49983070446593	37.0	33.0	37.0	27.0	37.0
94	33.48809338462585	37.0	33.0	37.0	27.0	37.0
95	33.46775297967698	37.0	33.0	37.0	27.0	37.0
96	33.40651032022553	37.0	33.0	37.0	27.0	37.0
97	33.351976374203595	37.0	33.0	37.0	27.0	37.0
98	33.28924179785811	37.0	33.0	37.0	27.0	37.0
99	33.25687120691089	37.0	33.0	37.0	27.0	37.0
100	33.19125898437795	37.0	33.0	37.0	27.0	37.0
101	32.785892164791065	37.0	33.0	37.0	27.0	37.0
>>END_MODULE
>>Per sequence quality scores	pass
#Quality	Count
2	22276.0
3	4463.0
4	3021.0
5	2354.0
6	2268.0
7	2434.0
8	2675.0
9	2904.0
10	2953.0
11	3319.0
12	3505.0
13	3618.0
14	3883.0
15	4061.0
16	4319.0
17	4387.0
18	4336.0
19	4378.0
20	4502.0
21	4625.0
22	5239.0
23	6061.0
24	7487.0
25	9213.0
26	11566.0
27	14356.0
28	17933.0
29	22686.0
30	28940.0
31	38398.0
32	51648.0
33	71894.0
34	104221.0
35	158479.0
36	280019.0
37	727591.0
38	997426.0
39	2822.0
>>END_MODULE
>>Per base sequence content	fail
#Base	G	A	T	C
1	927947	734978	410051	573278
2	326935	609390	1217033	492902
3	349634	874256	883604	538765
4	272981	537843	1241976	593456
5	261758	1070208	1062833	251459
6	595907	1220846	559277	270228
7	542226	923451	824327	356254
8	494024	1097403	658194	396636
9	570181	488133	735880	852028
10	343932	798997	990515	512814
11	715708	767490	770816	392245
12	460051	762255	956985	466964
13	596158	688700	832656	528745
14	467267	649786	847330	681864
15	518713	902747	706729	518046
16	493446	900533	777593	474675
17	467174	864968	845254	468833
18	477683	866650	839581	462329
19	493857	848758	837327	466314
20	492428	841050	830607	482137
21	488371	833071	835763	489038
22	494814	825681	835419	490309
23	489198	829675	832693	494593
24	491683	838110	829310	487046
25	496406	828249	832848	488657
26	492194	831834	829888	492252
27	494670	839321	823679	488541
28	497572	832411	827949	488216
29	493612	831913	827138	493460
30	496813	836528	825775	487003
31	502212	826642	824672	492562
32	495125	831346	823452	496147
33	494614	833085	823767	494576
34	499136	827686	826952	492217
35	494441	829560	825669	496261
36	495988	831556	825808	492474
37	498831	827849	829518	489650
38	495967	827250	827057	495583
39	496563	833191	823227	492814
40	501049	825201	829665	489615
41	495645	826820	826094	496972
42	498585	829203	825792	491964
43	506076	822033	824351	492901
44	497640	823971	822957	500577
45	498624	831694	820270	494603
46	501185	824056	825624	494213
47	495833	826007	825649	497422
48	500927	828961	821495	493402
49	500390	825256	826036	492972
50	494645	826148	824741	499109
51	494883	829674	825591	494506
52	501436	819542	828507	495196
53	497292	823226	822965	501301
54	499081	827986	822753	495168
55	502625	822743	824121	495308
56	500794	820822	821310	502005
57	499191	827840	820742	497018
58	504548	818755	822879	498676
59	495419	821442	826010	501992
60	496925	828323	824414	495139
61	503084	818437	826603	496570
62	499063	822053	821159	502261
63	497288	826747	821050	499363
64	503667	818783	824811	497337
65	500088	821941	819639	503012
66	499350	825777	820362	499412
67	503808	821571	821924	497479
68	499633	821324	820057	503666
69	503295	824199	819255	497852
70	504898	819411	822079	498086
71	495109	820069	825057	504221
72	497595	824762	822055	499969
73	506301	816794	821834	499501
74	499657	819921	820411	504672
75	501289	824849	818762	499611
76	506984	818202	818536	500679
77	502580	818673	817423	505445
78	499150	825191	817091	502859
79	505502	817757	822113	498715
80	502128	820430	817346	504350
81	501291	823558	817060	502340
82	507917	818349	819252	498764
83	500225	818460	820969	504642
84	499907	826301	818256	499845
85	506293	814266	822098	501718
86	500207	820410	818671	505027
87	503253	823483	816506	501080
88	509605	815718	818091	500998
89	500097	817442	820078	506440
90	501064	822377	818485	502488
91	505384	815803	822409	500734
92	503413	817556	818062	505088
93	502788	819981	817471	503950
94	505970	815720	821418	501072
95	500183	816905	820891	506225
96	505089	821750	818030	499415
97	510884	814110	815509	503260
98	505173	816951	815080	506790
99	504057	821386	815060	503764
100	510141	814754	818288	501036
101	505309	814848	818489	505513
>>END_MODULE
>>Per base GC content	fail
#Base	%GC
1	56.73019294444146
2	30.980969368089305
3	33.57188393124029
4	32.7419947276454
5	19.39406512894812
6	32.73055764026032
7	33.95284964655752
8	33.65735074106559
9	53.744886105549725
10	32.37575474500219
11	41.868653068350454
12	35.03120447575914
13	42.50917994043667
14	43.4249335001608
15	39.178644375877425
16	36.58468011489479
17	35.37135297058569
18	35.52251248279164
19	36.2841312405149
20	36.828542729975034
21	36.93572359001044
22	37.227512571691804
23	37.1780758450267
24	36.98691948185836
25	37.22613145085709
26	37.20270217159304
27	37.15542713714061
28	37.25369858375269
29	37.302574370125654
30	37.17958262648052
31	37.59413897043485
32	37.46204748929544
33	37.38376034847519
34	37.4662272093896
35	37.44247298965846
36	37.359297247815995
37	37.359704714707725
38	37.475570297260965
39	37.39431815390081
40	37.44671200099791
41	37.520520455061764
42	37.44216690404696
43	37.76335252542092
44	37.73770436025246
45	37.548403877073525
46	37.63208495174811
47	37.55343752587516
48	37.595834822112195
49	37.56113276065602
50	37.57611140709729
51	37.410905169447496
52	37.684393694362385
53	37.75707203310365
54	37.58992479360965
55	37.73193178909383
56	37.913994731809645
57	37.66683265331741
58	37.93111010118502
59	37.71125385322416
60	37.50996766864501
61	37.798474984251484
62	37.863882359703176
63	37.68843251975459
64	37.85089454049349
65	37.92897439387752
66	37.7617914621379
67	37.858961532557316
68	37.93649893370842
69	37.85625884585236
70	37.9275424904915
71	37.78962478483287
72	37.72391346027671
73	38.03473716453073
74	37.97571787083486
75	37.848207097644895
76	38.10552938075579
77	38.123255327573894
78	37.893295405082114
79	37.979726083143255
80	38.06283360070553
81	37.955237952250336
82	38.070107499880876
83	38.00130545143207
84	37.807684351564056
85	38.11906405105176
86	38.014911234100325
87	37.98073759549707
88	38.21654870723624
89	38.06790095674942
90	37.94988228015734
91	38.04812561215884
92	38.14128637931954
93	38.07358775277117
94	38.08522869093632
95	38.06090604204517
96	37.987750181145444
97	38.35986811223245
98	38.27402785331586
99	38.11343559481701
100	38.24104584378223
101	38.228487772482666
>>END_MODULE
>>Per sequence GC content	pass
#GC Content	Count
0	0.0
1	2.0
2	4.5
3	8.0
4	13.0
5	18.5
6	27.5
7	47.5
8	68.5
9	87.0
10	108.0
11	125.5
12	183.0
13	236.0
14	292.5
15	361.0
16	452.0
17	608.5
18	809.0
19	1180.0
20	1850.0
21	3009.5
22	4845.0
23	7649.0
24	12101.5
25	18820.0
26	28399.5
27	40628.0
28	55132.0
29	72320.0
30	91332.0
31	110349.5
32	128414.0
33	145128.0
34	157382.5
35	165806.0
36	170613.0
37	170639.5
38	166349.0
39	157226.0
40	144984.5
41	131133.5
42	116645.0
43	101279.5
44	85495.0
45	71314.5
46	59584.0
47	49228.0
48	40050.5
49	31727.5
50	24680.5
51	19442.5
52	15051.0
53	11162.5
54	8231.0
55	6098.5
56	4440.5
57	3365.5
58	2573.0
59	1834.5
60	1251.5
61	953.0
62	729.5
63	539.5
64	421.5
65	313.0
66	186.0
67	114.5
68	103.5
69	76.5
70	51.5
71	35.0
72	27.0
73	27.5
74	24.0
75	26.0
76	22.0
77	18.5
78	21.5
79	17.5
80	15.5
81	17.5
82	15.5
83	13.5
84	11.0
85	10.5
86	13.0
87	10.5
88	7.0
89	4.0
90	8.0
91	9.5
92	5.5
93	10.5
94	10.5
95	7.5
96	9.0
97	8.0
98	8.0
99	17.0
100	77.5
>>END_MODULE
>>Per base N content	pass
#Base	N-Count
1	2.2673509027835512E-4
2	0.0
3	3.7789181713059185E-5
4	1.5115672685223674E-4
5	7.557836342611837E-5
6	7.557836342611837E-5
7	7.557836342611837E-5
8	1.1336754513917756E-4
9	0.001435988905096249
10	7.557836342611837E-5
11	3.7789181713059185E-5
12	1.8894590856529593E-4
13	3.7789181713059185E-5
14	4.912593622697695E-4
15	9.447295428264796E-4
16	4.912593622697695E-4
17	0.0011714646331048347
18	6.424160891220061E-4
19	1.5115672685223674E-4
20	0.001435988905096249
21	6.424160891220061E-4
22	0.0013981997233831899
23	0.0038167073530189777
24	0.004194599170149569
25	0.0037789181713059183
26	0.003476604717601445
27	0.0018516699039399002
28	0.0042323883518626286
29	0.005177117894689108
30	0.005328274621541345
31	0.006499739254646179
32	0.007179944525481245
33	0.008238041613446902
34	0.010165289880812922
35	0.012432640783596472
36	0.016400504863467686
37	0.015569142865780384
38	0.015229040230362853
39	0.01757196949657252
40	0.02758610265053321
41	0.027548313468820147
42	0.027057054106550373
43	0.03397247436004021
44	0.04213493761006099
45	0.04039663525126027
46	0.04466681278483595
47	0.05097760613091684
48	0.0557390430267623
49	0.060689425831173045
50	0.0611051068300167
51	0.060689425831173045
52	0.05966911792492045
53	0.05577683220847535
54	0.04806783913901128
55	0.05528557284620558
56	0.05022182249665566
57	0.055512307936483936
58	0.052980432761708975
59	0.052791486853143686
60	0.05513441611935335
61	0.05917785856265069
62	0.06514854927331404
63	0.06847399726406324
64	0.06280562000710437
65	0.05970690710663351
66	0.05135549794804743
67	0.055852410571901476
68	0.05970690710663351
69	0.06269225246196519
70	0.0674914785395237
71	0.06817168381035876
72	0.07100587243883821
73	0.0691542025348983
74	0.06042490155918164
75	0.06609327881614052
76	0.07025008880457703
77	0.0808310596842336
78	0.07440689879301353
79	0.08211589186247761
80	0.07580509851639672
81	0.07599404442496202
82	0.07474700142843106
83	0.07421795288444824
84	0.07372669352217846
85	0.07123260752911656
86	0.07349995843190012
87	0.0732354341599087
88	0.06983440780573337
89	0.08324956731386939
90	0.06975882944230725
91	0.07293312070620422
92	0.08090663804765971
93	0.07822360614603252
94	0.07860149796316311
95	0.07769455760204969
96	0.07467142306500495
97	0.09435958673750879
98	0.08563028576179212
99	0.07531383915412695
100	0.07712771987635379
101	0.07939507077913735
>>END_MODULE
>>Sequence Length Distribution	pass
#Length	Count
101	2646260.0
>>END_MODULE
>>Sequence Duplication Levels	warn
#Total Duplicate Percentage	37.2947771866598
#Duplication Level	Relative count
1	100.0
2	29.15811400507838
3	10.882786723228268
4	4.588788030835196
5	2.1339840958506286
6	1.170764341863188
7	0.6697684319360185
8	0.46374431723152243
9	0.34894859280208
10++	2.6304185862640455
>>END_MODULE
>>Overrepresented sequences	pass
>>END_MODULE
>>Kmer Content	warn
#Sequence	Count	Obs/Exp Overall	Obs/Exp Max	Max Obs/Exp Position
ACCAT	351845	1.3003672	5.0381875	8
ACACC	193955	1.1936561	5.0219054	6
GTCTT	307855	1.1238859	5.2605124	1
ATACC	302790	1.1190672	5.7761755	6
GTCCA	172770	1.0536793	5.0263395	1
GTATT	467730	1.0287462	7.3700776	1
AATAC	453265	1.0092618	5.66994	5
ATACA	432535	0.9631035	5.0543156	6
ATATA	712510	0.9527503	5.4049687	1
TAATA	663115	0.8867006	5.03655	4
TATTA	660475	0.8803268	6.108595	2
ATACT	391325	0.8685377	5.8125515	6
TATAC	386250	0.8572739	6.9151893	5
GTATA	355935	0.7853882	8.132108	1
TATAA	563655	0.7537052	5.2124157	2
>>END_MODULE
