##FastQC	0.8.0
>>Basic Statistics	pass
#Measure	Value	
Filename	8_140619_BC47HDACXX_P1260_1008_2.fastq.gz	
File type	Conventional base calls	
Total Sequences	1940489	
Sequence length	101	
%GC	37	
>>END_MODULE
>>Per base sequence quality	pass
#Base	Mean	Median	Lower Quartile	Upper Quartile	10th Percentile	90th Percentile
1	32.055575166878036	33.0	33.0	33.0	33.0	33.0
2	32.049068044188864	33.0	33.0	33.0	33.0	33.0
3	32.03196616935216	33.0	33.0	33.0	33.0	33.0
4	35.88588288828228	37.0	37.0	37.0	33.0	37.0
5	35.917259000179854	37.0	37.0	37.0	33.0	37.0
6	35.9735638800323	37.0	37.0	37.0	33.0	37.0
7	35.930220166153994	37.0	37.0	37.0	33.0	37.0
8	35.949593118023344	37.0	37.0	37.0	33.0	37.0
9	35.96693256184395	37.0	37.0	37.0	33.0	37.0
10	35.93016090274153	37.0	37.0	37.0	33.0	37.0
11	35.96668159417549	37.0	37.0	37.0	33.0	37.0
12	35.93214184672008	37.0	37.0	37.0	33.0	37.0
13	35.935197262133414	37.0	37.0	37.0	33.0	37.0
14	37.92783726163869	40.0	37.0	40.0	33.0	40.0
15	37.945934761804885	40.0	37.0	40.0	33.0	40.0
16	37.9332606368807	40.0	37.0	40.0	33.0	40.0
17	37.89099963978152	40.0	37.0	40.0	33.0	40.0
18	37.88717998401434	40.0	37.0	40.0	33.0	40.0
19	37.92720133945619	40.0	37.0	40.0	33.0	40.0
20	37.899337744249	40.0	37.0	40.0	33.0	40.0
21	37.854619119201395	40.0	37.0	40.0	33.0	40.0
22	37.79888471411072	40.0	37.0	40.0	33.0	40.0
23	37.767047893597955	40.0	37.0	40.0	33.0	40.0
24	37.71545471270386	40.0	37.0	40.0	33.0	40.0
25	37.656912767864185	40.0	37.0	40.0	33.0	40.0
26	37.60617143410759	40.0	37.0	40.0	33.0	40.0
27	37.575400324351236	40.0	37.0	40.0	33.0	40.0
28	37.54679825549127	40.0	37.0	40.0	33.0	40.0
29	37.49219294724165	40.0	37.0	40.0	33.0	40.0
30	37.48375899064617	40.0	37.0	40.0	33.0	40.0
31	37.4453161033121	40.0	37.0	40.0	33.0	40.0
32	37.446224121857945	40.0	37.0	40.0	33.0	40.0
33	37.43891307809526	40.0	37.0	40.0	33.0	40.0
34	37.421438101427015	40.0	37.0	40.0	33.0	40.0
35	37.41816624572466	40.0	37.0	40.0	33.0	40.0
36	37.39286952927844	40.0	37.0	40.0	33.0	40.0
37	37.37144812467373	40.0	37.0	40.0	33.0	40.0
38	37.32876919168313	40.0	37.0	40.0	33.0	40.0
39	37.29780998500893	40.0	37.0	40.0	33.0	40.0
40	37.277658878767156	40.0	37.0	40.0	33.0	40.0
41	37.186523087737164	40.0	37.0	40.0	33.0	40.0
42	37.17669875995174	40.0	37.0	40.0	33.0	40.0
43	37.14757311172596	40.0	37.0	40.0	33.0	40.0
44	37.12291180212823	40.0	37.0	40.0	33.0	40.0
45	37.075256288492234	40.0	37.0	40.0	33.0	40.0
46	37.01140537256331	40.0	37.0	40.0	33.0	40.0
47	36.932423734429825	40.0	37.0	40.0	33.0	40.0
48	36.87207760518096	40.0	37.0	40.0	33.0	40.0
49	36.79486717007929	40.0	37.0	40.0	33.0	40.0
50	36.68354883743221	40.0	37.0	40.0	33.0	40.0
51	35.17734241214457	37.0	37.0	37.0	33.0	40.0
52	35.67605124275376	37.0	37.0	40.0	33.0	40.0
53	36.17661630650831	37.0	37.0	40.0	33.0	40.0
54	36.383140538287	37.0	37.0	40.0	33.0	40.0
55	36.43578757725501	37.0	37.0	40.0	33.0	40.0
56	36.4051087122885	37.0	37.0	40.0	33.0	40.0
57	36.613120198053174	40.0	37.0	40.0	33.0	40.0
58	36.660007863997166	40.0	37.0	40.0	33.0	40.0
59	36.6447328482666	40.0	37.0	40.0	33.0	40.0
60	36.59208426329652	40.0	37.0	40.0	33.0	40.0
61	36.52278265942245	37.0	37.0	40.0	33.0	40.0
62	36.42819567645063	37.0	37.0	40.0	33.0	40.0
63	36.33044402725292	37.0	37.0	40.0	33.0	40.0
64	36.225272083479986	37.0	37.0	40.0	33.0	40.0
65	36.13796007088935	37.0	37.0	40.0	33.0	40.0
66	36.19367592395525	37.0	37.0	40.0	33.0	40.0
67	36.131707007872755	37.0	37.0	40.0	33.0	40.0
68	36.02912152555361	37.0	37.0	40.0	33.0	40.0
69	35.90406696456409	37.0	37.0	40.0	33.0	40.0
70	35.77226616589942	37.0	37.0	40.0	33.0	40.0
71	35.61869559683152	37.0	37.0	40.0	33.0	40.0
72	35.48126580465027	37.0	37.0	40.0	33.0	40.0
73	35.30605996735874	37.0	37.0	37.0	33.0	40.0
74	35.14634197874866	37.0	37.0	37.0	33.0	40.0
75	34.97009052872755	37.0	37.0	37.0	33.0	40.0
76	34.775695198478324	37.0	33.0	37.0	27.0	40.0
77	34.59741848575282	37.0	33.0	37.0	27.0	40.0
78	34.429004750864344	37.0	33.0	37.0	27.0	40.0
79	34.28384288702487	37.0	33.0	37.0	27.0	37.0
80	34.19978830078398	37.0	33.0	37.0	27.0	37.0
81	34.086039652891614	37.0	33.0	37.0	27.0	37.0
82	33.983079522738855	37.0	33.0	37.0	27.0	37.0
83	33.887681404017236	37.0	33.0	37.0	27.0	37.0
84	33.798949130863406	37.0	33.0	37.0	27.0	37.0
85	33.7202380430912	37.0	33.0	37.0	27.0	37.0
86	33.61298930321172	37.0	33.0	37.0	27.0	37.0
87	33.54742335565932	37.0	33.0	37.0	27.0	37.0
88	33.480239774613516	37.0	33.0	37.0	27.0	37.0
89	33.41214405234969	37.0	33.0	37.0	27.0	37.0
90	33.32661973347955	37.0	33.0	37.0	27.0	37.0
91	33.26002981722648	37.0	33.0	37.0	27.0	37.0
92	33.1773408661425	37.0	33.0	37.0	27.0	37.0
93	33.09535586133186	37.0	33.0	37.0	27.0	37.0
94	33.04497165405215	37.0	33.0	37.0	27.0	37.0
95	32.968149780802676	37.0	33.0	37.0	27.0	37.0
96	32.882824380864825	37.0	33.0	37.0	27.0	37.0
97	32.80071466522098	37.0	33.0	37.0	27.0	37.0
98	32.71067705099075	37.0	33.0	37.0	27.0	37.0
99	32.62783607637044	37.0	33.0	37.0	27.0	37.0
100	32.50764369187355	37.0	33.0	37.0	27.0	37.0
101	31.735699609737544	33.0	33.0	37.0	22.0	37.0
>>END_MODULE
>>Per sequence quality scores	pass
#Quality	Count
2	11542.0
3	2678.0
4	2061.0
5	2574.0
6	1994.0
7	1800.0
8	1966.0
9	2350.0
10	2861.0
11	2725.0
12	2601.0
13	2351.0
14	2421.0
15	2725.0
16	2966.0
17	3253.0
18	3339.0
19	3567.0
20	3846.0
21	3910.0
22	4529.0
23	5339.0
24	6252.0
25	7819.0
26	9623.0
27	11860.0
28	14884.0
29	18499.0
30	23452.0
31	30020.0
32	41277.0
33	56529.0
34	81814.0
35	124851.0
36	225687.0
37	577787.0
38	635062.0
39	1675.0
>>END_MODULE
>>Per base sequence content	fail
#Base	G	A	T	C
1	681692	535352	296813	419278
2	242861	447184	881124	362373
3	259038	631494	646555	396348
4	204663	393974	897316	438409
5	197893	777716	769852	190160
6	442341	884392	408858	202322
7	405087	676279	593129	264452
8	363717	795749	483555	296712
9	420540	359138	536230	624193
10	258722	582398	720190	378864
11	525180	561646	562193	291215
12	341138	560073	693033	345961
13	434637	500890	612918	391898
14	343508	476970	619337	500564
15	382005	659005	517677	381682
16	363563	658387	568778	349682
17	343536	630905	619703	346236
18	349435	634866	613697	342370
19	362921	620376	613221	343830
20	362509	615039	608283	354229
21	359103	609391	612248	358569
22	365705	601077	610984	360652
23	360368	606610	608045	362873
24	359689	612604	605031	359315
25	365414	603067	606784	360383
26	361990	607038	603548	362037
27	362252	611979	601212	358474
28	366415	606393	602079	358686
29	362643	607397	601107	362745
30	364119	610248	602267	357769
31	368677	603991	601175	361499
32	362216	606759	602007	364888
33	364376	608668	601079	363144
34	368648	603373	603849	362589
35	364520	605125	604346	365483
36	365933	607014	601415	365443
37	367679	604118	606801	361485
38	366426	604414	604085	365275
39	366964	609030	600351	363905
40	369620	600766	608396	361549
41	367244	604604	602504	366049
42	366418	608959	602560	362445
43	370644	601302	603402	365012
44	366889	602429	601669	369281
45	367377	608383	599238	365187
46	368450	600008	605597	365870
47	363792	603897	602539	368926
48	366865	605115	600839	365606
49	368086	601083	604845	363650
50	364781	603265	600004	368739
51	364764	604093	602082	365351
52	367288	597400	604365	366428
53	363433	601080	600160	369703
54	364607	603141	600881	365249
55	368430	598680	602018	364554
56	365929	598897	599821	369266
57	364690	602363	599013	368108
58	369059	597427	599273	369212
59	361256	597953	603644	372425
60	365050	603600	601462	365619
61	368740	596359	603111	367832
62	365693	600176	600164	370822
63	364541	604108	599663	369516
64	369238	598730	601380	369646
65	366551	602118	597795	372899
66	367965	600984	599589	370985
67	368659	600373	600678	369914
68	367402	598299	598743	375217
69	368675	603114	597986	369820
70	370496	598777	601482	368982
71	364592	599032	601945	373356
72	366209	602846	598623	370565
73	373879	593657	600176	369607
74	366713	596746	599407	373027
75	367023	600192	597178	369830
76	370896	596381	595864	369690
77	369699	594889	593595	373374
78	367264	597689	594609	371457
79	369113	595464	597974	368968
80	369713	593763	596574	373318
81	367864	599233	595068	372205
82	371637	596449	598121	368575
83	369307	595660	595453	375463
84	368978	601031	596538	370427
85	372952	592518	599352	372526
86	367851	597227	596838	375824
87	372333	598429	596348	370956
88	375535	592097	598130	372931
89	370897	597236	595097	375901
90	370551	597971	596504	374116
91	375028	591337	601146	372109
92	372472	593699	597003	376496
93	372732	596201	596726	374175
94	375097	592109	599922	372775
95	371904	594643	596989	376413
96	374931	599657	595165	370238
97	379952	589894	595336	374400
98	376685	593846	592650	376671
99	374714	597384	594206	373467
100	378627	591398	596480	372600
101	375891	591719	594433	375733
>>END_MODULE
>>Per base GC content	fail
#Base	%GC
1	56.95256668572034
2	31.30182845782507
3	33.89749332147189
4	33.24465637765837
5	20.04798460029107
6	33.265838043297094
7	34.5310624787578
8	34.04741786627335
9	53.849412994478115
10	32.862310287633996
11	42.07714121080241
12	35.41373205408706
13	42.59736551733379
14	43.500367711668694
15	39.35782317693181
16	36.7574378610706
17	35.548294663931806
18	35.6532884483768
19	36.42393014036657
20	36.944115130459885
21	37.006545108030636
22	37.471639243960794
23	37.320939823396095
24	37.12638235623676
25	37.49633197771496
26	37.424901000872005
27	37.26768005038479
28	37.50057535970972
29	37.50923009144254
30	37.318387119953805
31	37.72852550091922
32	37.55954687039936
33	37.55393551843912
34	37.7225930494274
35	37.639225893206095
36	37.70358360763066
37	37.58416521355014
38	37.712658488815585
39	37.668805566293
40	37.68269434441856
41	37.79079685075404
42	37.562861333490005
43	37.91337689913212
44	37.941665790499044
45	37.75743034813691
46	37.85300978130598
47	37.78544664322689
48	37.78691463430363
49	37.763822829964326
50	37.87299494162761
51	37.70690340806387
52	37.90871623126241
53	37.900387515147
54	37.74053999269861
55	37.906129342880575
56	38.01592936186891
57	37.88687057110684
58	38.15411187041046
59	37.91088412104101
60	37.74641207895105
61	38.04524901835807
62	38.026336509444434
63	37.880400118070334
64	38.10656453810584
65	38.128498893708915
66	38.09957396741363
67	38.07815329156578
68	38.28602008289077
69	38.07470116184049
70	38.122590846078616
71	38.05964645357608
72	38.01246799291936
73	38.377056127565986
74	38.21182265755391
75	38.09555568308308
76	38.31612800084436
77	38.47015645927094
78	38.25550137000205
79	38.212463869110266
80	38.431948806435194
81	38.25891633968682
82	38.25816035088191
83	38.47184979670776
84	38.17320211835574
85	38.4793026343228
86	38.37847182800582
87	38.35209946410494
88	38.606731442265485
89	38.51199325883605
90	38.40188083183181
91	38.51976160278818
92	38.61316615712982
93	38.5036554674266
94	38.552030694318226
95	38.57405529732998
96	38.41095139101161
97	38.89250364253741
98	38.835746232186786
99	38.570583847268566
100	38.740913978356
101	38.787971365111346
>>END_MODULE
>>Per sequence GC content	pass
#GC Content	Count
0	57.5
1	31.5
2	30.5
3	33.5
4	46.0
5	65.0
6	81.5
7	86.0
8	92.0
9	109.5
10	135.5
11	152.5
12	178.5
13	221.5
14	269.0
15	347.5
16	424.0
17	549.0
18	717.0
19	927.5
20	1323.5
21	2081.5
22	3351.5
23	5176.5
24	8051.5
25	12557.0
26	18816.5
27	27148.0
28	37866.5
29	49981.5
30	63191.5
31	77139.5
32	90599.5
33	102757.0
34	113210.0
35	120818.5
36	124354.0
37	124696.5
38	121816.5
39	116246.0
40	107893.0
41	97839.0
42	87876.0
43	76620.0
44	65670.0
45	55426.5
46	46208.5
47	38594.0
48	31654.0
49	25218.0
50	19747.5
51	15438.0
52	11910.5
53	8943.0
54	6602.5
55	5273.0
56	4118.5
57	2985.5
58	2068.5
59	1343.5
60	855.5
61	643.5
62	490.0
63	384.0
64	284.5
65	199.0
66	139.5
67	79.5
68	42.0
69	31.5
70	24.0
71	17.5
72	12.0
73	10.5
74	8.5
75	6.0
76	6.0
77	6.0
78	5.5
79	6.5
80	4.5
81	3.5
82	3.0
83	1.5
84	2.0
85	1.5
86	0.5
87	2.5
88	2.5
89	2.0
90	1.5
91	0.0
92	1.0
93	1.0
94	0.0
95	0.0
96	0.0
97	0.5
98	0.5
99	0.0
100	0.0
>>END_MODULE
>>Per base N content	pass
#Base	N-Count
1	0.3789766393934725
2	0.358002544719398
3	0.36351661874919156
4	0.3157451549583636
5	0.2508646016545314
6	0.13275004393222534
7	0.07946450611160383
8	0.03895925202358787
9	0.019994960033269966
10	0.016233021676494944
11	0.013141017547638764
12	0.014635486209919253
13	0.007523876713550039
14	0.00566867423623633
15	0.00618400825771236
16	0.004071138769660637
17	0.0056171408340887265
18	0.006235541659859963
19	0.007266209702812023
20	0.022107829521321686
21	0.060706347729876334
22	0.1067256758476858
23	0.13362611176873457
24	0.19840359826827156
25	0.2494731997965461
26	0.30281027101931524
27	0.3386775189140469
28	0.3564050092528223
29	0.339965853967737
30	0.31363228547031186
31	0.26524242085371263
32	0.23803278451977827
33	0.16604062171957687
34	0.1046128063596341
35	0.05230640317981705
36	0.03524884706896045
37	0.020922561271926817
38	0.014893153220657266
39	0.012316483113277118
40	0.008142277539321273
41	0.004534939388989064
42	0.005514074029793521
43	0.006647808877040788
44	0.011388881874620263
45	0.015666154252871312
46	0.029064838811248092
47	0.06879709186705
48	0.1063649420326526
49	0.14558186106697846
50	0.1906735879461311
51	0.216388755617785
52	0.2580792779551958
53	0.31502368732829716
54	0.34068732159780346
55	0.35078786841873366
56	0.33888365252263736
57	0.32543343456211293
58	0.2843613130504734
59	0.2685405585911592
60	0.24519592741829507
61	0.22916903935039057
62	0.18727238340438931
63	0.1371303831147716
64	0.07704243621066649
65	0.05802661081820098
66	0.0497812664745845
67	0.044576392857676596
68	0.04266965697821529
69	0.04607086151995708
70	0.038753118414997456
71	0.0805982409588511
72	0.11574402122351635
73	0.1633608848079015
74	0.2368475162703834
75	0.3229082978568804
76	0.3946427936463438
77	0.46029634798239
78	0.48802131833780044
79	0.4622546172639989
80	0.36696935669308095
81	0.31533288774118273
82	0.29410112605637034
83	0.23736285029185944
84	0.18113990854882453
85	0.16186641614562103
86	0.14166532250376065
87	0.12486543340364208
88	0.09255399025709499
89	0.06998236011644487
90	0.06941549269282124
91	0.04478252646626701
92	0.04220585635888686
93	0.03375437840667996
94	0.03019857365849536
95	0.027828037159705617
96	0.025663634269506293
97	0.04674079574787592
98	0.03282677716802311
99	0.03700098274197896
100	0.07132222857228256
101	0.13981012002644694
>>END_MODULE
>>Sequence Length Distribution	pass
#Length	Count
101	1940489.0
>>END_MODULE
>>Sequence Duplication Levels	warn
#Total Duplicate Percentage	31.649549163135543
#Duplication Level	Relative count
1	100.0
2	22.850365139677134
3	7.243488514822809
4	2.581147897085089
5	1.2205802238420003
6	0.6599408328908443
7	0.44547730203499
8	0.33100480646562724
9	0.27376855868094585
10++	2.3128960851785703
>>END_MODULE
>>Overrepresented sequences	pass
>>END_MODULE
>>Kmer Content	warn
#Sequence	Count	Obs/Exp Overall	Obs/Exp Max	Max Obs/Exp Position
TCCAA	342360	1.7183294	5.0471916	2
GTCTT	230465	1.1461898	5.309195	1
ATACC	218735	1.0978467	5.382065	6
GTATT	334945	1.0180646	7.0176096	1
AATAC	321140	0.9850722	5.3152437	5
ATATA	493410	0.92121625	5.2435575	1
TATAC	292765	0.89438105	6.3024898	5
TATTA	466750	0.86789614	5.8568206	2
ATACT	274315	0.8380173	5.460789	6
GTATA	250205	0.7636036	7.8197503	1
GTCTA	144410	0.7211391	5.172679	1
>>END_MODULE
