##FastQC	0.8.0
>>Basic Statistics	pass
#Measure	Value	
Filename	1_140716_AH9BY4ADXX_P1260_1019_1.fastq.gz	
File type	Conventional base calls	
Total Sequences	2000344	
Sequence length	101	
%GC	36	
>>END_MODULE
>>Per base sequence quality	pass
#Base	Mean	Median	Lower Quartile	Upper Quartile	10th Percentile	90th Percentile
1	32.73734167723152	33.0	33.0	33.0	33.0	33.0
2	32.75555604436037	33.0	33.0	33.0	33.0	33.0
3	32.76739300840256	33.0	33.0	33.0	33.0	33.0
4	36.70455181708746	37.0	37.0	37.0	37.0	37.0
5	36.63643153377619	37.0	37.0	37.0	37.0	37.0
6	36.61698487860088	37.0	37.0	37.0	37.0	37.0
7	36.56139843946841	37.0	37.0	37.0	37.0	37.0
8	36.55789554196678	37.0	37.0	37.0	37.0	37.0
9	36.53339025687582	37.0	37.0	37.0	37.0	37.0
10	36.532818355242895	37.0	37.0	37.0	37.0	37.0
11	36.545763128741854	37.0	37.0	37.0	37.0	37.0
12	36.524992701255385	37.0	37.0	37.0	37.0	37.0
13	36.52261411037301	37.0	37.0	37.0	37.0	37.0
14	38.642449498686226	40.0	37.0	40.0	37.0	40.0
15	38.66587197002116	40.0	37.0	40.0	37.0	40.0
16	38.67781991497463	40.0	37.0	40.0	37.0	40.0
17	38.66396579788277	40.0	37.0	40.0	37.0	40.0
18	38.67369162504049	40.0	37.0	40.0	37.0	40.0
19	38.714439116471965	40.0	37.0	40.0	37.0	40.0
20	38.71447361053899	40.0	37.0	40.0	37.0	40.0
21	38.697324060261636	40.0	37.0	40.0	37.0	40.0
22	38.70394842087161	40.0	37.0	40.0	37.0	40.0
23	38.69467651563931	40.0	37.0	40.0	37.0	40.0
24	38.684593249961004	40.0	37.0	40.0	37.0	40.0
25	38.660991809408785	40.0	37.0	40.0	37.0	40.0
26	38.61389141067736	40.0	37.0	40.0	37.0	40.0
27	38.60227890802782	40.0	37.0	40.0	37.0	40.0
28	38.61057298144719	40.0	37.0	40.0	37.0	40.0
29	38.60052121035182	40.0	37.0	40.0	37.0	40.0
30	38.58817033470243	40.0	37.0	40.0	37.0	40.0
31	38.57519506644857	40.0	37.0	40.0	37.0	40.0
32	38.557159168622995	40.0	37.0	40.0	37.0	40.0
33	38.52928196350228	40.0	37.0	40.0	37.0	40.0
34	38.528192150950034	40.0	37.0	40.0	37.0	40.0
35	38.51472296764956	40.0	37.0	40.0	37.0	40.0
36	38.50384633842979	40.0	37.0	40.0	37.0	40.0
37	38.482143571305734	40.0	37.0	40.0	37.0	40.0
38	38.4699771639278	40.0	37.0	40.0	37.0	40.0
39	38.45147234675636	40.0	37.0	40.0	37.0	40.0
40	38.453860935919025	40.0	37.0	40.0	37.0	40.0
41	38.43461624600569	40.0	37.0	40.0	37.0	40.0
42	38.41111278860036	40.0	37.0	40.0	37.0	40.0
43	38.414637182404626	40.0	37.0	40.0	37.0	40.0
44	38.39482758965458	40.0	37.0	40.0	37.0	40.0
45	38.36691739020888	40.0	37.0	40.0	37.0	40.0
46	38.367359314197955	40.0	37.0	40.0	37.0	40.0
47	38.34043044596329	40.0	37.0	40.0	37.0	40.0
48	38.316789512203904	40.0	37.0	40.0	37.0	40.0
49	38.3038332406826	40.0	37.0	40.0	37.0	40.0
50	38.27830863091548	40.0	37.0	40.0	37.0	40.0
51	38.229856464688076	40.0	37.0	40.0	37.0	40.0
52	38.200736473326586	40.0	37.0	40.0	37.0	40.0
53	38.17471044980263	40.0	37.0	40.0	37.0	40.0
54	38.12716562751207	40.0	37.0	40.0	37.0	40.0
55	38.06906312114317	40.0	37.0	40.0	33.0	40.0
56	38.02531514579492	40.0	37.0	40.0	33.0	40.0
57	37.982188063653055	40.0	37.0	40.0	33.0	40.0
58	37.93147378650872	40.0	37.0	40.0	33.0	40.0
59	37.87056026363466	40.0	37.0	40.0	33.0	40.0
60	37.821379722687695	40.0	37.0	40.0	33.0	40.0
61	37.72204630803502	40.0	37.0	40.0	33.0	40.0
62	37.649083357662484	40.0	37.0	40.0	33.0	40.0
63	37.57166267402007	40.0	37.0	40.0	33.0	40.0
64	37.488647952552164	40.0	37.0	40.0	33.0	40.0
65	37.38017660962314	37.0	37.0	40.0	33.0	40.0
66	37.33284275104682	37.0	37.0	40.0	33.0	40.0
67	37.24694252588555	37.0	37.0	40.0	33.0	40.0
68	37.15892516487164	37.0	37.0	40.0	33.0	40.0
69	37.04492427302504	37.0	37.0	40.0	33.0	40.0
70	36.921511500022	37.0	37.0	40.0	33.0	40.0
71	36.787876985158555	37.0	37.0	40.0	33.0	40.0
72	36.65569672016413	37.0	37.0	40.0	33.0	40.0
73	36.54428638274217	37.0	37.0	40.0	33.0	40.0
74	36.51093311950345	37.0	37.0	37.0	33.0	40.0
75	36.43294603328228	37.0	37.0	37.0	33.0	40.0
76	36.28857636486524	37.0	37.0	37.0	33.0	40.0
77	36.178412812996164	37.0	37.0	37.0	33.0	40.0
78	36.06558821882636	37.0	37.0	37.0	33.0	40.0
79	35.977551861079895	37.0	37.0	37.0	33.0	40.0
80	35.87784701031423	37.0	37.0	37.0	33.0	37.0
81	35.78337475954136	37.0	37.0	37.0	33.0	37.0
82	35.68099336914051	37.0	37.0	37.0	33.0	37.0
83	35.60739402822715	37.0	37.0	37.0	33.0	37.0
84	35.523974876321276	37.0	37.0	37.0	33.0	37.0
85	35.45364697272069	37.0	37.0	37.0	33.0	37.0
86	35.388161236267365	37.0	37.0	37.0	33.0	37.0
87	35.32581296017085	37.0	33.0	37.0	33.0	37.0
88	35.28333376659214	37.0	33.0	37.0	33.0	37.0
89	35.23267048067732	37.0	33.0	37.0	33.0	37.0
90	35.18998632235255	37.0	33.0	37.0	33.0	37.0
91	35.149250328943424	37.0	33.0	37.0	33.0	37.0
92	35.10485496494603	37.0	33.0	37.0	33.0	37.0
93	35.04722037809497	37.0	33.0	37.0	33.0	37.0
94	35.02058495938699	37.0	33.0	37.0	33.0	37.0
95	34.98623336786073	37.0	33.0	37.0	33.0	37.0
96	34.96336730082426	37.0	33.0	37.0	33.0	37.0
97	34.93855256895814	37.0	33.0	37.0	33.0	37.0
98	34.89710819739005	37.0	33.0	37.0	33.0	37.0
99	34.85725205264694	37.0	33.0	37.0	33.0	37.0
100	34.80996618581604	37.0	33.0	37.0	33.0	37.0
101	34.394386665493535	37.0	33.0	37.0	33.0	37.0
>>END_MODULE
>>Per sequence quality scores	pass
#Quality	Count
5	1.0
6	4.0
7	17.0
8	36.0
9	61.0
10	152.0
11	185.0
12	267.0
13	337.0
14	325.0
15	431.0
16	434.0
17	561.0
18	596.0
19	751.0
20	934.0
21	1167.0
22	1482.0
23	1887.0
24	2663.0
25	3636.0
26	5264.0
27	7216.0
28	10044.0
29	13798.0
30	18726.0
31	25304.0
32	35347.0
33	49343.0
34	71247.0
35	102859.0
36	169272.0
37	465122.0
38	999478.0
39	11397.0
>>END_MODULE
>>Per base sequence content	fail
#Base	G	A	T	C
1	657670	577443	317182	447548
2	229989	472779	912402	385174
3	244647	674888	673023	407786
4	191808	424392	935572	448572
5	186489	817145	809079	187413
6	434587	939256	426548	199953
7	398689	699184	632332	270139
8	362761	845411	494564	297608
9	417602	374248	564439	644055
10	250748	615501	749152	384943
11	536608	588621	583016	292099
12	338146	584824	727719	349655
13	440961	527928	635583	395872
14	341969	495725	650408	512242
15	383297	694072	535870	387105
16	361904	691131	591257	356052
17	343569	659731	646685	350352
18	350118	664015	639328	346696
19	364408	648431	639177	348328
20	362946	643532	633679	360187
21	359378	637351	640517	363098
22	364661	632985	636326	366372
23	361206	634672	636167	368299
24	361780	641095	635106	362363
25	365770	635227	636384	362963
26	361484	636945	635310	366601
27	363730	642726	629662	364217
28	367201	635962	632610	364555
29	363367	637415	630738	368797
30	365361	639871	632371	362716
31	368590	633147	633114	365443
32	365209	635054	630826	369175
33	364488	638258	630864	366653
34	367449	633626	632374	366792
35	363774	632944	635860	367608
36	363652	637288	633104	366105
37	367754	633436	634441	364479
38	366113	633848	633701	366441
39	367551	638804	629322	364445
40	369054	630729	635325	365010
41	365412	632110	633326	369236
42	367438	635734	632262	364664
43	368631	630680	632860	367897
44	365176	632554	631814	370522
45	365212	636671	631463	366722
46	369347	628796	634939	366968
47	365267	633037	633272	368522
48	368118	634496	629970	367513
49	369472	631692	633808	365118
50	364366	632675	630802	372256
51	364238	636783	631855	367273
52	369514	628984	634321	367315
53	365318	631427	630982	372393
54	364595	635976	632030	367554
55	369948	631528	630992	367668
56	367038	632628	630757	369757
57	366333	635015	629483	369326
58	370954	628078	632657	368508
59	364420	631288	632182	372301
60	365777	635869	628966	369560
61	367254	630802	634079	367992
62	366304	631492	630623	371763
63	365134	634273	630349	370437
64	368737	629936	631449	370117
65	366622	633117	627872	372625
66	365918	634535	628459	371366
67	369229	628808	632626	369568
68	366593	629796	630157	373683
69	368117	633730	630314	368099
70	368897	630612	630636	370119
71	364093	630874	633688	371573
72	365453	635717	628970	370057
73	371591	628545	632024	368077
74	365328	630072	631390	373446
75	368333	633660	627888	370329
76	372244	628892	629138	369963
77	366318	629412	630172	374321
78	365197	635611	628464	370962
79	367705	630041	631778	370695
80	366531	632093	626978	374624
81	365995	633738	628900	371594
82	367897	630207	631303	370822
83	366724	628730	630552	374201
84	364401	634227	630460	371130
85	370442	627912	631581	370253
86	366320	631574	627990	374365
87	367968	633659	627729	370852
88	371180	629080	629182	370740
89	365084	630922	630155	374030
90	365515	633188	629232	372255
91	369628	628205	629736	372635
92	366267	629138	629816	374988
93	368105	634985	626581	370570
94	368321	628170	632965	370790
95	364228	630552	630671	374823
96	366920	634965	628511	369874
97	369461	630589	628490	371737
98	368097	629313	627400	375486
99	366928	632690	628207	372459
100	368008	628748	631201	372314
101	368012	627844	628917	375561
>>END_MODULE
>>Per base GC content	fail
#Base	%GC
1	55.26523832120821
2	30.752860507992626
3	32.616040041112925
4	32.0134936790872
5	18.693922282896178
6	31.721543894450154
7	33.43564906836024
8	33.01277180324984
9	53.07372131993298
10	31.77908399755242
11	41.42822434541259
12	34.38413592862028
13	41.834454473830505
14	42.70320504873162
15	38.513475682182666
16	35.891626640217886
17	34.69020470050796
18	34.83796521973025
19	35.630671524497785
20	36.150432125674385
21	36.11758777490272
22	36.545364197358055
23	36.468977335898224
24	36.20092344116812
25	36.43038397395648
26	36.398062329404
27	36.39125446487713
28	36.58180058470411
29	36.60239851983461
30	36.39804451190035
31	36.69625565041939
32	36.7143537053109
33	36.55224337999553
34	36.707626730978916
35	36.565699389956734
36	36.4851318576766
37	36.60963646999415
38	36.62581377059082
39	36.59756754837955
40	36.7010346389563
41	36.73085730399323
42	36.60330643798454
43	36.82514794496987
44	36.78368613835744
45	36.59545575450435
46	36.814829629259265
47	36.687652305037055
48	36.77976618134021
49	36.72784724687389
50	36.829276950790934
51	36.572825324513325
52	36.83898178822019
53	36.88333699978001
54	36.604613142481455
55	36.87829227612522
56	36.83643472087512
57	36.78006276507294
58	36.96945850833693
59	36.8325324931469
60	36.76368832280424
61	36.75996574217537
62	36.89999210071883
63	36.77500121238301
64	36.93828587483796
65	36.95798895730304
66	36.85907658835422
67	36.935583940054926
68	37.00956240510462
69	36.806015218021656
70	36.945923138145766
71	36.77910718178128
72	36.77187797001995
73	36.97901798636862
74	36.93434174767378
75	36.929222431644675
76	37.10595294457607
77	37.02782139791413
78	36.803643973655085
79	36.915957702631566
80	37.05356294738695
81	36.87526465746138
82	36.9317213179091
83	37.042416109932624
84	36.772541792944565
85	37.0312690607083
86	37.02963980984367
87	36.9371585355123
88	37.09262457116402
89	36.95217106766304
90	36.88499592538709
91	37.10936484478583
92	37.05887734731721
93	36.929300019347664
94	36.95100502638176
95	36.947488194117405
96	36.834727311812905
97	37.05476791464382
98	37.173648300051596
99	36.96410109764414
100	37.01108499798277
101	37.17244220215224
>>END_MODULE
>>Per sequence GC content	pass
#GC Content	Count
0	0.0
1	0.0
2	0.0
3	0.0
4	1.0
5	5.0
6	15.5
7	19.5
8	26.5
9	53.5
10	90.5
11	138.5
12	207.0
13	441.5
14	735.5
15	964.0
16	1269.0
17	1579.0
18	2039.0
19	2988.5
20	4176.5
21	6111.0
22	8757.0
23	11775.0
24	16427.0
25	22531.0
26	30546.0
27	40027.0
28	51425.5
29	64167.0
30	77017.0
31	89997.0
32	101986.5
33	112220.5
34	119322.5
35	124030.5
36	126050.0
37	124627.0
38	119918.5
39	112048.0
40	101768.0
41	90733.0
42	79790.0
43	68650.0
44	57815.0
45	47547.5
46	38793.0
47	31620.5
48	25390.0
49	20300.5
50	16026.0
51	12227.0
52	9249.0
53	6788.5
54	4850.0
55	3660.0
56	2772.0
57	2140.0
58	1657.5
59	1180.0
60	842.5
61	704.5
62	551.5
63	441.5
64	327.5
65	210.5
66	151.5
67	94.5
68	56.5
69	43.5
70	30.0
71	29.0
72	29.0
73	26.5
74	16.0
75	14.5
76	16.5
77	14.0
78	13.0
79	11.0
80	8.0
81	7.0
82	5.0
83	2.0
84	2.5
85	2.5
86	1.5
87	0.5
88	0.0
89	0.0
90	0.0
91	0.0
92	0.0
93	0.0
94	0.0
95	0.0
96	0.0
97	0.0
98	0.0
99	0.0
100	0.0
>>END_MODULE
>>Per base N content	pass
#Base	N-Count
1	0.025045692140951755
2	0.0
3	0.0
4	0.0
5	0.010898125522410144
6	0.0
7	0.0
8	0.0
9	0.0
10	0.0
11	0.0
12	0.0
13	0.0
14	0.0
15	0.0
16	0.0
17	3.4993981035261933E-4
18	0.009348392076562831
19	0.0
20	0.0
21	0.0
22	0.0
23	0.0
24	0.0
25	0.0
26	1.9996560591578247E-4
27	4.4992261331051057E-4
28	7.998624236631299E-4
29	0.0013497678399315316
30	0.0012497850369736405
31	0.002499570073947281
32	0.0039993121183156495
33	0.004049303519794595
34	0.005149114352331399
35	0.007898641433673408
36	0.009748323288394395
37	0.011697987946073275
38	0.012047927756425896
39	0.011098091128325927
40	0.01129805673424171
41	0.012997764384525861
42	0.012297884763820622
43	0.01379762680818899
44	0.013897609611146881
45	0.01379762680818899
46	0.014697472034810012
47	0.012297884763820622
48	0.01234787616529957
49	0.012697815975652187
50	0.012247893362341679
51	0.009748323288394395
52	0.010498194310578579
53	0.011198073931283819
54	0.009448374879520723
55	0.01039821150762069
56	0.008198589842547082
57	0.009348392076562831
58	0.007348736017405006
59	0.007648684426278679
60	0.008598521054378647
61	0.0108481341209312
62	0.00809860703958919
63	0.007548701623320789
64	0.0052490971552892896
65	0.005399071359726127
66	0.003299432497610411
67	0.005649028367120855
68	0.005749011170078747
69	0.004199277724231432
70	0.0039993121183156495
71	0.005799002571557693
72	0.007348736017405006
73	0.005349079958247181
74	0.005399071359726127
75	0.006698847798178713
76	0.005349079958247181
77	0.00604895957895242
78	0.005499054162684018
79	0.006248925184868202
80	0.005898985374515583
81	0.005848993973036638
82	0.005749011170078747
83	0.006848822002615549
84	0.006298916586347148
85	0.007798658630715516
86	0.004749183140499834
87	0.0067988306011366045
88	0.00809860703958919
89	0.007648684426278679
90	0.007698675827757625
91	0.006998796207052386
92	0.006748839199657659
93	0.005149114352331399
94	0.004899157344936671
95	0.003499398103526193
96	0.003699363709441976
97	0.0033494238990893566
98	0.0023995872709893897
99	0.0029994840887367373
100	0.00364937230796303
101	4.999140147894562E-4
>>END_MODULE
>>Sequence Length Distribution	pass
#Length	Count
101	2000344.0
>>END_MODULE
>>Sequence Duplication Levels	warn
#Total Duplicate Percentage	35.87415570231974
#Duplication Level	Relative count
1	100.0
2	26.536459856148763
3	8.905911934974563
4	3.523185778609438
5	1.7104262908601837
6	0.946582071223905
7	0.6724752938424654
8	0.49339219928659145
9	0.3632828489562014
10++	3.0385649961990526
>>END_MODULE
>>Overrepresented sequences	pass
>>END_MODULE
>>Kmer Content	warn
#Sequence	Count	Obs/Exp Overall	Obs/Exp Max	Max Obs/Exp Position
ACCAT	273175	1.320034	5.2442913	8
ACACC	148290	1.2292594	5.8650436	6
ATACC	246470	1.1909903	6.441131	6
ATATA	718960	1.1821667	6.3179684	1
TATAT	696500	1.1436423	5.2026057	5
GTATT	367485	1.0441275	6.553139	1
AATAC	363655	1.0257726	5.893758	5
TAATA	614145	1.0098222	5.373233	4
TATTA	595325	0.9775146	5.971845	2
ATACA	342575	0.9663116	5.2167816	6
TACTG	188675	0.91963565	5.1892557	7
ATACT	321440	0.9054335	6.247909	6
TATAC	317490	0.89430714	7.5364304	5
GTATA	308240	0.8770164	8.12875	1
TATAA	515580	0.8477544	5.3574476	2
>>END_MODULE
