##FastQC	0.8.0
>>Basic Statistics	pass
#Measure	Value	
Filename	1_140716_AH9BY4ADXX_P1260_1013_1.fastq.gz	
File type	Conventional base calls	
Total Sequences	1828482	
Sequence length	101	
%GC	37	
>>END_MODULE
>>Per base sequence quality	pass
#Base	Mean	Median	Lower Quartile	Upper Quartile	10th Percentile	90th Percentile
1	32.73466678917266	33.0	33.0	33.0	33.0	33.0
2	32.75230491741237	33.0	33.0	33.0	33.0	33.0
3	32.76493233184686	33.0	33.0	33.0	33.0	33.0
4	36.70762359159128	37.0	37.0	37.0	37.0	37.0
5	36.644100953687264	37.0	37.0	37.0	37.0	37.0
6	36.62574474345386	37.0	37.0	37.0	37.0	37.0
7	36.57353586198825	37.0	37.0	37.0	37.0	37.0
8	36.56228117093852	37.0	37.0	37.0	37.0	37.0
9	36.53877259934744	37.0	37.0	37.0	37.0	37.0
10	36.535814407798384	37.0	37.0	37.0	37.0	37.0
11	36.55565162796243	37.0	37.0	37.0	37.0	37.0
12	36.53534954131351	37.0	37.0	37.0	37.0	37.0
13	36.532280328709824	37.0	37.0	37.0	37.0	37.0
14	38.64489013290806	40.0	37.0	40.0	37.0	40.0
15	38.66656002082602	40.0	37.0	40.0	37.0	40.0
16	38.67576711173531	40.0	37.0	40.0	37.0	40.0
17	38.66294773478766	40.0	37.0	40.0	37.0	40.0
18	38.67539904685964	40.0	37.0	40.0	37.0	40.0
19	38.71296627475687	40.0	37.0	40.0	37.0	40.0
20	38.70729490364138	40.0	37.0	40.0	37.0	40.0
21	38.6909452759174	40.0	37.0	40.0	37.0	40.0
22	38.697491689827956	40.0	37.0	40.0	37.0	40.0
23	38.693550168937946	40.0	37.0	40.0	37.0	40.0
24	38.689348322816414	40.0	37.0	40.0	37.0	40.0
25	38.66665736933697	40.0	37.0	40.0	37.0	40.0
26	38.620544254742455	40.0	37.0	40.0	37.0	40.0
27	38.610040459791236	40.0	37.0	40.0	37.0	40.0
28	38.618420088357446	40.0	37.0	40.0	37.0	40.0
29	38.60927862565779	40.0	37.0	40.0	37.0	40.0
30	38.58903013538006	40.0	37.0	40.0	37.0	40.0
31	38.58100653985109	40.0	37.0	40.0	37.0	40.0
32	38.56052725703616	40.0	37.0	40.0	37.0	40.0
33	38.534688337101485	40.0	37.0	40.0	37.0	40.0
34	38.53156115291264	40.0	37.0	40.0	37.0	40.0
35	38.52545061969437	40.0	37.0	40.0	37.0	40.0
36	38.51512566161439	40.0	37.0	40.0	37.0	40.0
37	38.49513913727343	40.0	37.0	40.0	37.0	40.0
38	38.47936375638371	40.0	37.0	40.0	37.0	40.0
39	38.46050439654314	40.0	37.0	40.0	37.0	40.0
40	38.45761292700721	40.0	37.0	40.0	37.0	40.0
41	38.443958977993766	40.0	37.0	40.0	37.0	40.0
42	38.408111209188824	40.0	37.0	40.0	37.0	40.0
43	38.41651271382491	40.0	37.0	40.0	37.0	40.0
44	38.39162157461763	40.0	37.0	40.0	37.0	40.0
45	38.36131392050893	40.0	37.0	40.0	37.0	40.0
46	38.365129653997144	40.0	37.0	40.0	37.0	40.0
47	38.334869033438665	40.0	37.0	40.0	37.0	40.0
48	38.316243747545776	40.0	37.0	40.0	37.0	40.0
49	38.30334233533609	40.0	37.0	40.0	37.0	40.0
50	38.268637044280446	40.0	37.0	40.0	37.0	40.0
51	38.21913040434634	40.0	37.0	40.0	37.0	40.0
52	38.190409312205425	40.0	37.0	40.0	37.0	40.0
53	38.163429555226685	40.0	37.0	40.0	37.0	40.0
54	38.11487069601998	40.0	37.0	40.0	37.0	40.0
55	38.0489411435278	40.0	37.0	40.0	33.0	40.0
56	38.00536619994072	40.0	37.0	40.0	33.0	40.0
57	37.960832537591294	40.0	37.0	40.0	33.0	40.0
58	37.904367666731204	40.0	37.0	40.0	33.0	40.0
59	37.842878409522214	40.0	37.0	40.0	33.0	40.0
60	37.78851801658425	40.0	37.0	40.0	33.0	40.0
61	37.68634091011013	40.0	37.0	40.0	33.0	40.0
62	37.61139896373057	40.0	37.0	40.0	33.0	40.0
63	37.53084853993641	40.0	37.0	40.0	33.0	40.0
64	37.4434301240045	37.0	37.0	40.0	33.0	40.0
65	37.332021316042486	37.0	37.0	40.0	33.0	40.0
66	37.28301180979632	37.0	37.0	40.0	33.0	40.0
67	37.19638694829919	37.0	37.0	40.0	33.0	40.0
68	37.10621269446459	37.0	37.0	40.0	33.0	40.0
69	36.99342405339511	37.0	37.0	40.0	33.0	40.0
70	36.86678348487981	37.0	37.0	40.0	33.0	40.0
71	36.73149421213881	37.0	37.0	40.0	33.0	40.0
72	36.596408933749416	37.0	37.0	40.0	33.0	40.0
73	36.48696623756756	37.0	37.0	37.0	33.0	40.0
74	36.45307364250783	37.0	37.0	37.0	33.0	40.0
75	36.37116362097084	37.0	37.0	37.0	33.0	40.0
76	36.22764621144753	37.0	37.0	37.0	33.0	40.0
77	36.1182155471041	37.0	37.0	37.0	33.0	40.0
78	36.00495055461306	37.0	37.0	37.0	33.0	40.0
79	35.918438354875796	37.0	37.0	37.0	33.0	37.0
80	35.82336604899584	37.0	37.0	37.0	33.0	37.0
81	35.731382097280694	37.0	37.0	37.0	33.0	37.0
82	35.63148064897549	37.0	37.0	37.0	33.0	37.0
83	35.56446549651569	37.0	37.0	37.0	33.0	37.0
84	35.48543436577445	37.0	37.0	37.0	33.0	37.0
85	35.41720181002602	37.0	33.0	37.0	33.0	37.0
86	35.358894974082325	37.0	33.0	37.0	33.0	37.0
87	35.3033401477291	37.0	33.0	37.0	33.0	37.0
88	35.26347155728085	37.0	33.0	37.0	33.0	37.0
89	35.21543608304594	37.0	33.0	37.0	33.0	37.0
90	35.175627651789846	37.0	33.0	37.0	33.0	37.0
91	35.133649114402004	37.0	33.0	37.0	33.0	37.0
92	35.09639526120574	37.0	33.0	37.0	33.0	37.0
93	35.04224980065431	37.0	33.0	37.0	33.0	37.0
94	35.016664643130206	37.0	33.0	37.0	33.0	37.0
95	34.982532505105326	37.0	33.0	37.0	33.0	37.0
96	34.95788637788067	37.0	33.0	37.0	33.0	37.0
97	34.941497920132655	37.0	33.0	37.0	33.0	37.0
98	34.89486470197683	37.0	33.0	37.0	33.0	37.0
99	34.8532651674996	37.0	33.0	37.0	33.0	37.0
100	34.80792537197522	37.0	33.0	37.0	33.0	37.0
101	34.38565979867453	37.0	33.0	37.0	33.0	37.0
>>END_MODULE
>>Per sequence quality scores	pass
#Quality	Count
3	1.0
4	2.0
5	0.0
6	4.0
7	12.0
8	34.0
9	69.0
10	116.0
11	186.0
12	253.0
13	283.0
14	308.0
15	353.0
16	448.0
17	510.0
18	589.0
19	617.0
20	809.0
21	966.0
22	1231.0
23	1616.0
24	2236.0
25	3091.0
26	4351.0
27	6223.0
28	8376.0
29	11686.0
30	16244.0
31	22553.0
32	31613.0
33	45856.0
34	66262.0
35	98503.0
36	164208.0
37	455086.0
38	877339.0
39	6448.0
>>END_MODULE
>>Per base sequence content	fail
#Base	G	A	T	C
1	611705	516833	285905	413506
2	214681	431984	824296	357521
3	227503	611634	611821	377524
4	178728	386537	847703	415514
5	176098	741736	735018	175363
6	405574	849699	387355	185854
7	372063	637210	570478	248731
8	340344	761244	450821	276073
9	389686	338343	506220	594233
10	233698	555094	682509	357181
11	495651	532066	530336	270429
12	317263	528850	659079	323290
13	408109	476481	577495	366397
14	319650	447851	586993	473988
15	357049	625630	487111	358692
16	338956	625660	534059	329807
17	321475	596783	583607	326615
18	326796	600287	578664	322560
19	338660	586610	579227	323985
20	338789	581317	573681	334695
21	334774	577856	578086	337766
22	341017	570875	576924	339666
23	337242	574835	574560	341845
24	337312	580544	573347	337279
25	341394	573617	574508	338963
26	338750	574812	572109	342810
27	340503	580748	568886	338338
28	342568	574811	570757	340329
29	339162	575289	570166	343836
30	341613	579427	570764	336650
31	343363	573806	570648	340613
32	339290	574097	571029	343988
33	340818	575176	570651	341750
34	342477	572557	571849	341494
35	340236	573316	572824	341959
36	340779	575957	569963	341607
37	343848	572477	573357	338597
38	341528	571823	572733	342184
39	343412	576229	566980	341673
40	344237	570778	573976	339284
41	342522	570639	571167	343919
42	341581	573904	572154	340612
43	345183	569776	571169	342107
44	342249	569942	570030	346010
45	341444	577809	568041	340928
46	344047	568751	574089	341334
47	341221	571136	571876	344022
48	343870	574349	567874	342162
49	345306	569958	572068	340920
50	341461	571715	569974	345117
51	339704	573479	571849	343260
52	345273	566629	574501	341886
53	341833	570208	568997	347236
54	342114	574515	570869	340813
55	345742	569725	570064	342768
56	343781	570141	569052	345365
57	342599	573871	568373	343467
58	346878	567183	570185	344101
59	338919	568876	572047	348500
60	341999	574544	568639	343141
61	343067	568238	573911	343076
62	342023	570910	568942	346462
63	339619	574340	568533	345854
64	344547	569229	571731	342872
65	342726	570796	568232	346627
66	342206	572887	568315	344994
67	344521	569155	571060	343645
68	344000	568982	565897	349499
69	344595	573693	565836	344268
70	345733	570285	568523	343857
71	339821	570770	569441	348345
72	340611	573163	568621	345957
73	347267	567044	571007	343061
74	341154	568950	569820	348463
75	343010	571926	568936	344484
76	345538	569578	567800	345469
77	342408	569021	567781	349160
78	341195	573054	566928	347190
79	345441	567954	570275	344696
80	343466	569066	565679	350164
81	341594	572021	567446	347311
82	344707	569695	567805	346168
83	342424	567143	568626	350176
84	340124	575102	567394	345752
85	344884	567164	570475	345824
86	341344	569435	568571	349048
87	344544	572279	565610	345930
88	346564	565382	569461	346936
89	341666	568979	568411	349288
90	342055	571362	566596	348335
91	344979	566144	569748	347483
92	343678	567863	566847	349974
93	342833	570649	568009	346896
94	342993	567689	570481	347224
95	339705	569046	568101	351552
96	342630	572306	568973	344498
97	346100	567465	567191	347661
98	344591	566584	566942	350309
99	342908	572530	565631	347362
100	346981	565328	568210	347881
101	344563	566160	566975	350772
>>END_MODULE
>>Per base GC content	fail
#Base	%GC
1	56.08531747876992
2	31.293827338743284
3	33.089032322987045
4	32.49919878894077
5	19.22427066838419
6	32.3453006373593
7	33.95133230734565
8	33.71195341272159
9	53.8107019921443
10	32.31527573145374
11	41.897049027554004
12	35.03195546907216
13	42.35786843950337
14	43.40420086169839
15	39.14400032376583
16	36.57476529711531
17	35.444194084704236
18	35.51679231113812
19	36.2401708083536
20	36.83295761183321
21	36.78133008692456
22	37.22667217943628
23	37.13938666062887
24	36.893499635216536
25	37.208843182486895
26	37.27465584821499
27	37.12607500786174
28	37.34810346383442
29	37.35387237189033
30	37.09488999996719
31	37.407830761910496
32	37.37018733277766
33	37.331539410247785
34	37.408641653225786
35	37.31236343449094
36	37.32340210008609
37	37.32718037017327
38	37.39670551582153
39	37.47127103190187
40	37.38611532728939
41	37.54640374085121
42	37.313968377427386
43	37.593088415876515
44	37.64617272106206
45	37.324351200237174
46	37.48895784481198
47	37.4807124826679
48	37.523868388162484
49	37.534541190164155
50	37.55348644371965
51	37.35530210710324
52	37.58481290430561
53	37.68959138509873
54	37.35289018115627
55	37.65850115325776
56	37.69246294040657
57	37.52459922004474
58	37.7925525078117
59	37.5979439295274
60	37.473684901409655
61	37.52918024035548
62	37.65635109938704
63	37.49142667744508
64	37.597183078563035
65	37.7029185930066
66	37.58473246036703
67	37.637997769611474
68	37.92973881768431
69	37.675892259427954
70	37.715530207318096
71	37.63808011148686
72	37.55119364323719
73	37.75628575913419
74	37.71723382413023
75	37.60175808212405
76	37.79329845738179
77	37.82429158211959
78	37.65026386934352
79	37.74610772678993
80	37.936965885007176
81	37.678601509977184
82	37.78628563615232
83	37.88075601806856
84	37.512935004473924
85	37.777730376126634
86	37.759393742500265
87	37.76460144949335
88	37.93051960162836
89	37.791247161365696
90	37.760316963729004
91	37.87351902312135
92	37.938438886828756
93	37.72335944195622
94	37.7500496339123
95	37.80657885237617
96	37.58069182627282
97	37.94325911430489
98	38.00536636429366
99	37.752039863686406
100	38.003828483920365
101	38.028242191559066
>>END_MODULE
>>Per sequence GC content	pass
#GC Content	Count
0	0.0
1	0.0
2	0.0
3	0.0
4	0.5
5	3.0
6	6.0
7	10.0
8	12.0
9	20.5
10	41.0
11	66.0
12	106.5
13	207.0
14	335.0
15	459.5
16	585.0
17	751.0
18	1065.0
19	1558.0
20	2278.5
21	3483.0
22	5183.0
23	7359.5
24	10789.5
25	15433.0
26	21806.0
27	29940.0
28	40054.0
29	51596.0
30	64051.0
31	76594.5
32	88089.5
33	98316.5
34	106906.5
35	113354.5
36	115993.5
37	115423.5
38	111769.0
39	105771.0
40	97428.5
41	87793.0
42	78650.0
43	68429.0
44	58104.0
45	48504.5
46	40360.0
47	33886.0
48	27850.5
49	22603.5
50	18411.0
51	14312.0
52	10786.0
53	8063.5
54	5882.0
55	4593.5
56	3537.0
57	2699.5
58	2003.0
59	1345.0
60	843.0
61	723.0
62	672.0
63	502.5
64	345.5
65	241.0
66	158.0
67	88.5
68	54.5
69	39.0
70	26.5
71	22.5
72	18.5
73	20.0
74	17.5
75	13.0
76	8.5
77	3.0
78	3.5
79	4.0
80	3.5
81	5.0
82	4.0
83	2.5
84	1.5
85	0.0
86	0.5
87	1.0
88	0.5
89	0.0
90	0.0
91	0.0
92	0.0
93	0.0
94	0.0
95	0.0
96	0.0
97	0.0
98	0.0
99	0.0
100	0.0
>>END_MODULE
>>Per base N content	pass
#Base	N-Count
1	0.02914986311049275
2	0.0
3	0.0
4	0.0
5	0.014602276642592052
6	0.0
7	0.0
8	0.0
9	0.0
10	0.0
11	0.0
12	0.0
13	0.0
14	0.0
15	0.0
16	0.0
17	1.09380349382712E-4
18	0.0095707805709873
19	0.0
20	0.0
21	0.0
22	0.0
23	0.0
24	0.0
25	0.0
26	5.4690174691356E-5
27	3.82831222839492E-4
28	9.29732969753052E-4
29	0.001586015066049324
30	0.001531324891357968
31	0.002843889083950512
32	0.004265833625925768
33	0.004758045198147972
34	0.00574246834259238
35	0.008039455679629331
36	0.009625470745678655
37	0.011102105462345267
38	0.011703697383950183
39	0.010281752841974929
40	0.011320866161110691
41	0.01285219105246866
42	0.012633430353703236
43	0.013508473148764931
44	0.013727233847530355
45	0.01421944541975256
46	0.014274135594443915
47	0.012414669654937812
48	0.012414669654937812
49	0.01257874017901188
50	0.01175838755864154
51	0.01039113319135764
52	0.010555203715431708
53	0.011375556335802048
54	0.009352019872221876
55	0.010008301968518147
56	0.007820694980863907
57	0.00940671004691323
58	0.00738317358333306
59	0.00765662445678984
60	0.008695737775925604
61	0.01039113319135764
62	0.00793007533024662
63	0.007437863758024416
64	0.005633087993209668
65	0.005523707643826956
66	0.00437521397530848
67	0.005523707643826956
68	0.005687778167901024
69	0.00492211572222204
70	0.004593974674073903
71	0.00574246834259238
72	0.00710972270987628
73	0.005633087993209668
74	0.00519556659567882
75	0.006890962011110856
76	0.005304946945061532
77	0.006125299565431872
78	0.00628937008950594
79	0.006344060264197296
80	0.005851848691975092
81	0.00601591921604916
82	0.005851848691975092
83	0.006179989740123227
84	0.00601591921604916
85	0.00738317358333306
86	0.004593974674073903
87	0.006508130788271364
88	0.007601934282098484
89	0.007547244107407128
90	0.007328483408641704
91	0.007000342360493568
92	0.0065628209629627204
93	0.00519556659567882
94	0.00519556659567882
95	0.004265833625925768
96	0.004101763101851699
97	0.00355486135493814
98	0.003062649782715936
99	0.002789198909259156
100	0.004484594324691192
101	6.56282096296272E-4
>>END_MODULE
>>Sequence Length Distribution	pass
#Length	Count
101	1828482.0
>>END_MODULE
>>Sequence Duplication Levels	warn
#Total Duplicate Percentage	35.043670155313045
#Duplication Level	Relative count
1	100.0
2	25.367507400319663
3	8.08050401014901
4	3.202385304004415
5	1.5331025437030985
6	0.8794375040316511
7	0.6149611886382695
8	0.4787809720400513
9	0.35191834920907966
10++	2.8389991470818012
>>END_MODULE
>>Overrepresented sequences	pass
>>END_MODULE
>>Kmer Content	warn
#Sequence	Count	Obs/Exp Overall	Obs/Exp Max	Max Obs/Exp Position
ACCAT	250280	1.3188142	5.1420593	8
ACACC	142990	1.2535157	5.6217666	6
ATACC	219345	1.1558067	6.315653	6
ATATA	569715	1.0864925	5.8613114	1
GTATT	328340	1.0474068	6.847556	1
AATAC	320345	1.0163743	5.8754373	5
ATACA	302475	0.95967734	5.1048384	6
TAATA	493765	0.94164973	5.2745395	4
TATTA	488850	0.9306784	6.190296	2
TACTG	171430	0.90979815	5.0133214	7
ATACT	277715	0.87960994	6.2332835	6
TATAC	272690	0.8636941	7.341591	5
GTATA	262135	0.83764803	7.9590726	1
TATAA	421790	0.8043875	5.3770638	2
>>END_MODULE
