##FastQC	0.8.0
>>Basic Statistics	pass
#Measure	Value	
Filename	8_140619_BC47HDACXX_P1260_1005_1.fastq.gz	
File type	Conventional base calls	
Total Sequences	2922955	
Sequence length	101	
%GC	37	
>>END_MODULE
>>Per base sequence quality	pass
#Base	Mean	Median	Lower Quartile	Upper Quartile	10th Percentile	90th Percentile
1	32.70150207581027	33.0	33.0	33.0	33.0	33.0
2	32.76509012283802	33.0	33.0	33.0	33.0	33.0
3	32.760914553936	33.0	33.0	33.0	33.0	33.0
4	36.71111152925721	37.0	37.0	37.0	37.0	37.0
5	36.61941802046217	37.0	37.0	37.0	37.0	37.0
6	36.59847551536031	37.0	37.0	37.0	37.0	37.0
7	36.566061400192616	37.0	37.0	37.0	37.0	37.0
8	36.555362980271674	37.0	37.0	37.0	37.0	37.0
9	36.51762103761433	37.0	37.0	37.0	37.0	37.0
10	36.520886910677724	37.0	37.0	37.0	37.0	37.0
11	36.54581134502584	37.0	37.0	37.0	37.0	37.0
12	36.50945772343399	37.0	37.0	37.0	37.0	37.0
13	36.51837849026071	37.0	37.0	37.0	37.0	37.0
14	38.60939049694573	40.0	37.0	40.0	37.0	40.0
15	38.62820193947563	40.0	37.0	40.0	37.0	40.0
16	38.61008294688081	40.0	37.0	40.0	37.0	40.0
17	38.59917583404466	40.0	37.0	40.0	37.0	40.0
18	38.59726099101765	40.0	37.0	40.0	37.0	40.0
19	38.63686953784783	40.0	37.0	40.0	37.0	40.0
20	38.61449594673883	40.0	37.0	40.0	37.0	40.0
21	38.589460665661974	40.0	37.0	40.0	37.0	40.0
22	38.55363253967304	40.0	37.0	40.0	37.0	40.0
23	38.53291001743099	40.0	37.0	40.0	37.0	40.0
24	38.52283322870178	40.0	37.0	40.0	37.0	40.0
25	38.48744335783479	40.0	37.0	40.0	37.0	40.0
26	38.435110017088874	40.0	37.0	40.0	37.0	40.0
27	38.41001554933278	40.0	37.0	40.0	37.0	40.0
28	38.40148308817618	40.0	37.0	40.0	37.0	40.0
29	38.37703625269633	40.0	37.0	40.0	37.0	40.0
30	38.359095504378274	40.0	37.0	40.0	37.0	40.0
31	38.330747137742456	40.0	37.0	40.0	37.0	40.0
32	38.318262853858506	40.0	37.0	40.0	37.0	40.0
33	38.28502012518154	40.0	37.0	40.0	37.0	40.0
34	38.27393989986161	40.0	37.0	40.0	37.0	40.0
35	38.241371488784466	40.0	37.0	40.0	37.0	40.0
36	38.193903087799846	40.0	37.0	40.0	37.0	40.0
37	38.28940917667224	40.0	37.0	40.0	37.0	40.0
38	38.30510014694034	40.0	37.0	40.0	37.0	40.0
39	38.28948717992579	40.0	37.0	40.0	37.0	40.0
40	38.257136356871726	40.0	37.0	40.0	37.0	40.0
41	38.251861900029255	40.0	37.0	40.0	37.0	40.0
42	38.249174893215944	40.0	37.0	40.0	37.0	40.0
43	38.2054831497577	40.0	37.0	40.0	37.0	40.0
44	38.178175510741696	40.0	37.0	40.0	37.0	40.0
45	38.16387354577816	40.0	37.0	40.0	37.0	40.0
46	38.12025022622654	40.0	37.0	40.0	37.0	40.0
47	38.09484066638043	40.0	37.0	40.0	37.0	40.0
48	38.061784050729486	40.0	37.0	40.0	37.0	40.0
49	38.02665624342489	40.0	37.0	40.0	33.0	40.0
50	38.070295642594566	40.0	37.0	40.0	37.0	40.0
51	38.073033625218315	40.0	37.0	40.0	37.0	40.0
52	38.040091619610976	40.0	37.0	40.0	37.0	40.0
53	38.00756768407314	40.0	37.0	40.0	33.0	40.0
54	37.956413971477495	40.0	37.0	40.0	33.0	40.0
55	37.904012891064006	40.0	37.0	40.0	33.0	40.0
56	37.838435076831495	40.0	37.0	40.0	33.0	40.0
57	37.76732655822618	40.0	37.0	40.0	33.0	40.0
58	37.68974034838032	40.0	37.0	40.0	33.0	40.0
59	37.626867673296374	40.0	37.0	40.0	33.0	40.0
60	37.55326749813117	40.0	37.0	40.0	33.0	40.0
61	37.50263209662824	40.0	37.0	40.0	33.0	40.0
62	37.38445511477255	40.0	37.0	40.0	33.0	40.0
63	37.28440259942421	37.0	37.0	40.0	33.0	40.0
64	37.186160922764806	37.0	37.0	40.0	33.0	40.0
65	37.07483077912592	37.0	37.0	40.0	33.0	40.0
66	36.98017691001059	37.0	37.0	40.0	33.0	40.0
67	36.86557747211298	37.0	37.0	40.0	33.0	40.0
68	36.75586350114867	37.0	37.0	40.0	33.0	40.0
69	36.61114967558515	37.0	37.0	40.0	33.0	40.0
70	36.498885887740315	37.0	37.0	40.0	33.0	40.0
71	36.37886693431818	37.0	37.0	40.0	33.0	40.0
72	36.236423071857075	37.0	37.0	40.0	33.0	40.0
73	36.109726971506575	37.0	37.0	37.0	33.0	40.0
74	35.931203183080136	37.0	37.0	37.0	33.0	40.0
75	35.79760961082192	37.0	37.0	37.0	33.0	40.0
76	34.19463727631797	37.0	33.0	37.0	27.0	37.0
77	34.82706336566933	37.0	33.0	37.0	33.0	37.0
78	35.25245650377786	37.0	33.0	37.0	33.0	37.0
79	35.38520640926733	37.0	33.0	37.0	33.0	37.0
80	35.35940717527297	37.0	33.0	37.0	33.0	37.0
81	35.28402729429635	37.0	33.0	37.0	33.0	37.0
82	35.18380029798611	37.0	33.0	37.0	33.0	37.0
83	35.088328078947505	37.0	33.0	37.0	33.0	37.0
84	35.013096677848274	37.0	33.0	37.0	33.0	37.0
85	34.92269330181272	37.0	33.0	37.0	33.0	37.0
86	34.83471692174529	37.0	33.0	37.0	33.0	37.0
87	34.740181425988425	37.0	33.0	37.0	33.0	37.0
88	34.63687774871662	37.0	33.0	37.0	33.0	37.0
89	34.56896017899694	37.0	33.0	37.0	33.0	37.0
90	34.50302724468902	37.0	33.0	37.0	33.0	37.0
91	34.404760251184165	37.0	33.0	37.0	33.0	37.0
92	34.33522514031177	37.0	33.0	37.0	33.0	37.0
93	34.29427172159681	37.0	33.0	37.0	33.0	37.0
94	34.23118487968512	37.0	33.0	37.0	33.0	37.0
95	34.158939839990694	37.0	33.0	37.0	33.0	37.0
96	34.076410345010444	37.0	33.0	37.0	33.0	37.0
97	33.97137143746654	37.0	33.0	37.0	33.0	37.0
98	33.874487633234175	37.0	33.0	37.0	27.0	37.0
99	33.79069400657896	37.0	33.0	37.0	27.0	37.0
100	33.70010622811504	37.0	33.0	37.0	27.0	37.0
101	32.69185191013889	33.0	33.0	37.0	27.0	37.0
>>END_MODULE
>>Per sequence quality scores	pass
#Quality	Count
5	1.0
6	5.0
7	5.0
8	63.0
9	116.0
10	204.0
11	334.0
12	445.0
13	551.0
14	719.0
15	845.0
16	978.0
17	1213.0
18	1543.0
19	1651.0
20	2042.0
21	2478.0
22	3012.0
23	3944.0
24	5114.0
25	6904.0
26	9580.0
27	13058.0
28	17942.0
29	24486.0
30	33177.0
31	45145.0
32	60990.0
33	84627.0
34	121378.0
35	183573.0
36	329185.0
37	878795.0
38	1084121.0
39	4731.0
>>END_MODULE
>>Per base sequence content	fail
#Base	G	A	T	C
1	970877	844301	465898	640727
2	341396	691100	1337543	552916
3	365719	990520	979113	587346
4	285374	619329	1369283	648788
5	278217	1191616	1178370	274752
6	643325	1365989	622303	291336
7	590098	1018256	923364	391237
8	533350	1232995	723234	433374
9	616411	543823	817945	944776
10	367994	896302	1096542	562117
11	793726	852944	849058	427227
12	503430	851158	1057056	511311
13	651843	766529	925630	578953
14	505860	719917	945631	751547
15	568854	1006692	780686	566723
16	535644	1001337	863684	522290
17	509089	957712	941469	514685
18	516585	965694	930629	510047
19	537763	943243	931846	510103
20	536995	935864	922634	527462
21	531097	927597	930150	534111
22	539890	918769	926930	537366
23	537712	923139	923613	538486
24	535205	933391	921177	533174
25	541704	920494	924814	535932
26	535701	924195	921259	541799
27	538130	933854	914737	536213
28	542646	926855	918516	534911
29	538191	924066	917670	543001
30	538632	930116	921515	532670
31	542048	926152	916459	538264
32	539182	923791	917738	542205
33	539040	930171	914161	539474
34	544646	918137	918959	541144
35	537983	922483	920290	542188
36	542026	925409	912575	542945
37	542912	921466	921309	537268
38	542914	919951	919574	540515
39	546590	926490	911369	538491
40	546504	917871	923468	535112
41	542510	918810	915078	546557
42	542379	925436	917778	537362
43	547081	916411	919044	540418
44	544090	919055	915516	544294
45	542227	922842	916105	541781
46	545725	909900	923484	543846
47	538534	920383	917924	546113
48	548284	920516	912046	542109
49	546728	917079	918587	540561
50	541146	917782	914595	549431
51	541389	921831	919888	539847
52	547724	913528	919925	541778
53	540178	917979	915527	549271
54	540697	923312	917523	541423
55	545562	915999	919073	542321
56	546737	911169	917797	547252
57	544511	920234	913580	544630
58	548197	909397	918811	546550
59	537357	913743	918923	552932
60	539722	922899	916361	543973
61	543565	911954	920661	546775
62	541969	917928	915172	547886
63	540625	922148	913904	546278
64	544578	916321	918409	543647
65	541326	919947	910814	550867
66	541911	920604	913437	546866
67	544707	914730	917746	545700
68	543221	913198	912491	553889
69	546209	920224	912662	543657
70	545952	915218	915015	546757
71	539124	913993	921341	548431
72	539896	923075	911044	548828
73	551000	908270	917630	546026
74	540899	917030	914665	550189
75	543836	919210	913526	546333
76	549196	914828	913682	545226
77	542767	912858	911339	555990
78	539123	920275	913925	549508
79	547345	911227	916027	548346
80	545177	918086	906757	552817
81	542259	917234	911948	551472
82	547478	914564	912834	547958
83	547088	909450	911790	554624
84	540189	925650	908823	548190
85	549516	906550	918036	548574
86	539825	915537	912027	555492
87	545789	915481	914483	546942
88	549742	908645	913721	550109
89	541895	915566	911771	552778
90	542579	917155	909786	552428
91	547858	907879	913295	552536
92	541997	911053	911423	557475
93	544807	916408	910820	550268
94	542703	908470	916368	554434
95	538378	913785	912841	556735
96	546549	918568	909500	547545
97	550409	908303	911738	551523
98	546774	910560	910457	554475
99	547502	917073	908393	549050
100	547364	908315	914036	552572
101	546616	907280	910035	558708
>>END_MODULE
>>Per base GC content	fail
#Base	%GC
1	55.157859718810606
2	30.596160392479526
3	32.609082430001315
4	31.961485903460208
5	18.91814961229304
6	31.976600376400167
7	33.573387205755814
8	33.073538986087016
9	53.41125675899902
10	31.82091410918061
11	41.77118703503817
12	34.71627171817561
13	42.1079352915115
14	43.01834958116016
15	38.85030730887065
16	36.19398861768313
17	35.0253082924643
18	35.123086055036765
19	35.84954267171407
20	36.41715318915276
21	36.44284636609185
22	36.85503197962336
23	36.81889871533895
24	36.55143250972392
25	36.868171268419786
26	36.86339230791864
27	36.75563663086474
28	36.86567031415075
29	36.99003191320484
30	36.651609872686095
31	36.95998834043866
32	36.996855195291275
33	36.899446635231556
34	37.14787371111976
35	36.95489889645508
36	37.11897719944371
37	36.955067731114575
38	37.06623504851599
39	37.12293102150574
40	37.004196096074004
41	37.25910936021937
42	36.94004868360957
43	37.20547774614311
44	37.23574259610565
45	37.086031088401974
46	37.27635218468981
47	37.10790522190907
48	37.30447441031422
49	37.19828050722642
50	37.31078217447144
51	36.99119555381455
52	37.27399155991112
53	37.27217832638546
54	37.02143892054445
55	37.218602407495155
56	37.427500594432686
57	37.26164104476463
58	37.453433255044985
59	37.30091636716952
60	37.075322747014575
61	37.30266117678856
62	37.28606837943109
63	37.185074693247074
64	37.230302895528666
65	37.36606870994206
66	37.25093385903604
67	37.305872318529346
68	37.53627943625272
69	37.2890344442498
70	37.383875560993005
71	37.20822104431608
72	37.24880193701817
73	37.53177466689201
74	37.33044841166792
75	37.29744894206278
76	37.442608996719734
77	37.59063604832645
78	37.245773019377445
79	37.48585758541471
80	37.56603601227164
81	37.419211587891944
82	37.47855677058636
83	37.691758195139705
84	37.23688370126165
85	37.57139005486753
86	37.47388278893325
87	37.387787641201015
88	37.63755395304319
89	37.463013473602075
90	37.47523912129853
91	37.66450070646995
92	37.6280481377492
93	37.47301357867408
94	37.547788738781136
95	37.48154780423577
96	37.44125069041347
97	37.71191588697089
98	37.68476244120145
99	37.527215780327154
100	37.63956106980594
101	37.81938173000497
>>END_MODULE
>>Per sequence GC content	pass
#GC Content	Count
0	0.0
1	0.0
2	0.0
3	0.0
4	0.0
5	3.0
6	13.0
7	16.5
8	13.5
9	40.5
10	90.5
11	150.5
12	236.5
13	467.5
14	805.5
15	1124.0
16	1491.5
17	1822.5
18	2460.5
19	3745.5
20	5273.5
21	7703.0
22	10975.5
23	15121.0
24	21768.5
25	30701.0
26	41727.5
27	54730.5
28	70985.5
29	88203.0
30	105722.0
31	124429.5
32	141076.0
33	155835.5
34	168603.5
35	176972.0
36	180344.0
37	179907.5
38	175310.0
39	166143.0
40	152871.5
41	138394.0
42	124172.5
43	108416.5
44	93155.0
45	77005.0
46	62604.0
47	51768.5
48	41358.5
49	32742.0
50	25482.0
51	19814.5
52	15639.0
53	11456.5
54	8329.0
55	6856.0
56	5759.5
57	4167.0
58	2463.5
59	1657.5
60	1165.5
61	949.5
62	766.5
63	569.0
64	399.0
65	259.5
66	171.5
67	107.0
68	71.0
69	55.0
70	47.5
71	37.0
72	34.0
73	26.0
74	28.5
75	32.0
76	22.5
77	18.5
78	17.0
79	12.0
80	10.5
81	8.0
82	6.5
83	7.0
84	3.0
85	1.0
86	1.0
87	1.0
88	1.0
89	1.5
90	1.0
91	0.0
92	0.0
93	0.0
94	0.0
95	0.0
96	0.0
97	0.0
98	0.0
99	0.0
100	0.0
>>END_MODULE
>>Per base N content	pass
#Base	N-Count
1	0.03941217021815252
2	0.0
3	0.008792472001792707
4	0.0061923635499007
5	0.0
6	6.842390662873702E-5
7	0.0
8	6.842390662873702E-5
9	0.0
10	0.0
11	0.0
12	0.0
13	0.0
14	0.0
15	0.0
16	0.0
17	0.0
18	0.0
19	0.0
20	0.0
21	0.0
22	0.0
23	1.7105976657184253E-4
24	2.7369562651494806E-4
25	3.7633148645805357E-4
26	3.421195331436851E-5
27	7.184510196017387E-4
28	9.237227394879497E-4
29	9.237227394879497E-4
30	7.526629729161071E-4
31	0.0010947825060597923
32	0.001334266179260372
33	0.0037291029112661678
34	0.002360624778691427
35	3.7633148645805357E-4
36	0.0
37	0.0
38	3.421195331436851E-5
39	5.131792997155276E-4
40	0.0
41	0.0
42	0.0
43	3.421195331436851E-5
44	0.0
45	0.0
46	0.0
47	3.421195331436851E-5
48	0.0
49	0.0
50	3.421195331436851E-5
51	0.0
52	0.0
53	0.0
54	0.0
55	0.0
56	0.0
57	0.0
58	0.0
59	0.0
60	0.0
61	0.0
62	0.0
63	0.0
64	0.0
65	3.421195331436851E-5
66	0.004687037604068485
67	0.0024632606386345325
68	0.005337064717041488
69	0.006945026522816807
70	4.447553930867906E-4
71	0.0022579889187483216
72	0.003831738771209273
73	9.921466461166866E-4
74	0.005884455970071383
75	0.0017105976657184254
76	7.868749262304757E-4
77	3.421195331436851E-5
78	0.004242282210981695
79	3.4211953314368507E-4
80	0.0040370104910954835
81	0.0014369020392034774
82	0.004139646351038589
83	1.0263585994310552E-4
84	0.003523831191379956
85	0.009545134974708814
86	0.0025316845452632696
87	0.008895107861735812
88	0.02524842154600396
89	0.03233029588207824
90	0.034451436987569084
91	0.04745197924702912
92	0.034451436987569084
93	0.022306193560968267
94	0.03352771424808114
95	0.0416017352302721
96	0.027130078978294225
97	0.033596138154709874
98	0.0235720358335999
99	0.03205660025556329
100	0.022853584813998164
101	0.01081097724734045
>>END_MODULE
>>Sequence Length Distribution	pass
#Length	Count
101	2922955.0
>>END_MODULE
>>Sequence Duplication Levels	warn
#Total Duplicate Percentage	43.78357740871035
#Duplication Level	Relative count
1	100.0
2	31.209372271271953
3	12.172956890139387
4	5.435626273406423
5	2.6786003040005175
6	1.5232366352964004
7	0.9580867371689143
8	0.7009799165615601
9	0.5417030497073186
10++	6.481840820154588
>>END_MODULE
>>Overrepresented sequences	pass
>>END_MODULE
>>Kmer Content	warn
#Sequence	Count	Obs/Exp Overall	Obs/Exp Max	Max Obs/Exp Position
ACCAT	396575	1.3138919	5.225686	8
ATACC	355630	1.1782371	6.3500195	6
ACACC	209150	1.1705962	5.021114	6
ATATA	994735	1.1558553	6.4101906	1
TATAT	965970	1.1214191	5.3177843	2
GTATT	535775	1.0553119	6.7684975	1
AATAC	516870	1.0145941	5.7861753	5
ATACA	507230	0.9956712	5.1878653	6
TAATA	851385	0.9892864	5.4430566	4
TATTA	845375	0.9814173	6.209376	2
TACTG	289060	0.96183676	5.5805597	7
TATAC	468880	0.919562	7.679704	5
ATACT	465785	0.91349214	6.529349	6
GTATA	443460	0.874268	8.443889	1
TATAA	724065	0.841344	5.5456824	2
>>END_MODULE
