##FastQC	0.8.0
>>Basic Statistics	pass
#Measure	Value	
Filename	1_140716_AH9BY4ADXX_P1260_1004_1.fastq.gz	
File type	Conventional base calls	
Total Sequences	1558691	
Sequence length	101	
%GC	37	
>>END_MODULE
>>Per base sequence quality	pass
#Base	Mean	Median	Lower Quartile	Upper Quartile	10th Percentile	90th Percentile
1	32.70745452434126	33.0	33.0	33.0	33.0	33.0
2	32.71898278748001	33.0	33.0	33.0	33.0	33.0
3	32.73682596486411	33.0	33.0	33.0	33.0	33.0
4	36.67397065871298	37.0	37.0	37.0	37.0	37.0
5	36.60938569607446	37.0	37.0	37.0	37.0	37.0
6	36.586626213919246	37.0	37.0	37.0	37.0	37.0
7	36.52140995232538	37.0	37.0	37.0	37.0	37.0
8	36.50886288558797	37.0	37.0	37.0	37.0	37.0
9	36.4848979047162	37.0	37.0	37.0	37.0	37.0
10	36.4743672735648	37.0	37.0	37.0	37.0	37.0
11	36.499156022585616	37.0	37.0	37.0	37.0	37.0
12	36.48288916789794	37.0	37.0	37.0	37.0	37.0
13	36.484629730972976	37.0	37.0	37.0	37.0	37.0
14	38.55165712767957	40.0	37.0	40.0	37.0	40.0
15	38.574622551872054	40.0	37.0	40.0	37.0	40.0
16	38.580916294506096	40.0	37.0	40.0	37.0	40.0
17	38.566297617680476	40.0	37.0	40.0	37.0	40.0
18	38.57589156542252	40.0	37.0	40.0	37.0	40.0
19	38.61306634862202	40.0	37.0	40.0	37.0	40.0
20	38.60703243939947	40.0	37.0	40.0	37.0	40.0
21	38.58791896533694	40.0	37.0	40.0	37.0	40.0
22	38.59546568242198	40.0	37.0	40.0	37.0	40.0
23	38.59106711978192	40.0	37.0	40.0	37.0	40.0
24	38.58761550557487	40.0	37.0	40.0	37.0	40.0
25	38.56494776706865	40.0	37.0	40.0	37.0	40.0
26	38.51795192247854	40.0	37.0	40.0	37.0	40.0
27	38.506211943226724	40.0	37.0	40.0	37.0	40.0
28	38.515498581822825	40.0	37.0	40.0	37.0	40.0
29	38.50432959451232	40.0	37.0	40.0	37.0	40.0
30	38.48239003112227	40.0	37.0	40.0	37.0	40.0
31	38.46948625481253	40.0	37.0	40.0	37.0	40.0
32	38.448073415449244	40.0	37.0	40.0	37.0	40.0
33	38.42270469259141	40.0	37.0	40.0	37.0	40.0
34	38.42473973353282	40.0	37.0	40.0	37.0	40.0
35	38.41210605565824	40.0	37.0	40.0	37.0	40.0
36	38.405406203025485	40.0	37.0	40.0	37.0	40.0
37	38.38336527252675	40.0	37.0	40.0	37.0	40.0
38	38.368713875938205	40.0	37.0	40.0	37.0	40.0
39	38.34614686297669	40.0	37.0	40.0	37.0	40.0
40	38.34307056369736	40.0	37.0	40.0	37.0	40.0
41	38.32851026919383	40.0	37.0	40.0	37.0	40.0
42	38.29958086625252	40.0	37.0	40.0	37.0	40.0
43	38.30689212935726	40.0	37.0	40.0	37.0	40.0
44	38.28254156853411	40.0	37.0	40.0	37.0	40.0
45	38.2559923679549	40.0	37.0	40.0	37.0	40.0
46	38.26506344105406	40.0	37.0	40.0	37.0	40.0
47	38.23173675860065	40.0	37.0	40.0	37.0	40.0
48	38.21186495591493	40.0	37.0	40.0	37.0	40.0
49	38.198207983493845	40.0	37.0	40.0	37.0	40.0
50	38.166422979281975	40.0	37.0	40.0	37.0	40.0
51	38.11674026474779	40.0	37.0	40.0	37.0	40.0
52	38.08583676944308	40.0	37.0	40.0	33.0	40.0
53	38.05527009522734	40.0	37.0	40.0	33.0	40.0
54	38.01457697516698	40.0	37.0	40.0	33.0	40.0
55	37.948234768789966	40.0	37.0	40.0	33.0	40.0
56	37.90861626839444	40.0	37.0	40.0	33.0	40.0
57	37.86634233468981	40.0	37.0	40.0	33.0	40.0
58	37.809116752454464	40.0	37.0	40.0	33.0	40.0
59	37.7455230061635	40.0	37.0	40.0	33.0	40.0
60	37.69435314632599	40.0	37.0	40.0	33.0	40.0
61	37.58672629789997	40.0	37.0	40.0	33.0	40.0
62	37.51435980576009	40.0	37.0	40.0	33.0	40.0
63	37.43744205875315	40.0	37.0	40.0	33.0	40.0
64	37.353157232575285	37.0	37.0	40.0	33.0	40.0
65	37.241774668616166	37.0	37.0	40.0	33.0	40.0
66	37.19291572223103	37.0	37.0	40.0	33.0	40.0
67	37.11095335765716	37.0	37.0	40.0	33.0	40.0
68	37.017562172361295	37.0	37.0	40.0	33.0	40.0
69	36.90225323685066	37.0	37.0	40.0	33.0	40.0
70	36.7798466790403	37.0	37.0	40.0	33.0	40.0
71	36.641567186825355	37.0	37.0	40.0	33.0	40.0
72	36.507138361612405	37.0	37.0	40.0	33.0	40.0
73	36.393189541737264	37.0	37.0	37.0	33.0	40.0
74	36.36048966729133	37.0	37.0	37.0	33.0	40.0
75	36.27432505865499	37.0	37.0	37.0	33.0	40.0
76	36.1254584776585	37.0	37.0	37.0	33.0	40.0
77	36.01757372051292	37.0	37.0	37.0	33.0	40.0
78	35.90127998429451	37.0	37.0	37.0	33.0	40.0
79	35.81413506589824	37.0	37.0	37.0	33.0	37.0
80	35.71036337542207	37.0	37.0	37.0	33.0	37.0
81	35.618200143582015	37.0	37.0	37.0	33.0	37.0
82	35.51899446394442	37.0	37.0	37.0	33.0	37.0
83	35.44574453820545	37.0	37.0	37.0	33.0	37.0
84	35.36348577107329	37.0	33.0	37.0	33.0	37.0
85	35.29648596161779	37.0	33.0	37.0	33.0	37.0
86	35.23669989754223	37.0	33.0	37.0	33.0	37.0
87	35.17736613607187	37.0	33.0	37.0	33.0	37.0
88	35.13614565042077	37.0	33.0	37.0	33.0	37.0
89	35.08279575618259	37.0	33.0	37.0	33.0	37.0
90	35.04124614821026	37.0	33.0	37.0	33.0	37.0
91	34.99804387142801	37.0	33.0	37.0	33.0	37.0
92	34.956705338004774	37.0	33.0	37.0	33.0	37.0
93	34.8998319743939	37.0	33.0	37.0	33.0	37.0
94	34.879819669196785	37.0	33.0	37.0	33.0	37.0
95	34.8466078266956	37.0	33.0	37.0	33.0	37.0
96	34.81738715370782	37.0	33.0	37.0	33.0	37.0
97	34.793844963498216	37.0	33.0	37.0	33.0	37.0
98	34.74592783303426	37.0	33.0	37.0	33.0	37.0
99	34.701115230664705	37.0	33.0	37.0	33.0	37.0
100	34.64601130050793	37.0	33.0	37.0	33.0	37.0
101	34.221022640151254	37.0	33.0	37.0	33.0	37.0
>>END_MODULE
>>Per sequence quality scores	pass
#Quality	Count
6	2.0
7	9.0
8	33.0
9	68.0
10	109.0
11	162.0
12	207.0
13	272.0
14	284.0
15	301.0
16	358.0
17	443.0
18	491.0
19	594.0
20	704.0
21	924.0
22	1184.0
23	1578.0
24	2142.0
25	2989.0
26	4176.0
27	5765.0
28	8284.0
29	11496.0
30	15900.0
31	21844.0
32	30106.0
33	42565.0
34	60887.0
35	88026.0
36	143664.0
37	382617.0
38	725880.0
39	4627.0
>>END_MODULE
>>Per base sequence content	fail
#Base	G	A	T	C
1	507050	447058	247914	356199
2	179916	372721	705702	300352
3	188838	527229	523038	319586
4	149992	332490	724454	351755
5	148101	634308	627362	148725
6	342042	728999	330666	156984
7	313778	544399	492058	208456
8	284702	653366	388803	231820
9	330853	290071	433621	504146
10	196043	476030	583450	303168
11	420415	454352	455792	228132
12	268969	450364	566245	273113
13	345790	407984	493524	311393
14	271333	381100	503701	402557
15	302860	533285	416655	305891
16	286355	530934	459879	281523
17	271672	509183	500881	276954
18	277496	512481	495355	273205
19	286978	502177	494465	275071
20	286944	497450	489943	284354
21	285074	492847	493121	287649
22	287595	488031	493768	289297
23	285322	491053	491528	290788
24	287234	494013	490462	286982
25	289384	489300	490904	289103
26	287911	490529	489945	290304
27	289428	495152	485794	288311
28	290635	489260	489846	288939
29	289394	491198	486686	291396
30	289725	493462	488239	287246
31	289951	488587	489740	290365
32	288626	490612	488541	290838
33	289193	491893	487518	290015
34	291193	488000	489814	289595
35	289065	488576	489306	291612
36	289947	490347	488064	290167
37	291505	487441	490878	288676
38	290370	488854	487556	291709
39	290526	491610	486736	289643
40	291552	486992	489469	290490
41	289240	489749	486406	293074
42	289781	491280	488249	289169
43	292382	486851	489427	289799
44	290194	486509	488326	293429
45	290763	491631	485634	290426
46	292059	486791	488518	291078
47	289957	487622	487937	292970
48	291149	489910	485969	291449
49	292029	487002	488133	291310
50	288869	487958	487294	294361
51	290062	489538	487437	291475
52	292147	485363	489960	291035
53	287925	487612	488469	294490
54	289629	489594	488279	291018
55	291643	486440	488252	292178
56	291063	485363	486957	295171
57	291054	489939	486103	291425
58	293044	485554	486972	292993
59	288403	486074	488369	295702
60	290961	489874	485036	292665
61	292069	484823	489131	292475
62	290800	486404	486927	294415
63	291111	488168	486489	292788
64	292191	485757	487835	292818
65	290003	488111	486115	294366
66	290153	488086	486208	294183
67	291986	485433	488489	292689
68	290497	484971	485970	297151
69	291999	489303	484144	293165
70	292775	485158	486633	294055
71	289175	485276	487863	296273
72	289193	489566	485544	294263
73	293602	484340	487969	292684
74	289767	485238	487806	295781
75	290211	489440	484984	293940
76	294577	485353	484766	293902
77	290666	485132	485318	297466
78	289765	488119	484721	295987
79	292804	484452	486672	294648
80	291391	485396	484718	297080
81	291884	487389	483758	295554
82	293130	485257	486889	293314
83	290617	484772	485347	297834
84	290337	488910	484805	294531
85	292043	483502	488453	294560
86	289869	486064	485407	297268
87	291875	487272	484477	294944
88	295208	483017	486135	294189
89	290761	485653	484339	297795
90	291316	487976	484168	295098
91	293097	483321	486857	295288
92	291353	484233	484702	298282
93	291274	488500	484089	294734
94	291920	483626	486838	296215
95	288601	485262	486626	298136
96	292799	487868	483323	294636
97	293303	483434	485424	296472
98	292629	485481	483432	297102
99	291977	488050	482797	295810
100	292582	484730	485633	295685
101	291269	482763	485490	299158
>>END_MODULE
>>Per base GC content	fail
#Base	%GC
1	55.39965126897918
2	30.812264906899443
3	32.61865244618722
4	32.19028017740527
5	19.045669671272815
6	32.01571061871788
7	33.50465230119376
8	33.13819095638584
9	53.570528090558035
10	32.027579552329485
11	41.60843938920543
12	34.77802848672379
13	42.162494041474545
14	43.23435498119897
15	39.0552713783553
16	36.433006926966286
17	35.19789053628367
18	35.33448355733614
19	36.059039283604
20	36.65242180778615
21	36.74384467479443
22	37.0113126976418
23	36.96114239448357
24	36.83963017685994
25	37.113642152293174
26	37.0962392112859
27	37.06579584714038
28	37.18364256935355
29	37.261800735753596
30	37.01683227773386
31	37.232130770163536
32	37.1780880100756
33	37.16161550706106
34	37.263393733615125
35	37.25729985197865
36	37.22198873935291
37	37.22688482515239
38	37.34893220292219
39	37.22575656955499
40	37.346222625173006
41	37.36449040693142
42	37.14839917637646
43	37.356196088572105
44	37.44874741571476
45	37.29266311357281
46	37.41785085912505
47	37.40341587925718
48	37.382521525822966
49	37.430139995919085
50	37.42295387434696
51	37.31360425842085
52	37.419321721778246
53	37.370323696692196
54	37.25630726586762
55	37.46013026519509
56	37.61396781888853
57	37.373830702313285
58	37.60111076677683
59	37.47751111932388
60	37.447065707818105
61	37.506881625770454
62	37.54877943929791
63	37.46410138615487
64	37.534237434725114
65	37.49331930360357
66	37.490360123955014
67	37.512904233743555
68	37.70384623528076
69	37.54394136830806
70	37.65058984833388
71	37.56274112385128
72	37.435437446986526
73	37.616314693682455
74	37.569036668993554
75	37.47981329098696
76	37.75694566527097
77	37.735069441325514
78	37.58212540549419
79	37.69158513925532
80	37.75674730605004
81	37.69046923972706
82	37.6265727356136
83	37.755827457220406
84	37.52562423688697
85	37.637547014612224
86	37.670600946485585
87	37.65116440219484
88	37.81703366400414
89	37.76309744711103
90	37.6254204206709
91	37.75176236058472
92	37.831794529600856
93	37.59842986994072
94	37.73485033674473
95	37.64452642553533
96	37.68928530641732
97	37.83924759709309
98	37.83615758312995
99	37.71167573657446
100	37.742568794389946
101	37.87993686965894
>>END_MODULE
>>Per sequence GC content	pass
#GC Content	Count
0	0.0
1	0.0
2	0.0
3	0.0
4	0.0
5	0.0
6	2.5
7	4.5
8	7.5
9	22.5
10	35.5
11	48.0
12	81.5
13	127.5
14	215.0
15	281.5
16	315.5
17	464.0
18	650.0
19	986.5
20	1638.5
21	2600.5
22	3988.0
23	5839.0
24	8775.5
25	13043.5
26	18471.5
27	25561.5
28	34219.5
29	44178.0
30	54734.0
31	65806.5
32	76516.0
33	85993.5
34	93483.0
35	98565.0
36	101262.0
37	100947.5
38	97929.0
39	92682.0
40	84873.5
41	75475.0
42	66714.0
43	58284.0
44	49603.0
45	41035.5
46	33785.5
47	27848.0
48	22300.0
49	17356.0
50	13602.0
51	10689.0
52	7944.5
53	5598.0
54	4005.0
55	2897.0
56	2047.5
57	1464.5
58	1028.5
59	699.0
60	473.5
61	366.5
62	280.0
63	207.0
64	157.5
65	117.5
66	85.5
67	58.5
68	42.5
69	32.0
70	22.0
71	21.5
72	19.0
73	12.0
74	9.0
75	12.0
76	10.0
77	6.5
78	7.0
79	5.5
80	3.5
81	2.5
82	4.5
83	4.0
84	1.5
85	1.5
86	2.0
87	1.0
88	0.0
89	0.0
90	0.0
91	0.0
92	0.0
93	0.0
94	0.0
95	0.0
96	0.0
97	0.0
98	0.0
99	0.0
100	0.0
>>END_MODULE
>>Per base N content	pass
#Base	N-Count
1	0.03015350701325664
2	0.0
3	0.0
4	0.0
5	0.012510497590606478
6	0.0
7	0.0
8	0.0
9	0.0
10	0.0
11	0.0
12	0.0
13	0.0
14	0.0
15	0.0
16	0.0
17	6.415639790054604E-5
18	0.009880085276684089
19	0.0
20	0.0
21	0.0
22	0.0
23	0.0
24	0.0
25	0.0
26	1.2831279580109207E-4
27	3.849383874032762E-4
28	7.057203769060064E-4
29	0.0010906587643092825
30	0.0012189715601103746
31	0.0030795070992262097
32	0.004747573444640407
33	0.004619260648839315
34	0.005709919413148597
35	0.008468644522872076
36	0.010649962051490642
37	0.012253871999004292
38	0.012959592375910298
39	0.011291526030496102
40	0.012061402805302655
41	0.014242720333921221
42	0.01360115635491576
43	0.01488428431292668
44	0.014948440710827227
45	0.015205066302429411
46	0.01571831748563378
47	0.013152061569611937
48	0.013729469150716852
49	0.01392193834441849
50	0.013408687161214121
51	0.01148399522419774
52	0.011933090009501563
53	0.012510497590606478
54	0.010970744040993373
55	0.011419838826297194
56	0.008789426512374807
57	0.010906587643092826
58	0.008212018931269893
59	0.009174364899778083
60	0.009944241674584636
61	0.012382184794805384
62	0.009302677695579175
63	0.008661113716573715
64	0.005774075811049143
65	0.006159014198452419
66	0.003913540271933308
67	0.0060307014026513275
68	0.006543952585855696
69	0.005132511832043683
70	0.004490947853038222
71	0.006672265381656788
72	0.008019549737568254
73	0.006159014198452419
74	0.006351483392154057
75	0.00744214215646334
76	0.0059665450047507815
77	0.0069930473711595185
78	0.006351483392154057
79	0.007377985758562794
80	0.00680057817745788
81	0.00680057817745788
82	0.006479796187955149
83	0.007762924145966071
84	0.006928890973258972
85	0.008532800920772621
86	0.005324981025745321
87	0.007891236941767164
88	0.009110208501877538
89	0.009174364899778083
90	0.008532800920772621
91	0.008212018931269893
92	0.007762924145966071
93	0.0060307014026513275
94	0.005902388606850235
95	0.004234322261436038
96	0.004170165863535492
97	0.00372107107823167
98	0.0030153507013256638
99	0.003656914680331124
100	0.003913540271933308
101	7.057203769060064E-4
>>END_MODULE
>>Sequence Length Distribution	pass
#Length	Count
101	1558691.0
>>END_MODULE
>>Sequence Duplication Levels	warn
#Total Duplicate Percentage	24.354248848456386
#Duplication Level	Relative count
1	100.0
2	17.19278681045735
3	4.46198882285106
4	1.6163779447732256
5	0.7907642787444082
6	0.4923267985451965
7	0.38461051057520496
8	0.2572518406812738
9	0.2300059560770995
10++	1.298931707873427
>>END_MODULE
>>Overrepresented sequences	pass
>>END_MODULE
>>Kmer Content	warn
#Sequence	Count	Obs/Exp Overall	Obs/Exp Max	Max Obs/Exp Position
ACACC	116720	1.2035006	5.261098	6
ATACC	186560	1.151136	5.935372	6
ATATA	475830	1.0532631	5.749163	1
GTATT	277975	1.0363916	6.696749	1
AATAC	275210	1.0179869	5.866244	5
ATACA	260850	0.96487	5.3620024	6
TAATA	418375	0.92608476	5.28379	4
TATTA	411640	0.90957767	6.1484776	2
ATACT	238435	0.88041043	6.033187	6
TATAC	232800	0.8596034	7.351839	5
GTATA	218880	0.8174987	7.8236213	1
TATAA	353185	0.7817849	5.2540402	2
>>END_MODULE
