##FastQC	0.8.0
>>Basic Statistics	pass
#Measure	Value	
Filename	1_140716_AH9BY4ADXX_P1260_1009_2.fastq.gz	
File type	Conventional base calls	
Total Sequences	1944249	
Sequence length	101	
%GC	37	
>>END_MODULE
>>Per base sequence quality	pass
#Base	Mean	Median	Lower Quartile	Upper Quartile	10th Percentile	90th Percentile
1	31.97658427495655	33.0	33.0	33.0	33.0	33.0
2	32.03970993427282	33.0	33.0	33.0	33.0	33.0
3	32.013273505605504	33.0	33.0	33.0	33.0	33.0
4	35.790462024154316	37.0	37.0	37.0	33.0	37.0
5	35.9258263730623	37.0	37.0	37.0	33.0	37.0
6	35.91512969789363	37.0	37.0	37.0	33.0	37.0
7	35.87733207012065	37.0	37.0	37.0	33.0	37.0
8	35.84448905464269	37.0	37.0	37.0	33.0	37.0
9	35.84317389387882	37.0	37.0	37.0	33.0	37.0
10	35.83974840671128	37.0	37.0	37.0	33.0	37.0
11	35.865748162915345	37.0	37.0	37.0	33.0	37.0
12	35.83887249009772	37.0	37.0	37.0	33.0	37.0
13	35.83155964076618	37.0	37.0	37.0	33.0	37.0
14	37.807398640811954	40.0	37.0	40.0	33.0	40.0
15	37.85934877682848	40.0	37.0	40.0	33.0	40.0
16	37.83247721871015	40.0	37.0	40.0	33.0	40.0
17	37.77965733812901	40.0	37.0	40.0	33.0	40.0
18	37.683493729455435	40.0	37.0	40.0	33.0	40.0
19	37.80727468549553	40.0	37.0	40.0	33.0	40.0
20	37.81752234410305	40.0	37.0	40.0	33.0	40.0
21	37.8045836721531	40.0	37.0	40.0	33.0	40.0
22	37.756572332041834	40.0	37.0	40.0	33.0	40.0
23	37.72180569464096	40.0	37.0	40.0	33.0	40.0
24	37.7090382970494	40.0	37.0	40.0	33.0	40.0
25	37.67614487650501	40.0	37.0	40.0	33.0	40.0
26	37.672944154786755	40.0	37.0	40.0	33.0	40.0
27	37.6822089145989	40.0	37.0	40.0	33.0	40.0
28	37.62101510660414	40.0	37.0	40.0	33.0	40.0
29	37.60400751138357	40.0	37.0	40.0	33.0	40.0
30	37.53500451845417	40.0	37.0	40.0	33.0	40.0
31	37.56156335942567	40.0	37.0	40.0	33.0	40.0
32	37.5528633420925	40.0	37.0	40.0	33.0	40.0
33	37.536180293779246	40.0	37.0	40.0	33.0	40.0
34	37.5044245875914	40.0	37.0	40.0	33.0	40.0
35	37.46206118660727	40.0	37.0	40.0	33.0	40.0
36	37.4165716428297	40.0	37.0	40.0	33.0	40.0
37	37.41404521745929	40.0	37.0	40.0	33.0	40.0
38	37.36934929630927	40.0	37.0	40.0	33.0	40.0
39	37.326898457965	40.0	37.0	40.0	33.0	40.0
40	37.328218762103	40.0	37.0	40.0	33.0	40.0
41	37.27866698144116	40.0	37.0	40.0	33.0	40.0
42	37.25289507671086	40.0	37.0	40.0	33.0	40.0
43	37.15328077833652	40.0	37.0	40.0	33.0	40.0
44	37.07675251472419	40.0	37.0	40.0	33.0	40.0
45	37.033787338967386	40.0	37.0	40.0	33.0	40.0
46	36.98386574970593	40.0	37.0	40.0	33.0	40.0
47	36.953559960684046	40.0	37.0	40.0	33.0	40.0
48	36.84427766196614	40.0	37.0	40.0	33.0	40.0
49	36.82049007097342	40.0	37.0	40.0	33.0	40.0
50	36.792602696465316	40.0	37.0	40.0	33.0	40.0
51	36.729889535753905	40.0	37.0	40.0	33.0	40.0
52	36.68330239593797	40.0	37.0	40.0	33.0	40.0
53	36.63317918641079	40.0	37.0	40.0	33.0	40.0
54	36.55956258689088	40.0	37.0	40.0	33.0	40.0
55	36.51516189541566	40.0	37.0	40.0	33.0	40.0
56	36.44816430405776	40.0	37.0	40.0	33.0	40.0
57	36.363300174000344	40.0	37.0	40.0	33.0	40.0
58	36.31422827014441	37.0	37.0	40.0	33.0	40.0
59	36.25602944890289	37.0	37.0	40.0	33.0	40.0
60	36.17278393868275	37.0	37.0	40.0	33.0	40.0
61	36.07384805135556	37.0	37.0	40.0	33.0	40.0
62	35.983355012655274	37.0	37.0	40.0	33.0	40.0
63	35.90033838258371	37.0	37.0	40.0	33.0	40.0
64	35.80290436050115	37.0	37.0	40.0	33.0	40.0
65	35.66992036513842	37.0	37.0	40.0	33.0	40.0
66	35.566520029070354	37.0	37.0	40.0	27.0	40.0
67	35.4333426428405	37.0	37.0	40.0	27.0	40.0
68	35.29437381734541	37.0	37.0	40.0	27.0	40.0
69	35.19000292657988	37.0	37.0	40.0	27.0	40.0
70	35.05747514850207	37.0	33.0	40.0	27.0	40.0
71	34.91608996584285	37.0	33.0	37.0	27.0	40.0
72	34.74811096726808	37.0	33.0	37.0	27.0	40.0
73	34.6204184752056	37.0	33.0	37.0	27.0	40.0
74	34.48525831825039	37.0	33.0	37.0	27.0	40.0
75	34.33227534127573	37.0	33.0	37.0	27.0	40.0
76	34.204585935237716	37.0	33.0	37.0	27.0	40.0
77	34.077348631785334	37.0	33.0	37.0	27.0	40.0
78	33.92173893364482	37.0	33.0	37.0	27.0	37.0
79	33.79410147568547	37.0	33.0	37.0	27.0	37.0
80	33.6756439118652	37.0	33.0	37.0	27.0	37.0
81	33.54447604190616	37.0	33.0	37.0	27.0	37.0
82	33.43345785442091	37.0	33.0	37.0	27.0	37.0
83	33.525057232895584	37.0	33.0	37.0	27.0	37.0
84	33.51116703673244	37.0	33.0	37.0	27.0	37.0
85	33.44794828234449	37.0	33.0	37.0	27.0	37.0
86	33.379836636151026	37.0	33.0	37.0	27.0	37.0
87	33.3213297267994	37.0	33.0	37.0	27.0	37.0
88	33.262126918928594	37.0	33.0	37.0	27.0	37.0
89	33.357738129221104	37.0	33.0	37.0	27.0	37.0
90	33.36134466315786	37.0	33.0	37.0	27.0	37.0
91	33.32270146467865	37.0	33.0	37.0	27.0	37.0
92	33.28536931226402	37.0	33.0	37.0	27.0	37.0
93	33.203316550503565	37.0	33.0	37.0	27.0	37.0
94	33.186512632898356	37.0	33.0	37.0	27.0	37.0
95	33.160304570042214	37.0	33.0	37.0	27.0	37.0
96	33.09286567718435	37.0	33.0	37.0	27.0	37.0
97	33.034191093836235	37.0	33.0	37.0	27.0	37.0
98	32.96590508725991	37.0	33.0	37.0	27.0	37.0
99	32.92687922174577	37.0	33.0	37.0	27.0	37.0
100	32.857065633054205	37.0	33.0	37.0	27.0	37.0
101	32.42964095648242	37.0	33.0	37.0	27.0	37.0
>>END_MODULE
>>Per sequence quality scores	pass
#Quality	Count
2	16916.0
3	3353.0
4	2261.0
5	1904.0
6	1766.0
7	1978.0
8	2193.0
9	2314.0
10	2486.0
11	2592.0
12	2662.0
13	2825.0
14	2946.0
15	3209.0
16	3384.0
17	3523.0
18	3557.0
19	3461.0
20	3827.0
21	3776.0
22	4250.0
23	4931.0
24	5957.0
25	7397.0
26	9311.0
27	11558.0
28	14468.0
29	18179.0
30	23672.0
31	31162.0
32	41644.0
33	58237.0
34	83790.0
35	126695.0
36	222833.0
37	548874.0
38	658811.0
39	1547.0
>>END_MODULE
>>Per base sequence content	fail
#Base	G	A	T	C
1	684383	541500	297530	420833
2	241097	449105	892939	361108
3	258516	644223	650115	391393
4	204444	399595	908680	431524
5	194889	782138	777332	189886
6	434738	891779	415752	201979
7	400775	677058	601998	264416
8	363266	801608	485183	294189
9	414550	367248	540912	621514
10	256438	585667	722375	379768
11	523536	565285	566901	288525
12	340600	559895	700408	343339
13	433073	504916	617807	388453
14	342760	478093	624694	498697
15	378985	661226	523049	380967
16	362977	661990	569862	349410
17	341891	636320	621110	344901
18	350165	637330	617620	339127
19	361340	623827	617221	341856
20	360667	618642	612408	352500
21	357304	612315	616761	357855
22	361201	608340	616647	358038
23	358106	610322	612969	362781
24	357959	617065	611770	357376
25	363952	608909	612621	358697
26	361233	611837	609317	361799
27	361585	616798	607760	358073
28	365038	612679	609504	356952
29	361289	611543	608124	363196
30	363950	614947	608168	357083
31	367119	608177	609097	359726
32	361442	610822	608980	362863
33	362091	612725	608375	360897
34	366107	608460	610111	359381
35	361623	609093	609611	363673
36	362692	612889	608080	360283
37	367356	608568	610493	357536
38	364416	607096	608505	363935
39	364623	611546	605604	362132
40	366778	605566	611419	359994
41	363043	608835	608302	363560
42	363973	610852	608276	360648
43	367699	604992	609603	361342
44	363098	606966	608012	365426
45	365118	611241	605095	362043
46	366496	606599	607959	362367
47	362267	606560	608443	366033
48	365903	610336	605019	361963
49	368031	606173	607787	361142
50	363585	606366	607012	366198
51	362744	609589	607965	362870
52	368181	602999	608940	363052
53	363227	606918	607072	366029
54	365014	609915	606873	361561
55	369299	604616	607282	362061
56	365093	604252	607528	366453
57	364568	609809	605057	363817
58	369412	603460	605602	364821
59	362830	605113	607351	367987
60	363680	610838	605568	363146
61	368677	602614	608799	363076
62	364564	604900	605894	367707
63	364019	607606	605435	365948
64	368911	602757	606756	364704
65	364971	606483	605203	366503
66	365577	607775	604665	365290
67	368441	603628	606420	364722
68	366569	604756	603011	368837
69	367442	606907	604404	364392
70	368424	604258	606004	364325
71	364624	603209	605531	369662
72	365660	608229	602997	366071
73	370938	601255	606346	364445
74	365928	602806	605103	369285
75	366723	606676	602663	366979
76	369106	603562	603784	366481
77	367606	602154	603652	369352
78	365784	607144	602640	367303
79	370238	602855	604786	364871
80	367057	602674	603344	369780
81	366813	606175	602284	367526
82	369851	601561	605322	366105
83	365729	603181	603801	370150
84	363974	607990	603498	367435
85	369866	599374	606214	367460
86	366577	603037	604333	368933
87	366742	605602	602724	367796
88	370913	601210	603973	366837
89	366010	601253	604306	371118
90	366775	605789	602396	367988
91	371892	599701	604545	366740
92	366998	602538	603036	370154
93	367153	604748	602991	367879
94	370015	599818	606017	366916
95	365960	602464	604433	369922
96	367882	605164	603450	366351
97	372337	598592	604329	367199
98	368352	601422	602338	370477
99	368767	605907	599584	368561
100	372137	599181	603600	367870
101	370018	599629	601461	371634
>>END_MODULE
>>Per base GC content	fail
#Base	%GC
1	56.84548148742494
2	30.97365615206694
3	33.42728573067105
4	32.71031450286821
5	19.790458507029722
6	32.748754274146094
7	34.21329697306978
8	33.815422533979756
9	53.28933291637178
10	32.722471618846974
11	41.767378321787305
12	35.17766821208471
13	42.254155717709
14	43.279392915703994
15	39.08761682663599
16	36.64091708889699
17	35.32477258255488
18	35.45299402029171
19	36.16809412810326
20	36.68145068168831
21	36.783567830020544
22	36.99359025133909
23	37.0792694907565
24	36.79385033201829
25	37.169879933894975
26	37.189445865776214
27	37.01533162981891
28	37.1360984850628
29	37.2648332023422
30	37.08735137448384
31	37.38685749174819
32	37.256437017098335
33	37.18905728547268
34	37.3182089638226
35	37.309465020576134
36	37.191143366269806
37	37.28958467617273
38	37.46754035079056
39	37.38634346843081
40	37.39006470459013
41	37.38169714056407
42	37.27955615668484
43	37.509132368406426
44	37.48511707217178
45	37.41508219462135
46	37.50412288433644
47	37.47742889297243
48	37.456676312164184
49	37.525635146950826
50	37.55648657007834
51	37.34180472300903
52	37.63089422861178
53	37.52772423048857
54	37.387508149532536
55	37.63576426804881
56	37.64401855375784
57	37.482805875308955
58	37.78288937088811
59	37.60737639075358
60	37.40294519645621
61	37.657770874953556
62	37.6863872284252
63	37.56891376669576
64	37.754332190159374
65	37.64352909693489
66	37.60944616573706
67	37.72945912718691
68	37.8456267146569
69	37.662346350889926
70	37.712035598357396
71	37.790847883661876
72	37.66068935133408
73	37.848124328352675
74	37.83668755744621
75	37.76050016443297
76	37.859617392879734
77	37.933480340381024
78	37.73214999863604
79	37.83857933341912
80	37.92547565309815
81	37.798010910038
82	37.880441971774296
83	37.87604980490112
84	37.64527918875782
85	37.94949236044416
86	37.85668698015318
87	37.806969504813516
88	37.97094392858632
89	37.943734631466626
90	37.81691532660679
91	38.01741540127584
92	37.944208292883296
93	37.83420691373301
94	37.93205151829916
95	37.877802879277574
96	37.791601706155966
97	38.07219413351235
98	38.03321237791422
99	37.95145095863279
100	38.089951142378894
101	38.17552716727183
>>END_MODULE
>>Per sequence GC content	pass
#GC Content	Count
0	0.5
1	2.0
2	4.5
3	6.0
4	8.5
5	16.5
6	24.5
7	31.0
8	40.0
9	59.0
10	85.0
11	113.5
12	133.0
13	167.0
14	216.5
15	266.0
16	333.5
17	455.0
18	646.5
19	1001.5
20	1574.0
21	2487.5
22	3920.5
23	6280.0
24	10042.0
25	15412.0
26	22546.0
27	31604.5
28	42441.0
29	54822.5
30	68482.5
31	82234.5
32	95162.5
33	106762.5
34	115992.0
35	122426.0
36	125429.5
37	124674.5
38	120752.5
39	114501.0
40	105489.5
41	94444.0
42	83532.0
43	72645.0
44	61425.0
45	50810.0
46	42180.0
47	34901.0
48	28601.0
49	22894.0
50	17963.0
51	14205.5
52	11094.5
53	8447.5
54	6198.0
55	4580.0
56	3349.0
57	2565.0
58	2030.5
59	1491.5
60	1032.0
61	742.5
62	561.0
63	426.0
64	333.5
65	247.0
66	180.0
67	140.5
68	82.5
69	50.5
70	45.0
71	35.5
72	26.0
73	15.0
74	17.5
75	17.5
76	13.0
77	11.5
78	11.0
79	16.5
80	17.0
81	11.5
82	6.0
83	3.5
84	6.0
85	8.0
86	4.5
87	5.0
88	5.5
89	4.0
90	5.0
91	3.5
92	3.5
93	3.0
94	2.0
95	4.0
96	5.0
97	6.5
98	7.5
99	15.5
100	63.5
>>END_MODULE
>>Per base N content	pass
#Base	N-Count
1	1.5430122376300565E-4
2	0.0
3	1.0286748250867045E-4
4	3.086024475260113E-4
5	2.057349650173409E-4
6	5.143374125433522E-5
7	1.0286748250867045E-4
8	1.5430122376300565E-4
9	0.0012858435313583805
10	5.143374125433522E-5
11	1.0286748250867045E-4
12	3.6003618878034655E-4
13	0.0
14	2.5716870627167613E-4
15	0.0011315423075953749
16	5.143374125433523E-4
17	0.0013887110138670511
18	3.6003618878034655E-4
19	2.5716870627167613E-4
20	0.0016458797201387271
21	7.200723775606931E-4
22	0.0011829760488497102
23	0.0036517956290578004
24	0.004063265559092482
25	0.0036003618878034656
26	0.0032403256990231185
27	0.0016973134613930624
28	0.003908964335329477
29	0.004989072901670517
30	0.005194807866687857
31	0.006686386363063578
32	0.007303591258115601
33	0.008280832341947972
34	0.009772410838323692
35	0.012807001572329469
36	0.015687291082572243
37	0.015224387411283225
38	0.015275821152537561
39	0.017693206991491316
40	0.025305400697132927
41	0.026179774298456627
42	0.025716870627167612
43	0.03152888338890749
44	0.03842100471698841
45	0.03867817342326009
46	0.04258713775858956
47	0.048656319226601116
48	0.052873886009456604
49	0.0574000552398381
50	0.05595991048471672
51	0.05559987429593638
52	0.05539413933091903
53	0.05158804247809822
54	0.04557029475134101
55	0.0509708375830462
56	0.04747334317775141
57	0.051330873771826546
58	0.049067789156635795
59	0.049787861534196495
60	0.05230811485565892
61	0.055702741778445045
62	0.0608975496451329
63	0.06382927289663001
64	0.05765722394610978
65	0.05601134422597105
66	0.04845058426158377
67	0.05338822342199996
68	0.0553427055896647
69	0.05678285034478608
70	0.06367497167286701
71	0.06290346555405198
72	0.0664523937006011
73	0.06506368268673406
74	0.057965826393635796
75	0.062131959435236944
76	0.06768680349070515
77	0.0763791057626878
78	0.07087569544847394
79	0.0770991781402485
80	0.0716986353085433
81	0.0746303585600404
82	0.07252157516861266
83	0.07139003286101729
84	0.06953841817586122
85	0.06866404457453751
86	0.07041279177718492
87	0.07123573163725427
88	0.06768680349070515
89	0.08033950383927162
90	0.06691529737189011
91	0.0705156592596936
92	0.07833358793035254
93	0.07601906957390746
94	0.07627623828017913
95	0.07560759964387279
96	0.07211010523857797
97	0.09216926432776872
98	0.08538001048219647
99	0.07355024999369937
100	0.07514469597258376
101	0.07751064807028318
>>END_MODULE
>>Sequence Length Distribution	pass
#Length	Count
101	1944249.0
>>END_MODULE
>>Sequence Duplication Levels	warn
#Total Duplicate Percentage	21.066275705380903
#Duplication Level	Relative count
1	100.0
2	15.707221668696262
3	3.5265753963860904
4	1.1863906417210968
5	0.5326149796425452
6	0.3419560377381699
7	0.2392462206477484
8	0.20172946111172613
9	0.16359767273085107
10++	1.1064368918902296
>>END_MODULE
>>Overrepresented sequences	pass
>>END_MODULE
>>Kmer Content	warn
#Sequence	Count	Obs/Exp Overall	Obs/Exp Max	Max Obs/Exp Position
GTCTT	227585	1.1299249	5.33344	1
ATACC	224505	1.1292933	5.5363836	6
GTATT	343385	1.0220268	7.2631984	1
AATAC	332340	1.0021632	5.5074663	5
ATATA	545675	0.9822538	5.5116754	1
ATACA	319370	0.9630524	5.0254726	6
TATTA	499915	0.89607525	5.976191	2
ATACT	288075	0.865008	5.6571226	6
TATAC	285360	0.85685563	6.642976	5
GTATA	268470	0.8024501	8.331352	1
TATAA	423800	0.76287013	5.100395	2
GTCTA	146420	0.7300416	5.1598535	1
>>END_MODULE
