##FastQC	0.8.0
>>Basic Statistics	pass
#Measure	Value	
Filename	1_140716_AH9BY4ADXX_P1260_1007_2.fastq.gz	
File type	Conventional base calls	
Total Sequences	2305984	
Sequence length	101	
%GC	37	
>>END_MODULE
>>Per base sequence quality	pass
#Base	Mean	Median	Lower Quartile	Upper Quartile	10th Percentile	90th Percentile
1	31.920537609974744	33.0	33.0	33.0	33.0	33.0
2	31.94408634231634	33.0	33.0	33.0	33.0	33.0
3	31.914253524742584	33.0	33.0	33.0	33.0	33.0
4	35.77162937817435	37.0	37.0	37.0	33.0	37.0
5	35.77152746940135	37.0	37.0	37.0	33.0	37.0
6	35.83768317559879	37.0	37.0	37.0	33.0	37.0
7	35.76600444755905	37.0	37.0	37.0	33.0	37.0
8	35.79364080583387	37.0	37.0	37.0	33.0	37.0
9	35.74961838416919	37.0	37.0	37.0	33.0	37.0
10	35.740307825206074	37.0	37.0	37.0	33.0	37.0
11	35.7552376772779	37.0	37.0	37.0	33.0	37.0
12	35.72169061016902	37.0	37.0	37.0	33.0	37.0
13	35.70712069121035	37.0	37.0	37.0	33.0	37.0
14	37.68585037884044	40.0	37.0	40.0	33.0	40.0
15	37.73045606561017	40.0	37.0	40.0	33.0	40.0
16	37.70089428200716	40.0	37.0	40.0	33.0	40.0
17	37.66683246718104	40.0	37.0	40.0	33.0	40.0
18	37.570810985678996	40.0	37.0	40.0	33.0	40.0
19	37.681415829424665	40.0	37.0	40.0	33.0	40.0
20	37.67583946809692	40.0	37.0	40.0	33.0	40.0
21	37.66249895922955	40.0	37.0	40.0	33.0	40.0
22	37.62626410243956	40.0	37.0	40.0	33.0	40.0
23	37.59470924342927	40.0	37.0	40.0	33.0	40.0
24	37.56968738724987	40.0	37.0	40.0	33.0	40.0
25	37.54176785268241	40.0	37.0	40.0	33.0	40.0
26	37.53176691598901	40.0	37.0	40.0	33.0	40.0
27	37.529315901584745	40.0	37.0	40.0	33.0	40.0
28	37.4895033963809	40.0	37.0	40.0	33.0	40.0
29	37.45427548499903	40.0	37.0	40.0	33.0	40.0
30	37.39628072007438	40.0	37.0	40.0	33.0	40.0
31	37.4097920887569	40.0	37.0	40.0	33.0	40.0
32	37.399007104992926	40.0	37.0	40.0	33.0	40.0
33	37.3736842926924	40.0	37.0	40.0	33.0	40.0
34	37.336396089478505	40.0	37.0	40.0	33.0	40.0
35	37.299676840776	40.0	37.0	40.0	33.0	40.0
36	37.267773757320086	40.0	37.0	40.0	33.0	40.0
37	37.2536570071605	40.0	37.0	40.0	33.0	40.0
38	37.21776213538342	40.0	37.0	40.0	33.0	40.0
39	37.16940967500208	40.0	37.0	40.0	33.0	40.0
40	37.15548113083178	40.0	37.0	40.0	33.0	40.0
41	37.11189756737254	40.0	37.0	40.0	33.0	40.0
42	37.096132063362106	40.0	37.0	40.0	33.0	40.0
43	37.01983361549777	40.0	37.0	40.0	33.0	40.0
44	36.9439727248758	40.0	37.0	40.0	33.0	40.0
45	36.89938525158891	40.0	37.0	40.0	33.0	40.0
46	36.8439269309761	40.0	37.0	40.0	33.0	40.0
47	36.811910230079654	40.0	37.0	40.0	33.0	40.0
48	36.710500159584804	40.0	37.0	40.0	33.0	40.0
49	36.6817462740418	40.0	37.0	40.0	33.0	40.0
50	36.65175560628348	40.0	37.0	40.0	33.0	40.0
51	36.60021968929533	40.0	37.0	40.0	33.0	40.0
52	36.55443099345008	40.0	37.0	40.0	33.0	40.0
53	36.49342406538814	40.0	37.0	40.0	33.0	40.0
54	36.415146852710166	40.0	37.0	40.0	33.0	40.0
55	36.37336208750798	40.0	37.0	40.0	33.0	40.0
56	36.29879782340207	40.0	37.0	40.0	33.0	40.0
57	36.211727401404346	40.0	37.0	40.0	33.0	40.0
58	36.15867672976049	37.0	37.0	40.0	33.0	40.0
59	36.0974950389942	37.0	37.0	40.0	33.0	40.0
60	36.01148576919874	37.0	37.0	40.0	33.0	40.0
61	35.92231472551414	37.0	37.0	40.0	33.0	40.0
62	35.82289426119175	37.0	37.0	40.0	33.0	40.0
63	35.72189139213455	37.0	37.0	40.0	27.0	40.0
64	35.61884644472815	37.0	37.0	40.0	27.0	40.0
65	35.486304328217365	37.0	37.0	40.0	27.0	40.0
66	35.37840982417918	37.0	37.0	40.0	27.0	40.0
67	35.24222240917543	37.0	37.0	40.0	27.0	40.0
68	35.10125915877994	37.0	37.0	40.0	27.0	40.0
69	34.99850779537066	37.0	37.0	40.0	27.0	40.0
70	34.86023450292804	37.0	33.0	40.0	27.0	40.0
71	34.71090606005939	37.0	33.0	37.0	27.0	40.0
72	34.541942181732395	37.0	33.0	37.0	27.0	40.0
73	34.422692438455776	37.0	33.0	37.0	27.0	40.0
74	34.28949637118037	37.0	33.0	37.0	27.0	40.0
75	34.13724639893425	37.0	33.0	37.0	27.0	40.0
76	34.01338430795704	37.0	33.0	37.0	27.0	40.0
77	33.88289901404346	37.0	33.0	37.0	27.0	40.0
78	33.72872448377786	37.0	33.0	37.0	27.0	37.0
79	33.60294260497905	37.0	33.0	37.0	27.0	37.0
80	33.486667730565344	37.0	33.0	37.0	27.0	37.0
81	33.343364481280005	37.0	33.0	37.0	27.0	37.0
82	33.23728655532736	37.0	33.0	37.0	27.0	37.0
83	33.32464145458078	37.0	33.0	37.0	27.0	37.0
84	33.31386037370598	37.0	33.0	37.0	27.0	37.0
85	33.25103513294108	37.0	33.0	37.0	27.0	37.0
86	33.17706280702728	37.0	33.0	37.0	27.0	37.0
87	33.115108344203605	37.0	33.0	37.0	27.0	37.0
88	33.05052376772779	37.0	33.0	37.0	27.0	37.0
89	33.14323386458883	37.0	33.0	37.0	27.0	37.0
90	33.144059976131665	37.0	33.0	37.0	27.0	37.0
91	33.099955593794235	37.0	33.0	37.0	27.0	37.0
92	33.057447926785265	37.0	33.0	37.0	27.0	37.0
93	32.97111601815104	37.0	33.0	37.0	27.0	37.0
94	32.951111109183756	37.0	33.0	37.0	27.0	37.0
95	32.92026484138658	37.0	33.0	37.0	27.0	37.0
96	32.85755365171658	37.0	33.0	37.0	27.0	37.0
97	32.790348501984404	37.0	33.0	37.0	27.0	37.0
98	32.72056961366601	37.0	33.0	37.0	27.0	37.0
99	32.67773800685521	37.0	33.0	37.0	27.0	37.0
100	32.6014781542283	37.0	33.0	37.0	27.0	37.0
101	32.174978664205824	37.0	33.0	37.0	22.0	37.0
>>END_MODULE
>>Per sequence quality scores	pass
#Quality	Count
2	23356.0
3	4856.0
4	3209.0
5	2676.0
6	2674.0
7	2670.0
8	2954.0
9	3062.0
10	3310.0
11	3491.0
12	3652.0
13	3886.0
14	4047.0
15	4196.0
16	4420.0
17	4562.0
18	4718.0
19	4629.0
20	4725.0
21	5108.0
22	5758.0
23	6713.0
24	7891.0
25	9705.0
26	11996.0
27	14814.0
28	18676.0
29	23099.0
30	29484.0
31	37552.0
32	50050.0
33	68671.0
34	95942.0
35	142774.0
36	250106.0
37	623113.0
38	809848.0
39	3591.0
>>END_MODULE
>>Per base sequence content	fail
#Base	G	A	T	C
1	822310	634115	348194	501363
2	286310	529538	1059579	430557
3	309083	767741	758688	470470
4	237041	469019	1080803	519117
5	230751	930648	921104	223476
6	519960	1059682	491767	234574
7	477693	794245	721409	312634
8	430260	956052	571869	347795
9	498653	428295	635692	743310
10	302574	696299	858554	448556
11	629666	663765	669162	343390
12	408475	664644	823010	409846
13	521215	596571	724959	463239
14	411385	561521	736321	596737
15	459883	779379	613366	453319
16	433066	776874	676575	419453
17	412448	744884	734108	414511
18	419736	751157	725597	409477
19	433050	734603	729294	409033
20	432977	727607	720307	425061
21	430311	722232	726126	427292
22	437518	711116	725170	432135
23	434011	723301	717525	431060
24	431931	727505	718360	428092
25	439526	713863	720531	431966
26	432780	719666	719048	434393
27	433473	729386	711472	431608
28	439176	722964	714839	428908
29	435460	719969	714398	436031
30	436635	726050	718111	425047
31	438631	720231	714782	432175
32	433044	720593	717342	434830
33	437952	726705	709830	431298
34	440338	715642	716682	433080
35	436085	717086	716736	435792
36	436324	720501	710764	438035
37	439992	715215	720241	430190
38	438670	716546	715454	434970
39	442116	719533	709855	434088
40	441347	714399	718882	430731
41	438033	718736	710555	438041
42	436538	723640	715707	429498
43	443062	713219	715894	433050
44	439250	715796	713473	436495
45	438226	719584	712199	435069
46	440497	707609	721215	435625
47	433020	717943	715061	438791
48	443596	717037	711442	432599
49	441830	713982	714822	433937
50	437121	717335	710647	439479
51	436487	720338	715524	432248
52	444212	709987	715511	434884
53	435290	715733	712510	441148
54	437787	718566	713951	434589
55	441147	713966	715667	433934
56	441810	708401	715311	439327
57	438772	716621	710944	438388
58	443039	709097	712103	440536
59	433189	710322	716762	444501
60	434857	721451	711733	436672
61	440799	708219	716836	438757
62	438847	714889	711602	439145
63	435797	717808	710149	440610
64	441192	714452	714240	434663
65	440642	716647	707395	439921
66	439644	715788	712087	437292
67	441033	711474	714534	437653
68	439364	709942	709775	445541
69	441802	718002	707276	437473
70	442687	714307	708900	438554
71	436569	712312	715442	440120
72	437067	718763	708497	440020
73	448825	704396	713234	437945
74	437797	710810	712939	443047
75	440933	714666	711562	437302
76	445534	712814	710043	435938
77	440424	710297	706792	446588
78	437230	712224	713644	441166
79	441628	708569	712948	440939
80	441097	711293	707065	444777
81	440876	712724	708728	441874
82	445582	709921	707501	441205
83	441898	705918	709615	446804
84	436733	719125	708753	439673
85	444813	703766	715593	440164
86	435983	711008	710033	447275
87	443297	709179	712585	439219
88	447006	703448	711917	442030
89	440478	712818	708183	442580
90	439375	712800	709485	442743
91	445070	704851	713088	441278
92	440743	708126	709552	445687
93	442703	710073	709001	442395
94	442412	704698	713750	443321
95	436122	708532	711118	448398
96	442476	714674	709892	437236
97	448785	706135	705766	443124
98	446006	706464	708145	443372
99	445863	711019	707027	440327
100	448996	704226	709788	441215
101	445040	704409	708357	446363
>>END_MODULE
>>Per base GC content	fail
#Base	%GC
1	57.401705650781324
2	31.087249521245596
3	33.80568451965367
4	32.7911777205353
5	19.69779429908078
6	32.72070956290658
7	34.272918987623925
8	33.7408108323764
9	53.85906025716082
10	32.57309355706439
11	42.19701532925438
12	35.48698489792821
13	42.69127626210763
14	43.71802855551951
15	39.60203768776992
16	36.97011406923253
17	35.86195023224691
18	35.95944781516822
19	36.51735921387002
20	37.20970774760273
21	37.19069836827249
22	37.713616882319954
23	37.51559588307717
24	37.29682447716455
25	37.79423614176937
26	37.60691655748959
27	37.515346242897145
28	37.64642413093096
29	37.79465170882162
30	37.36950000498733
31	37.76558350850609
32	37.63859018678477
33	37.69865794078806
34	37.880127091409186
35	37.813999138656
36	37.92287901236281
37	37.741484135844395
38	37.891431446366305
39	38.003428186773725
40	37.82829485559516
41	38.00153121089285
42	37.56581878152134
43	38.00548753375484
44	37.99304472771098
45	37.885702783159616
46	38.01052172155009
47	37.82563893414439
48	38.01817523866716
49	38.00130262855863
50	38.037266627961166
51	37.69574463561308
52	38.14537397910435
53	38.02860352473944
54	37.84887194329628
55	37.969179689974546
56	38.22970615428603
57	38.059204460402
58	38.33671399594321
59	38.0813910604684
60	37.81507719182389
61	38.16505258371152
62	38.099304703050535
63	38.03248965875183
64	38.005516919377214
65	38.208847069237464
66	38.04806554637235
67	38.12592908212544
68	38.39696922098288
69	38.15381985139851
70	38.240871566639825
71	38.04342307446962
72	38.06227968270404
73	38.48160041659434
74	38.22123906477196
75	38.11018011571459
76	38.25287100930466
77	38.49709713246077
78	38.12045841969496
79	38.304462858124964
80	38.445521110721494
81	38.31044326842872
82	38.48552800548909
83	38.568201594021446
84	38.03376667112214
85	38.40485936078766
86	38.33087633158718
87	38.29899144201225
88	38.5799172973801
89	38.326188695688785
90	38.27967590738252
91	38.46517382600344
92	38.47172094363632
93	38.41284418003517
94	38.44025274056161
95	38.387792567388686
96	38.1773379774489
97	38.71452072870593
98	38.60169349913867
99	38.459168244919354
100	38.633857370699474
101	38.68652863570337
>>END_MODULE
>>Per sequence GC content	pass
#GC Content	Count
0	1.5
1	2.0
2	3.0
3	6.0
4	11.0
5	20.5
6	34.5
7	47.5
8	62.0
9	84.0
10	115.0
11	158.5
12	215.5
13	329.0
14	465.0
15	611.5
16	786.5
17	970.0
18	1297.0
19	1897.0
20	2713.5
21	4050.5
22	5860.5
23	8239.5
24	12306.0
25	18392.0
26	26171.5
27	35379.5
28	46969.5
29	60451.5
30	75282.0
31	90173.5
32	103416.5
33	115830.5
34	127069.0
35	134620.0
36	139674.5
37	141412.0
38	137602.0
39	131993.5
40	124903.5
41	114791.5
42	105477.5
43	93937.0
44	80683.0
45	68810.0
46	57954.0
47	48728.5
48	40192.0
49	33360.5
50	26838.5
51	20904.5
52	15951.0
53	12342.0
54	9848.5
55	8174.5
56	5855.0
57	3460.0
58	2447.5
59	1650.5
60	1058.5
61	825.5
62	694.0
63	549.0
64	405.5
65	275.5
66	179.0
67	123.0
68	94.0
69	74.0
70	59.5
71	41.5
72	40.0
73	33.5
74	25.5
75	30.5
76	38.0
77	34.5
78	28.0
79	25.5
80	21.5
81	17.5
82	12.5
83	12.5
84	16.0
85	11.5
86	6.0
87	6.0
88	7.5
89	8.0
90	6.0
91	3.5
92	3.0
93	5.0
94	6.0
95	7.5
96	7.5
97	7.0
98	11.0
99	23.0
100	66.5
>>END_MODULE
>>Per base N content	pass
#Base	N-Count
1	8.673087063917183E-5
2	0.0
3	8.673087063917183E-5
4	1.7346174127834366E-4
5	2.1682717659792953E-4
6	4.3365435319585916E-5
7	1.3009630595875774E-4
8	3.4692348255668733E-4
9	0.0014744248008659211
10	4.3365435319585916E-5
11	4.3365435319585916E-5
12	3.9028891787627317E-4
13	0.0
14	8.673087063917181E-4
15	0.0016045211068246787
16	6.938469651133747E-4
17	0.001431059365546335
18	7.372124004329606E-4
19	1.7346174127834366E-4
20	0.0013876939302267493
21	9.97405012350476E-4
22	0.0019514445893813659
23	0.0037727928728039746
24	0.004163081790680248
25	0.004249812661319419
26	0.004206447225999834
27	0.0019514445893813659
28	0.004206447225999834
29	0.005464044850267825
30	0.0061145263800616145
31	0.007155296827731676
32	0.007588951180927534
33	0.008629721628597596
34	0.01049443534733979
35	0.012359149066081985
36	0.015611556715050927
37	0.015004440620576726
38	0.014917709749937553
39	0.016999250645277676
40	0.027103397074741194
41	0.02684320446282368
42	0.026062626627071133
43	0.03291436540756571
44	0.042064472259998334
45	0.03928908439954484
46	0.045013321861730175
47	0.05069419388859593
48	0.05680872026865754
49	0.0612753601065749
50	0.060798340318059446
51	0.060147858788265667
52	0.06027795509422442
53	0.05650516222142044
54	0.04731168993366823
55	0.05507410285587411
56	0.049219769087730014
57	0.054597083067358665
58	0.052428811301379365
59	0.052472176736698954
60	0.0551174682911937
61	0.059540742693791456
62	0.06509151841469846
63	0.07025200521772917
64	0.06231613055424495
65	0.05980093530570897
66	0.050867655629874275
67	0.05594141156226583
68	0.05906372290527601
69	0.06205593794232744
70	0.06660930865088396
71	0.0668261358274819
72	0.07098921761816214
73	0.06869084954622409
74	0.060321320529544004
75	0.06595882712109018
76	0.07176979545391468
77	0.08165711470678028
78	0.07458854874968776
79	0.08239432710721323
80	0.07597624267991451
81	0.0772772057395021
82	0.076973647692265
83	0.07584614637395576
84	0.07372124004329605
85	0.07146623740667758
86	0.07307075851350225
87	0.0738947017845744
88	0.0686474841109045
89	0.08347846299020288
90	0.06856075324026532
91	0.07359114373733729
92	0.08135355665954316
93	0.07857816879908967
94	0.0781878798812134
95	0.07866489966972884
96	0.07398143265521356
97	0.09427645638477977
98	0.08660077433321307
99	0.07580278093863617
100	0.07627980072715161
101	0.07870826510504843
>>END_MODULE
>>Sequence Length Distribution	pass
#Length	Count
101	2305984.0
>>END_MODULE
>>Sequence Duplication Levels	warn
#Total Duplicate Percentage	38.78362499944154
#Duplication Level	Relative count
1	100.0
2	24.497883520653918
3	8.244051963217048
4	3.4199386950810102
5	1.7252955772879872
6	1.030506495402131
7	0.7444168734491315
8	0.545175886731864
9	0.4444606626769815
10++	5.3123631586629685
>>END_MODULE
>>Overrepresented sequences	pass
>>END_MODULE
>>Kmer Content	warn
#Sequence	Count	Obs/Exp Overall	Obs/Exp Max	Max Obs/Exp Position
ACCAT	314605	1.3323159	5.047315	8
ATACC	273920	1.1600196	6.244604	6
GTCTT	268315	1.1229436	5.132702	1
GTCCA	155020	1.069407	5.1821704	1
ATATA	678220	1.0664611	5.95969	1
GTATT	413535	1.0561556	7.4780364	1
TATAT	669815	1.0501633	5.3981495	2
AATAC	391850	1.012661	5.661506	5
ATACA	384335	0.99323994	5.14547	6
TACTG	229760	0.9644059	5.1497765	7
TATTA	600885	0.9420921	6.4713078	2
TAATA	598230	0.9406815	5.3143587	4
ATACT	358090	0.9227074	6.205231	6
TATAC	340405	0.87713766	7.2515993	5
GTATA	323805	0.82941455	8.752844	1
TATAA	505750	0.79526216	5.4592752	2
>>END_MODULE
