##FastQC	0.8.0
>>Basic Statistics	pass
#Measure	Value	
Filename	1_140716_AH9BY4ADXX_P1260_1018_2.fastq.gz	
File type	Conventional base calls	
Total Sequences	2628541	
Sequence length	101	
%GC	39	
>>END_MODULE
>>Per base sequence quality	pass
#Base	Mean	Median	Lower Quartile	Upper Quartile	10th Percentile	90th Percentile
1	31.975490966281296	33.0	33.0	33.0	33.0	33.0
2	31.952660049814707	33.0	33.0	33.0	33.0	33.0
3	32.007469162550635	33.0	33.0	33.0	33.0	33.0
4	35.83224686242292	37.0	37.0	37.0	33.0	37.0
5	35.85462011054802	37.0	37.0	37.0	33.0	37.0
6	35.895510475202784	37.0	37.0	37.0	33.0	37.0
7	35.812624570056165	37.0	37.0	37.0	33.0	37.0
8	35.79668416813738	37.0	37.0	37.0	33.0	37.0
9	35.78475473656298	37.0	37.0	37.0	33.0	37.0
10	35.782616668334256	37.0	37.0	37.0	33.0	37.0
11	35.80372153221121	37.0	37.0	37.0	33.0	37.0
12	35.7655821233148	37.0	37.0	37.0	33.0	37.0
13	35.75247028674843	37.0	37.0	37.0	33.0	37.0
14	37.688987540997076	40.0	37.0	40.0	33.0	40.0
15	37.74210217759586	40.0	37.0	40.0	33.0	40.0
16	37.72171406114647	40.0	37.0	40.0	33.0	40.0
17	37.687239803373814	40.0	37.0	40.0	33.0	40.0
18	37.588580889550514	40.0	37.0	40.0	33.0	40.0
19	37.70041098845329	40.0	37.0	40.0	33.0	40.0
20	37.68353166262197	40.0	37.0	40.0	33.0	40.0
21	37.66523253774623	40.0	37.0	40.0	33.0	40.0
22	37.63118969801118	40.0	37.0	40.0	33.0	40.0
23	37.60208648067502	40.0	37.0	40.0	33.0	40.0
24	37.575375464944244	40.0	37.0	40.0	33.0	40.0
25	37.54373091384156	40.0	37.0	40.0	33.0	40.0
26	37.535638591903265	40.0	37.0	40.0	33.0	40.0
27	37.53114370291352	40.0	37.0	40.0	33.0	40.0
28	37.48153519385849	40.0	37.0	40.0	33.0	40.0
29	37.44682658554689	40.0	37.0	40.0	33.0	40.0
30	37.38586957555541	40.0	37.0	40.0	33.0	40.0
31	37.398316404423596	40.0	37.0	40.0	33.0	40.0
32	37.375733153867486	40.0	37.0	40.0	33.0	40.0
33	37.342269342574454	40.0	37.0	40.0	33.0	40.0
34	37.29885057908551	40.0	37.0	40.0	33.0	40.0
35	37.25286270976941	40.0	37.0	40.0	33.0	40.0
36	37.22780508274362	40.0	37.0	40.0	33.0	40.0
37	37.21600423961429	40.0	37.0	40.0	33.0	40.0
38	37.182382165619636	40.0	37.0	40.0	33.0	40.0
39	37.12398817442833	40.0	37.0	40.0	33.0	40.0
40	37.10043328218963	40.0	37.0	40.0	33.0	40.0
41	37.0420339648497	40.0	37.0	40.0	33.0	40.0
42	37.029860291317505	40.0	37.0	40.0	33.0	40.0
43	36.95012252044005	40.0	37.0	40.0	33.0	40.0
44	36.869741046458856	40.0	37.0	40.0	33.0	40.0
45	36.81915176518076	40.0	37.0	40.0	33.0	40.0
46	36.75482786838782	40.0	37.0	40.0	33.0	40.0
47	36.71065735706615	40.0	37.0	40.0	33.0	40.0
48	36.606175821491846	40.0	37.0	40.0	33.0	40.0
49	36.57145047385603	40.0	37.0	40.0	33.0	40.0
50	36.529555369309435	40.0	37.0	40.0	33.0	40.0
51	36.467231821759675	40.0	37.0	40.0	33.0	40.0
52	36.4031335254044	40.0	37.0	40.0	33.0	40.0
53	36.343885448239156	40.0	37.0	40.0	33.0	40.0
54	36.25281667662783	40.0	37.0	40.0	33.0	40.0
55	36.18785402244058	37.0	37.0	40.0	33.0	40.0
56	36.102944180821225	37.0	37.0	40.0	33.0	40.0
57	35.99467499270508	37.0	37.0	40.0	33.0	40.0
58	35.926038817731964	37.0	37.0	40.0	33.0	40.0
59	35.84838775579304	37.0	37.0	40.0	33.0	40.0
60	35.74148662699193	37.0	37.0	40.0	27.0	40.0
61	35.62459858910323	37.0	37.0	40.0	27.0	40.0
62	35.50598335730734	37.0	37.0	40.0	27.0	40.0
63	35.401186818086536	37.0	37.0	40.0	27.0	40.0
64	35.280396235021634	37.0	37.0	40.0	27.0	40.0
65	35.13029661702062	37.0	37.0	40.0	27.0	40.0
66	35.005795991007936	37.0	33.0	40.0	27.0	40.0
67	34.85359216386581	37.0	33.0	40.0	27.0	40.0
68	34.70911239352934	37.0	33.0	37.0	27.0	40.0
69	34.584103120324166	37.0	33.0	37.0	27.0	40.0
70	34.42959269039365	37.0	33.0	37.0	27.0	40.0
71	34.27326946773895	37.0	33.0	37.0	27.0	40.0
72	34.087775309572876	37.0	33.0	37.0	27.0	40.0
73	33.95753651930862	37.0	33.0	37.0	27.0	40.0
74	33.820795642906084	37.0	33.0	37.0	27.0	40.0
75	33.67466096210788	37.0	33.0	37.0	27.0	37.0
76	33.552085738818604	37.0	33.0	37.0	27.0	37.0
77	33.4217206427444	37.0	33.0	37.0	27.0	37.0
78	33.28515058353665	37.0	33.0	37.0	27.0	37.0
79	33.16252590315312	37.0	33.0	37.0	27.0	37.0
80	33.05531395553655	37.0	33.0	37.0	27.0	37.0
81	32.93401891011021	37.0	33.0	37.0	27.0	37.0
82	32.82597684418847	37.0	33.0	37.0	27.0	37.0
83	32.95519605743262	37.0	33.0	37.0	27.0	37.0
84	32.97163711732098	37.0	33.0	37.0	27.0	37.0
85	32.91531347618317	37.0	33.0	37.0	27.0	37.0
86	32.85730981559732	37.0	33.0	37.0	27.0	37.0
87	32.79679753901499	37.0	33.0	37.0	27.0	37.0
88	32.743776110016924	37.0	33.0	37.0	27.0	37.0
89	32.84853118136639	37.0	33.0	37.0	27.0	37.0
90	32.85308998413949	37.0	33.0	37.0	27.0	37.0
91	32.82253082603619	37.0	33.0	37.0	27.0	37.0
92	32.781805952427604	37.0	33.0	37.0	27.0	37.0
93	32.70043419524367	37.0	33.0	37.0	27.0	37.0
94	32.678437581913315	37.0	33.0	37.0	27.0	37.0
95	32.64881582596581	37.0	33.0	37.0	27.0	37.0
96	32.57373425029322	37.0	33.0	37.0	27.0	37.0
97	32.50605792338792	37.0	33.0	37.0	27.0	37.0
98	32.43159380051519	37.0	33.0	37.0	27.0	37.0
99	32.39021190843133	37.0	33.0	37.0	27.0	37.0
100	32.309298580467264	37.0	33.0	37.0	27.0	37.0
101	31.873867670315967	37.0	33.0	37.0	22.0	37.0
>>END_MODULE
>>Per sequence quality scores	pass
#Quality	Count
2	22334.0
3	4700.0
4	3367.0
5	2903.0
6	2700.0
7	2943.0
8	3291.0
9	3547.0
10	3971.0
11	4001.0
12	4346.0
13	4612.0
14	5098.0
15	5462.0
16	5472.0
17	5663.0
18	5620.0
19	5653.0
20	5793.0
21	6162.0
22	6808.0
23	8252.0
24	9687.0
25	11935.0
26	15022.0
27	18745.0
28	23386.0
29	29164.0
30	37407.0
31	48560.0
32	64460.0
33	87943.0
34	124178.0
35	184086.0
36	323679.0
37	795759.0
38	731104.0
39	728.0
>>END_MODULE
>>Per base sequence content	fail
#Base	G	A	T	C
1	963359	665632	399301	600241
2	340788	586310	1178780	522660
3	391268	811404	868200	557666
4	295840	522206	1170192	640297
5	283752	1039164	1032625	272994
6	644499	1147858	542795	293389
7	563197	900646	768749	395948
8	519470	1053957	637402	417707
9	598566	482857	680668	866414
10	361498	778010	955048	533983
11	753009	721131	745252	409147
12	482989	717764	928462	499322
13	621054	651287	803336	552862
14	486309	625590	809791	706840
15	536777	861616	685008	545106
16	513162	865721	748969	500679
17	486342	840386	811746	490035
18	494736	838330	812257	483203
19	512145	824608	806754	485028
20	508421	811065	807785	501229
21	512797	804188	805578	505954
22	515188	796330	805545	511436
23	507566	802373	805304	513199
24	513498	806242	798392	510297
25	512551	797856	806572	511454
26	508640	802611	803123	514064
27	514660	808939	797281	507622
28	514814	803311	800675	509643
29	512384	806637	798551	510834
30	518251	807127	796354	506668
31	521233	797906	796581	512655
32	510839	799158	798118	520233
33	517127	800615	793136	517448
34	520265	794873	799238	513908
35	514613	799758	797895	515947
36	519380	802401	797375	508939
37	517907	800192	797264	512761
38	514345	800487	798890	514403
39	517124	803725	796875	510339
40	518417	797542	799985	511856
41	516493	797981	802216	511102
42	516101	802980	796928	511763
43	521740	793779	796173	515914
44	516991	793663	795126	521627
45	518225	799547	792972	516707
46	519760	795891	796053	515606
47	511838	799406	799055	516872
48	515592	802478	794838	514133
49	517412	794214	803217	512083
50	513908	795051	799463	518489
51	517421	800450	796987	512086
52	518130	793658	798786	516392
53	514195	798749	795772	518358
54	520748	798556	792930	515001
55	519141	793127	799336	515468
56	517174	792691	796005	521319
57	517625	798700	794249	516478
58	518544	791086	797744	519741
59	516825	790724	798637	520914
60	515899	798761	796179	516209
61	519738	792568	795927	518726
62	518565	793301	795699	519281
63	515733	799033	795677	516277
64	520991	791315	795049	519520
65	516188	793524	797123	520107
66	519407	797106	792685	517963
67	521187	791123	794827	519888
68	514918	793750	793952	524336
69	523344	796939	789015	517593
70	520601	791100	795761	519302
71	517576	794584	796110	518488
72	519939	799436	791075	516186
73	520717	791305	794272	520388
74	516955	792803	794420	522711
75	519710	797459	791966	517619
76	524522	792334	792179	517620
77	518051	794693	793084	520547
78	522909	796775	789314	517563
79	521470	793252	792178	519463
80	518476	791431	791621	524989
81	522393	798514	789360	516239
82	522545	789929	793538	520492
83	519433	793236	792713	521134
84	520437	798561	789976	517609
85	523626	788429	794635	519929
86	521810	791606	792952	520179
87	522366	796474	790734	516989
88	524497	788290	794434	519464
89	517822	792873	793264	522382
90	520871	793228	791874	520682
91	525350	790012	792988	518225
92	521181	792188	792581	520438
93	524853	795894	785946	519775
94	525581	789216	793150	518486
95	521346	790062	790523	524529
96	525562	794665	788322	518000
97	523742	787208	789833	525253
98	524472	789614	789414	522753
99	525035	793357	787464	520640
100	527047	788659	791832	518914
101	523970	791451	787552	523471
>>END_MODULE
>>Per base GC content	fail
#Base	%GC
1	59.48565226306841
2	32.84898297076169
3	36.101209113202856
4	35.61440117784241
5	21.180847886750602
6	35.68093478473419
7	36.48964824579424
8	35.653953379371636
9	55.73434328639284
10	34.067632247419574
11	44.2130019756222
12	37.37101665298986
13	44.66039879948519
14	45.39225346486439
15	41.159601248921916
16	38.57063127655713
17	37.1456593833234
18	37.2048440837184
19	37.93645509761141
20	38.411641620696216
21	38.7576340575313
22	39.05742402793381
23	38.83536330647585
24	38.95083336852546
25	38.95876364358536
26	38.90919245574748
27	38.892190304591736
28	38.97581191602785
29	38.929221741237846
30	38.9940267843555
31	39.33563513577781
32	39.22889967386358
33	39.36250678188322
34	39.34784064431393
35	39.21143377648615
36	39.12792345786587
37	39.21687104565842
38	39.14380023781213
39	39.0958283724553
40	39.20667478499125
41	39.10488349153967
42	39.11541792819164
43	39.49047155471558
44	39.530152732332674
45	39.389202691125355
46	39.40783539057058
47	39.1565680345893
48	39.19714233618737
49	39.19010280457082
50	39.3007985424706
51	39.1902910758661
52	39.38086751027611
53	39.304298242074644
54	39.42353843489448
55	39.382590199278894
56	39.5286749449697
57	39.363628888959944
58	39.52187094969196
59	39.50131323512618
60	39.28774807312238
61	39.531031888963625
62	39.50920609735021
63	39.28892306755193
64	39.61022127052106
65	39.448720222981706
66	39.48635047490428
67	39.62942872641106
68	39.56114986318766
69	39.626196899681034
70	39.58874874179789
71	39.44268942932695
72	39.44684379563822
73	39.63574578117945
74	39.5778428399525
75	39.4909077896141
76	39.67563307705047
77	39.544924087382796
78	39.61347176022183
79	39.63401098781851
80	39.72808856748309
81	39.54424623435088
82	39.71198977804717
83	39.61776741508523
84	39.520776613569794
85	39.72997225711076
86	39.671439346031114
87	39.57091453736309
88	39.7444307178059
89	39.60658574038939
90	39.65320911958366
91	39.731399255684686
92	39.65975324285672
93	39.773109742818114
94	39.75227999343596
95	39.82070924362069
96	39.73129760762126
97	39.94594895119488
98	39.87525192736572
99	39.81254873413095
100	39.82410491415796
101	39.88057617067031
>>END_MODULE
>>Per sequence GC content	pass
#GC Content	Count
0	10.5
1	18.5
2	34.0
3	53.5
4	64.5
5	68.5
6	65.0
7	72.5
8	96.0
9	126.5
10	156.0
11	162.5
12	186.0
13	236.5
14	284.5
15	329.5
16	374.0
17	456.5
18	616.0
19	833.0
20	1189.5
21	1793.0
22	2672.5
23	3967.0
24	6173.0
25	9597.0
26	14818.0
27	21771.5
28	30416.5
29	41803.5
30	56437.0
31	73590.5
32	91914.0
33	109915.0
34	126893.5
35	142210.0
36	154722.0
37	164412.5
38	169708.0
39	169131.0
40	164043.5
41	155593.0
42	144662.5
43	131994.5
44	116395.5
45	99138.5
46	83909.5
47	70364.0
48	58425.0
49	48436.5
50	40018.0
51	31427.5
52	23680.5
53	17483.0
54	12460.0
55	9283.0
56	6612.0
57	4580.5
58	3083.5
59	2370.0
60	1710.0
61	1134.0
62	972.5
63	712.0
64	474.5
65	361.0
66	254.5
67	177.0
68	133.5
69	105.5
70	99.0
71	97.0
72	78.5
73	66.5
74	57.5
75	47.0
76	37.0
77	35.0
78	43.0
79	35.5
80	32.5
81	34.0
82	30.5
83	30.5
84	22.0
85	17.5
86	19.5
87	25.0
88	25.5
89	20.0
90	17.5
91	15.0
92	14.5
93	14.0
94	11.0
95	9.0
96	11.0
97	13.0
98	14.5
99	29.0
100	91.5
>>END_MODULE
>>Per base N content	pass
#Base	N-Count
1	3.0435134928464115E-4
2	1.1413175598174045E-4
3	1.1413175598174045E-4
4	2.282635119634809E-4
5	2.282635119634809E-4
6	0.0
7	3.8043918660580144E-5
8	1.9021959330290075E-4
9	0.0013695810717808852
10	7.608783732116029E-5
11	7.608783732116029E-5
12	1.5217567464232058E-4
13	7.608783732116029E-5
14	4.184831052663816E-4
15	0.001293493234459725
16	3.804391866058015E-4
17	0.0012174053971385646
18	5.706587799087022E-4
19	2.282635119634809E-4
20	0.0015598006650837863
21	9.130540478539236E-4
22	0.0015978445837443662
23	0.0037663479473974346
24	0.004260918889984977
25	0.004108743215342656
26	0.003918523622039755
27	0.0014837128277626257
28	0.0037283040287368545
29	0.00513592901917832
30	0.005364192531141801
31	0.0063152904976563045
32	0.007342476301491969
33	0.00817944251202473
34	0.009777287095769098
35	0.01247840532067029
36	0.016967587722618745
37	0.01586431408146192
38	0.015826270162801342
39	0.01818499311975731
40	0.02819054372748989
41	0.028494895076774527
42	0.02925577344998613
43	0.03557106394764244
44	0.043141803761097886
45	0.04146787134003236
46	0.04683206387117416
47	0.05212016856499481
48	0.05706587799087022
49	0.061440928636836936
50	0.06201158741674564
51	0.060756138100946495
52	0.05991917189041373
53	0.05581042867507108
54	0.04968535777071767
55	0.05588651651239223
56	0.05143537802910436
57	0.05664739488560384
58	0.054250628009987284
59	0.05482128678989599
60	0.05679957056024616
61	0.06018547932103779
62	0.06448444212968335
63	0.06927797588091646
64	0.06338116848852653
65	0.06083222593826766
66	0.052500607751600606
67	0.057674580689439495
68	0.06029961107701954
69	0.06277246578995725
70	0.06760404345985092
71	0.0678323069718144
72	0.07247366504840519
73	0.0707236447900185
74	0.0628485536272784
75	0.06798448264645672
76	0.07175083059385416
77	0.0824031278188166
78	0.07532695894794869
79	0.08285965484274356
80	0.07700089136901422
81	0.0774193744742806
82	0.07749546231160176
83	0.0770389352876748
84	0.07448999273741592
85	0.07312041166563504
86	0.0758595738091968
87	0.07525087111062753
88	0.07060951303403676
89	0.08369662105327633
90	0.07175083059385416
91	0.07479434408670058
92	0.08190855687622906
93	0.07886504338338264
94	0.08019658053650296
95	0.07916939473266728
96	0.07578348597187566
97	0.09530001624475327
98	0.08704448589540738
99	0.0777998136608864
100	0.07947374608195193
101	0.07977809743123657
>>END_MODULE
>>Sequence Length Distribution	pass
#Length	Count
101	2628541.0
>>END_MODULE
>>Sequence Duplication Levels	warn
#Total Duplicate Percentage	33.83614482859558
#Duplication Level	Relative count
1	100.0
2	24.34476705603642
3	8.183900500210502
4	3.171805538707445
5	1.569847510721345
6	0.8248835101790339
7	0.5608637015577169
8	0.3803312378247622
9	0.3617784945162372
10++	3.3152325158233493
>>END_MODULE
>>Overrepresented sequences	pass
>>END_MODULE
>>Kmer Content	warn
#Sequence	Count	Obs/Exp Overall	Obs/Exp Max	Max Obs/Exp Position
GTCTT	303975	1.1081713	5.1534295	1
GTATT	386065	0.9150161	6.418645	1
TATAC	336300	0.80464524	6.105265	5
ATACT	327340	0.7832072	5.2014194	6
TATTA	478545	0.74073315	5.090944	2
GTATA	299800	0.71406496	7.5272765	1
GTGTA	186310	0.6794719	5.0643735	1
>>END_MODULE
