##FastQC	0.8.0
>>Basic Statistics	pass
#Measure	Value	
Filename	1_140716_AH9BY4ADXX_P1260_1011_1.fastq.gz	
File type	Conventional base calls	
Total Sequences	768699	
Sequence length	101	
%GC	37	
>>END_MODULE
>>Per base sequence quality	pass
#Base	Mean	Median	Lower Quartile	Upper Quartile	10th Percentile	90th Percentile
1	32.791951075778684	33.0	33.0	33.0	33.0	33.0
2	32.803168730543426	33.0	33.0	33.0	33.0	33.0
3	32.8156144342584	33.0	33.0	33.0	33.0	33.0
4	36.762216420211296	37.0	37.0	37.0	37.0	37.0
5	36.70264433803088	37.0	37.0	37.0	37.0	37.0
6	36.68545425452616	37.0	37.0	37.0	37.0	37.0
7	36.63961836817792	37.0	37.0	37.0	37.0	37.0
8	36.63910321205049	37.0	37.0	37.0	37.0	37.0
9	36.619999505658264	37.0	37.0	37.0	37.0	37.0
10	36.622382753197286	37.0	37.0	37.0	37.0	37.0
11	36.633504141412956	37.0	37.0	37.0	37.0	37.0
12	36.61304619883725	37.0	37.0	37.0	37.0	37.0
13	36.612077028850045	37.0	37.0	37.0	37.0	37.0
14	38.81286043041555	40.0	37.0	40.0	37.0	40.0
15	38.83661485184708	40.0	37.0	40.0	37.0	40.0
16	38.84658884686984	40.0	37.0	40.0	37.0	40.0
17	38.83616864338317	40.0	37.0	40.0	37.0	40.0
18	38.845773183001405	40.0	37.0	40.0	37.0	40.0
19	38.88182500562639	40.0	40.0	40.0	37.0	40.0
20	38.878874565987466	40.0	40.0	40.0	37.0	40.0
21	38.858140832757684	40.0	37.0	40.0	37.0	40.0
22	38.86531659336099	40.0	37.0	40.0	37.0	40.0
23	38.8622581790792	40.0	37.0	40.0	37.0	40.0
24	38.845862945053916	40.0	37.0	40.0	37.0	40.0
25	38.82827998995706	40.0	37.0	40.0	37.0	40.0
26	38.785892787684126	40.0	37.0	40.0	37.0	40.0
27	38.77725351535516	40.0	37.0	40.0	37.0	40.0
28	38.78750720372994	40.0	37.0	40.0	37.0	40.0
29	38.775972129533145	40.0	37.0	40.0	37.0	40.0
30	38.76455023357647	40.0	37.0	40.0	37.0	40.0
31	38.758563494944056	40.0	37.0	40.0	37.0	40.0
32	38.73920611318604	40.0	37.0	40.0	37.0	40.0
33	38.71321674673702	40.0	37.0	40.0	37.0	40.0
34	38.71035086555336	40.0	37.0	40.0	37.0	40.0
35	38.70324145081495	40.0	37.0	40.0	37.0	40.0
36	38.69253895217764	40.0	37.0	40.0	37.0	40.0
37	38.67727419965422	40.0	37.0	40.0	37.0	40.0
38	38.65587700777547	40.0	37.0	40.0	37.0	40.0
39	38.641563212648904	40.0	37.0	40.0	37.0	40.0
40	38.639418029683924	40.0	37.0	40.0	37.0	40.0
41	38.625723462629715	40.0	37.0	40.0	37.0	40.0
42	38.59534226010441	40.0	37.0	40.0	37.0	40.0
43	38.59798959020371	40.0	37.0	40.0	37.0	40.0
44	38.56989406776905	40.0	37.0	40.0	37.0	40.0
45	38.54561278211628	40.0	37.0	40.0	37.0	40.0
46	38.55329199075321	40.0	37.0	40.0	37.0	40.0
47	38.52461626722553	40.0	37.0	40.0	37.0	40.0
48	38.50053011646951	40.0	37.0	40.0	37.0	40.0
49	38.485653031940984	40.0	37.0	40.0	37.0	40.0
50	38.452866466588354	40.0	37.0	40.0	37.0	40.0
51	38.406854958833044	40.0	37.0	40.0	37.0	40.0
52	38.37473185212938	40.0	37.0	40.0	37.0	40.0
53	38.34393045912639	40.0	37.0	40.0	37.0	40.0
54	38.29166682927908	40.0	37.0	40.0	37.0	40.0
55	38.22469132911582	40.0	37.0	40.0	37.0	40.0
56	38.18114112285823	40.0	37.0	40.0	37.0	40.0
57	38.13450648433262	40.0	37.0	40.0	37.0	40.0
58	38.071013491626765	40.0	37.0	40.0	37.0	40.0
59	38.01287890318577	40.0	37.0	40.0	37.0	40.0
60	37.95452706455973	40.0	37.0	40.0	33.0	40.0
61	37.84989573292017	40.0	37.0	40.0	33.0	40.0
62	37.770741213400825	40.0	37.0	40.0	33.0	40.0
63	37.68505357753815	40.0	37.0	40.0	33.0	40.0
64	37.59276127587001	37.0	37.0	40.0	33.0	40.0
65	37.4840308104993	37.0	37.0	40.0	33.0	40.0
66	37.43709696513199	37.0	37.0	40.0	33.0	40.0
67	37.349650513399915	37.0	37.0	40.0	33.0	40.0
68	37.25134935781105	37.0	37.0	40.0	33.0	40.0
69	37.13569810810213	37.0	37.0	40.0	33.0	40.0
70	37.0048718679223	37.0	37.0	40.0	33.0	40.0
71	36.86492892536611	37.0	37.0	40.0	33.0	40.0
72	36.730637089419915	37.0	37.0	40.0	33.0	40.0
73	36.61167375006342	37.0	37.0	37.0	33.0	40.0
74	36.572756046254774	37.0	37.0	37.0	33.0	40.0
75	36.49026862269887	37.0	37.0	37.0	33.0	40.0
76	36.34140801536102	37.0	37.0	37.0	33.0	40.0
77	36.23840801145832	37.0	37.0	37.0	33.0	40.0
78	36.13102918047246	37.0	37.0	37.0	33.0	40.0
79	36.03859898347728	37.0	37.0	37.0	33.0	37.0
80	35.94824632268287	37.0	37.0	37.0	33.0	37.0
81	35.860384884070356	37.0	37.0	37.0	33.0	37.0
82	35.76839569194184	37.0	37.0	37.0	33.0	37.0
83	35.7057612927817	37.0	37.0	37.0	33.0	37.0
84	35.63699185246761	37.0	37.0	37.0	33.0	37.0
85	35.57930347249053	37.0	37.0	37.0	33.0	37.0
86	35.5231436492047	37.0	37.0	37.0	33.0	37.0
87	35.46849937361698	37.0	37.0	37.0	33.0	37.0
88	35.43672230613023	37.0	37.0	37.0	33.0	37.0
89	35.3922328505696	37.0	37.0	37.0	33.0	37.0
90	35.359134069382165	37.0	33.0	37.0	33.0	37.0
91	35.32371968741991	37.0	33.0	37.0	33.0	37.0
92	35.28762233331902	37.0	33.0	37.0	33.0	37.0
93	35.23453523420741	37.0	33.0	37.0	33.0	37.0
94	35.21746223164073	37.0	33.0	37.0	33.0	37.0
95	35.18734120897776	37.0	33.0	37.0	33.0	37.0
96	35.16919756627757	37.0	33.0	37.0	33.0	37.0
97	35.15701074152562	37.0	33.0	37.0	33.0	37.0
98	35.11070392962655	37.0	33.0	37.0	33.0	37.0
99	35.076232699665276	37.0	33.0	37.0	33.0	37.0
100	35.03767404406666	37.0	33.0	37.0	33.0	37.0
101	34.62292652910957	37.0	33.0	37.0	33.0	37.0
>>END_MODULE
>>Per sequence quality scores	pass
#Quality	Count
6	2.0
7	2.0
8	19.0
9	25.0
10	56.0
11	74.0
12	116.0
13	107.0
14	143.0
15	134.0
16	175.0
17	204.0
18	218.0
19	234.0
20	293.0
21	366.0
22	481.0
23	655.0
24	821.0
25	1177.0
26	1571.0
27	2147.0
28	2991.0
29	4208.0
30	5725.0
31	8025.0
32	11149.0
33	16264.0
34	24047.0
35	36508.0
36	62431.0
37	186699.0
38	399147.0
39	2485.0
>>END_MODULE
>>Per base sequence content	fail
#Base	G	A	T	C
1	258453	217594	118987	173431
2	92668	187188	341695	147148
3	94897	254323	263344	156135
4	75426	162124	357657	173492
5	75009	311031	309734	72830
6	171757	358541	160791	77610
7	154300	273089	239280	102030
8	142883	312291	196080	117445
9	166870	134906	212888	254035
10	98234	229987	292602	147876
11	205598	221979	227848	113274
12	131419	222650	279233	135397
13	171762	200482	242454	154001
14	134259	189404	248277	196759
15	149718	263214	205728	150039
16	142588	260485	227269	138357
17	134540	250730	246434	136992
18	136686	252387	244174	135359
19	142649	247038	243487	135525
20	142614	244582	241771	139732
21	142164	242288	242476	141771
22	142786	241073	242277	142563
23	141819	242640	240930	143310
24	142698	244129	239701	142171
25	143946	240321	241554	142878
26	143043	241974	240572	143110
27	143471	244409	238768	142050
28	144475	241337	240444	142441
29	143190	241315	240132	144055
30	143868	243195	239804	141826
31	144543	240805	240039	143294
32	143695	241842	239290	143844
33	143645	242562	238281	144180
34	144680	240676	239545	143761
35	143645	241488	238907	144604
36	144180	241505	239161	143784
37	145519	239546	239798	143759
38	143754	240329	240170	144364
39	144484	242271	238062	143806
40	145414	239554	240337	143317
41	144133	239961	239635	144885
42	144567	240539	239090	144416
43	146279	237849	239972	144503
44	144449	239636	238961	145553
45	144864	240780	237699	145260
46	145071	238374	239821	145334
47	144519	239110	239031	145953
48	144002	239850	239077	145681
49	144955	238788	240572	144294
50	143012	239149	239635	146822
51	143068	239587	239745	146225
52	144552	238004	240391	145674
53	143317	238434	239253	147614
54	144788	239760	239107	144975
55	145926	237230	239816	145650
56	144084	238580	238690	147280
57	144377	239015	238561	146682
58	145579	236431	238376	148265
59	142795	237273	239700	148875
60	143996	239493	237465	147686
61	145301	236660	239223	147441
62	143684	237475	238037	149444
63	143109	239108	237616	148808
64	144752	236843	238637	148429
65	143967	238406	236667	149616
66	143706	237723	237523	149721
67	145267	236538	237553	149295
68	143956	237412	237307	149978
69	145333	238053	236260	149023
70	145714	237400	236319	149236
71	143246	237057	237673	150680
72	143392	238430	236970	149854
73	145498	236675	237458	149026
74	144107	236921	236449	151184
75	144514	237685	236194	150255
76	146582	236998	235827	149252
77	144439	236411	236302	151503
78	143938	238299	235896	150532
79	145908	236586	236414	149748
80	144783	236558	235461	151853
81	144093	238364	235089	151109
82	145212	235083	237947	150418
83	144194	236208	236774	151474
84	143011	237670	236823	151147
85	145174	234510	237830	151132
86	144764	235586	236441	151872
87	144832	237166	235445	151202
88	145849	236031	236893	149871
89	143916	234862	236909	152960
90	144089	236457	235780	152326
91	146271	233788	237228	151362
92	144909	234531	235882	153325
93	144692	235392	235711	152868
94	144395	234709	237371	152188
95	144423	234414	237018	152813
96	144669	235678	236546	151779
97	145795	233425	236893	152559
98	145600	233748	235689	153643
99	144881	234621	236068	153106
100	146687	232443	237630	151911
101	144738	233405	236881	153669
>>END_MODULE
>>Per base GC content	fail
#Base	%GC
1	56.20086796405822
2	31.197646933325007
3	32.65673560132119
4	32.38172548682904
5	19.23474246816306
6	32.44013586592411
7	33.34595205665677
8	33.866051601472094
9	54.75550247886364
10	32.01643296010532
11	41.48203653185447
12	34.71007507489928
13	42.37848624754293
14	43.06210883583822
15	38.99536749755106
16	36.548115712391976
17	35.32371704809184
18	35.394597492083065
19	36.18763651312152
20	36.73037170596033
21	36.937084606588535
22	37.12103176926209
23	37.09241198440482
24	37.058588602300766
25	37.312914417736984
26	37.225624073922305
27	37.143455557319
28	37.32497980348563
29	37.36802256300313
30	37.16620289244211
31	37.44557235055894
32	37.40729128586872
33	37.4446445019176
34	37.52507604122488
35	37.50097574429775
36	37.46457983685258
37	37.63592507110127
38	37.48524948056054
39	37.50733454502402
40	37.56475875007481
41	37.6024896762224
42	37.59803385843573
43	37.83253513192116
44	37.731248674536396
45	37.74692526570934
46	37.783632578714546
47	37.7917105227208
48	37.68920518858719
49	37.63278858301165
50	37.70845855808737
51	37.637729712148314
52	37.759311806468986
53	37.851182251781765
54	37.69863263208566
55	37.93490168119049
56	37.90672803961313
57	37.866997989943215
58	38.22853284520543
59	37.94609461089218
60	37.9478039134055
61	38.08645308180192
62	38.13592839300583
63	37.97832798406539
64	38.141781617644185
65	38.194328802481216
66	38.17318937961916
67	38.3218435366804
68	38.24014217078447
69	38.29424628806417
70	38.371522723044635
71	38.238952145042774
72	38.150982376802844
73	38.316700426848385
74	38.41628494225673
75	38.349023219991466
76	38.48702740747198
77	38.501278206737744
78	38.309276472845774
79	38.4640203159801
80	38.59156578699156
81	38.405006147101105
82	38.460437644732394
83	38.465881740714245
84	38.26938363444528
85	38.549085014427966
86	38.59116413825044
87	38.513748219268976
88	38.47294716409677
89	38.62319113975596
90	38.56296477469648
91	38.72157512726876
92	38.79986521771372
93	38.71137286431115
94	38.58426904898506
95	38.66897021861194
96	38.56625452728862
97	38.814214645518504
98	38.92946349586304
99	38.76626823264939
100	38.84600824019639
101	38.82004909632324
>>END_MODULE
>>Per sequence GC content	pass
#GC Content	Count
0	0.0
1	0.0
2	0.0
3	0.0
4	0.0
5	1.5
6	2.0
7	2.5
8	5.0
9	14.0
10	25.0
11	29.0
12	46.5
13	76.0
14	114.5
15	173.5
16	222.5
17	296.0
18	427.5
19	632.5
20	876.0
21	1240.0
22	1775.5
23	2522.5
24	3768.0
25	5709.5
26	8205.5
27	11482.5
28	15432.0
29	20000.5
30	25051.0
31	30328.0
32	35494.0
33	40293.5
34	44145.5
35	46675.0
36	47823.5
37	47739.0
38	46929.0
39	45117.5
40	42358.0
41	38616.0
42	34728.5
43	30677.0
44	26395.5
45	22326.0
46	18880.5
47	16060.5
48	13061.0
49	10240.5
50	8132.5
51	6332.5
52	4835.5
53	3628.5
54	2559.5
55	1864.5
56	1376.0
57	1063.5
58	849.5
59	623.0
60	402.0
61	260.5
62	207.0
63	167.5
64	109.5
65	89.0
66	67.0
67	41.5
68	26.5
69	12.0
70	9.0
71	6.0
72	3.0
73	4.0
74	3.5
75	3.0
76	1.5
77	0.5
78	0.5
79	0.0
80	0.0
81	0.0
82	0.5
83	0.5
84	0.0
85	0.0
86	0.0
87	0.0
88	0.0
89	0.0
90	0.0
91	0.0
92	0.0
93	0.0
94	0.0
95	0.0
96	0.0
97	0.0
98	0.0
99	0.0
100	0.0
>>END_MODULE
>>Per base N content	pass
#Base	N-Count
1	0.030441043893643674
2	0.0
3	0.0
4	0.0
5	0.012358543461094655
6	0.0
7	0.0
8	0.0
9	0.0
10	0.0
11	0.0
12	0.0
13	0.0
14	0.0
15	0.0
16	0.0
17	3.9026979350825227E-4
18	0.01209836359875582
19	0.0
20	0.0
21	0.0
22	0.0
23	0.0
24	0.0
25	0.0
26	0.0
27	1.3008993116941743E-4
28	2.6017986233883486E-4
29	9.106295181859219E-4
30	7.805395870165045E-4
31	0.0023416187610495135
32	0.0036425180727436878
33	0.00403278786625194
34	0.0048133274532684445
35	0.007154946214317957
36	0.008976205250689803
37	0.01001692470004514
38	0.010667374355892227
39	0.009886834768875724
40	0.01001692470004514
41	0.01105764414940048
42	0.011317824011739315
43	0.012488633392264073
44	0.013008993116941741
45	0.012488633392264073
46	0.012878903185772325
47	0.011187734080569898
48	0.01157800387407815
49	0.011708093805247568
50	0.010537284424722812
51	0.009626654906536889
52	0.010147014631214559
53	0.010537284424722812
54	0.008976205250689803
55	0.01001692470004514
56	0.008455845526012131
57	0.008325755594842716
58	0.006244316696132036
59	0.0072850361454873756
60	0.007675305938995628
61	0.009626654906536889
62	0.007675305938995628
63	0.00754521600782621
64	0.004943417384437862
65	0.005593867040284949
66	0.0033823382104048528
67	0.005984136833793201
68	0.005984136833793201
69	0.0039026979350825224
70	0.0039026979350825224
71	0.005593867040284949
72	0.006894766351979124
73	0.005463777109115531
74	0.004943417384437862
75	0.006634586489640289
76	0.005203597246776697
77	0.005723956971454367
78	0.004423057659760192
79	0.005593867040284949
80	0.005723956971454367
81	0.005723956971454367
82	0.0050735073156072796
83	0.006374406627301453
84	0.006244316696132036
85	0.006894766351979124
86	0.004683237522099027
87	0.0070248562831485405
88	0.007154946214317957
89	0.0067646764208097055
90	0.006114226764962618
91	0.0065044965584708705
92	0.0067646764208097055
93	0.004683237522099027
94	0.004683237522099027
95	0.00403278786625194
96	0.0035124281415742703
97	0.0035124281415742703
98	0.002471708692218931
99	0.0029920684168966006
100	0.0036425180727436878
101	7.805395870165045E-4
>>END_MODULE
>>Sequence Length Distribution	pass
#Length	Count
101	768699.0
>>END_MODULE
>>Sequence Duplication Levels	pass
#Total Duplicate Percentage	15.23422441568824
#Duplication Level	Relative count
1	100.0
2	8.254495842433567
3	1.4962747531006293
4	0.6686916438809942
5	0.40649265337518037
6	0.3026236742668815
7	0.24198664862528002
8	0.167874728396656
9	0.12071259734207704
10++	0.6316356837666822
>>END_MODULE
>>Overrepresented sequences	pass
>>END_MODULE
>>Kmer Content	warn
#Sequence	Count	Obs/Exp Overall	Obs/Exp Max	Max Obs/Exp Position
ATACC	86640	1.0706005	5.415299	6
GTATT	128705	0.9942662	6.6152267	1
TATAC	128580	0.974721	5.982068	5
AATAC	126310	0.96082324	5.615711	5
ATATA	198150	0.9246934	5.2236595	1
TAATA	189000	0.8819937	5.03102	4
TATTA	187085	0.87004924	6.0650883	2
ATACT	103985	0.78827477	5.247045	6
TATAA	157505	0.7350181	5.0041404	2
GTATA	93375	0.7238302	6.89484	1
>>END_MODULE
