##FastQC	0.8.0
>>Basic Statistics	pass
#Measure	Value	
Filename	8_140619_BC47HDACXX_P1260_1013_1.fastq.gz	
File type	Conventional base calls	
Total Sequences	2736996	
Sequence length	101	
%GC	37	
>>END_MODULE
>>Per base sequence quality	pass
#Base	Mean	Median	Lower Quartile	Upper Quartile	10th Percentile	90th Percentile
1	32.70515923296929	33.0	33.0	33.0	33.0	33.0
2	32.76982611593148	33.0	33.0	33.0	33.0	33.0
3	32.7626752103401	33.0	33.0	33.0	33.0	33.0
4	36.715447519835614	37.0	37.0	37.0	37.0	37.0
5	36.62574552538623	37.0	37.0	37.0	37.0	37.0
6	36.606544547379684	37.0	37.0	37.0	37.0	37.0
7	36.57262743533421	37.0	37.0	37.0	37.0	37.0
8	36.56199424478516	37.0	37.0	37.0	37.0	37.0
9	36.525658422591775	37.0	37.0	37.0	37.0	37.0
10	36.5294739195819	37.0	37.0	37.0	37.0	37.0
11	36.55370048038068	37.0	37.0	37.0	37.0	37.0
12	36.51875925284509	37.0	37.0	37.0	37.0	37.0
13	36.52896752497994	37.0	37.0	37.0	37.0	37.0
14	38.62365454680971	40.0	37.0	40.0	37.0	40.0
15	38.63876454331683	40.0	37.0	40.0	37.0	40.0
16	38.62214011273674	40.0	37.0	40.0	37.0	40.0
17	38.60928550863794	40.0	37.0	40.0	37.0	40.0
18	38.60887630087878	40.0	37.0	40.0	37.0	40.0
19	38.641520849866055	40.0	37.0	40.0	37.0	40.0
20	38.618494510039476	40.0	37.0	40.0	37.0	40.0
21	38.58984850544173	40.0	37.0	40.0	37.0	40.0
22	38.55615390011531	40.0	37.0	40.0	37.0	40.0
23	38.538545909456936	40.0	37.0	40.0	37.0	40.0
24	38.52957147178878	40.0	37.0	40.0	37.0	40.0
25	38.49397295429003	40.0	37.0	40.0	37.0	40.0
26	38.44380590983692	40.0	37.0	40.0	37.0	40.0
27	38.41505468038682	40.0	37.0	40.0	37.0	40.0
28	38.4077707822737	40.0	37.0	40.0	37.0	40.0
29	38.381158394093376	40.0	37.0	40.0	37.0	40.0
30	38.36553579179509	40.0	37.0	40.0	37.0	40.0
31	38.3358810169982	40.0	37.0	40.0	37.0	40.0
32	38.3228718638975	40.0	37.0	40.0	37.0	40.0
33	38.2896069267182	40.0	37.0	40.0	37.0	40.0
34	38.27420281213418	40.0	37.0	40.0	37.0	40.0
35	38.24754475344502	40.0	37.0	40.0	37.0	40.0
36	38.19818370213183	40.0	37.0	40.0	37.0	40.0
37	38.29504610163844	40.0	37.0	40.0	37.0	40.0
38	38.310180212174224	40.0	37.0	40.0	37.0	40.0
39	38.29913379486123	40.0	37.0	40.0	37.0	40.0
40	38.26812169254175	40.0	37.0	40.0	37.0	40.0
41	38.25933066763707	40.0	37.0	40.0	37.0	40.0
42	38.253279873262514	40.0	37.0	40.0	37.0	40.0
43	38.20942449313043	40.0	37.0	40.0	37.0	40.0
44	38.181945096010374	40.0	37.0	40.0	37.0	40.0
45	38.16561734105567	40.0	37.0	40.0	37.0	40.0
46	38.12036298189694	40.0	37.0	40.0	37.0	40.0
47	38.09848534670858	40.0	37.0	40.0	37.0	40.0
48	38.061264612736004	40.0	37.0	40.0	37.0	40.0
49	38.02687033521423	40.0	37.0	40.0	33.0	40.0
50	38.07210752226163	40.0	37.0	40.0	37.0	40.0
51	38.069467766850956	40.0	37.0	40.0	37.0	40.0
52	38.03613304513416	40.0	37.0	40.0	37.0	40.0
53	38.00350420680191	40.0	37.0	40.0	33.0	40.0
54	37.94629513525047	40.0	37.0	40.0	33.0	40.0
55	37.891927500076726	40.0	37.0	40.0	33.0	40.0
56	37.82475421958965	40.0	37.0	40.0	33.0	40.0
57	37.758431141295056	40.0	37.0	40.0	33.0	40.0
58	37.6827273404857	40.0	37.0	40.0	33.0	40.0
59	37.61682077723168	40.0	37.0	40.0	33.0	40.0
60	37.53574795140366	40.0	37.0	40.0	33.0	40.0
61	37.47451475997773	40.0	37.0	40.0	33.0	40.0
62	37.36205716047813	37.0	37.0	40.0	33.0	40.0
63	37.26148120055711	37.0	37.0	40.0	33.0	40.0
64	37.16444890675763	37.0	37.0	40.0	33.0	40.0
65	37.050564560562016	37.0	37.0	40.0	33.0	40.0
66	36.95490347811981	37.0	37.0	40.0	33.0	40.0
67	36.836157962963775	37.0	37.0	40.0	33.0	40.0
68	36.723518046792904	37.0	37.0	40.0	33.0	40.0
69	36.57265666445987	37.0	37.0	40.0	33.0	40.0
70	36.46369742593705	37.0	37.0	40.0	33.0	40.0
71	36.33994130791569	37.0	37.0	40.0	33.0	40.0
72	36.19697873142672	37.0	37.0	37.0	33.0	40.0
73	36.06565592350153	37.0	37.0	37.0	33.0	40.0
74	35.88695087606997	37.0	37.0	37.0	33.0	40.0
75	35.75447132549701	37.0	37.0	37.0	33.0	40.0
76	34.15282265666446	37.0	33.0	37.0	27.0	37.0
77	34.780553570410774	37.0	33.0	37.0	33.0	37.0
78	35.204933072609535	37.0	33.0	37.0	33.0	37.0
79	35.338575577019476	37.0	33.0	37.0	33.0	37.0
80	35.315267906858466	37.0	33.0	37.0	33.0	37.0
81	35.24137886938819	37.0	33.0	37.0	33.0	37.0
82	35.14957493544017	37.0	33.0	37.0	33.0	37.0
83	35.05568111900784	37.0	33.0	37.0	33.0	37.0
84	34.9813942000646	37.0	33.0	37.0	33.0	37.0
85	34.894487606119995	37.0	33.0	37.0	33.0	37.0
86	34.81110458327305	37.0	33.0	37.0	33.0	37.0
87	34.72105037785952	37.0	33.0	37.0	33.0	37.0
88	34.62155845313621	37.0	33.0	37.0	33.0	37.0
89	34.55687220587827	37.0	33.0	37.0	33.0	37.0
90	34.49629155468258	37.0	33.0	37.0	33.0	37.0
91	34.407985981711334	37.0	33.0	37.0	33.0	37.0
92	34.33864609228512	37.0	33.0	37.0	33.0	37.0
93	34.29657405418203	37.0	33.0	37.0	33.0	37.0
94	34.230428542825784	37.0	33.0	37.0	33.0	37.0
95	34.1563327092915	37.0	33.0	37.0	33.0	37.0
96	34.07526901756524	37.0	33.0	37.0	33.0	37.0
97	33.97725243295935	37.0	33.0	37.0	33.0	37.0
98	33.88143132105418	37.0	33.0	37.0	27.0	37.0
99	33.80363361875575	37.0	33.0	37.0	27.0	37.0
100	33.71370692540289	37.0	33.0	37.0	27.0	37.0
101	32.70963275065071	33.0	33.0	37.0	27.0	37.0
>>END_MODULE
>>Per sequence quality scores	pass
#Quality	Count
3	2.0
4	1.0
5	0.0
6	3.0
7	16.0
8	46.0
9	119.0
10	222.0
11	285.0
12	380.0
13	515.0
14	641.0
15	807.0
16	937.0
17	1120.0
18	1361.0
19	1601.0
20	1994.0
21	2197.0
22	2807.0
23	3571.0
24	4745.0
25	6398.0
26	8705.0
27	12101.0
28	16564.0
29	22387.0
30	30426.0
31	41338.0
32	56806.0
33	80183.0
34	114497.0
35	174715.0
36	314575.0
37	839102.0
38	992806.0
39	3023.0
>>END_MODULE
>>Per base sequence content	fail
#Base	G	A	T	C
1	914357	782207	431414	607986
2	324986	647454	1239420	525136
3	344093	917184	921060	554408
4	271363	576370	1276649	612448
5	262944	1110311	1103532	260209
6	606369	1273191	580711	276722
7	555773	954751	856784	369688
8	506391	1139263	679000	412340
9	581308	507332	759802	888554
10	349202	832151	1024011	531632
11	741637	793603	796755	405001
12	474433	789774	988972	483817
13	610448	713335	866607	546606
14	477880	672056	878737	708323
15	534499	934752	731651	536094
16	506489	936277	802053	492174
17	479790	891510	878143	487553
18	489627	898134	867962	481273
19	505727	877666	868446	485157
20	507704	870716	858859	499717
21	502576	864428	867500	502492
22	509272	855797	864935	506992
23	503297	861474	862136	510084
24	501904	868723	860988	505373
25	510237	858567	860785	507398
26	505061	861363	859692	510877
27	508028	869118	854268	505568
28	513449	860413	856721	506387
29	507024	861605	854552	513795
30	509241	867705	855574	504455
31	513985	858253	855619	509118
32	507485	861729	855360	512396
33	508670	863991	853595	510654
34	511310	858352	857573	509705
35	508626	857028	860363	510971
36	509924	860878	856294	509900
37	513160	857046	859863	506927
38	509971	857576	858590	510859
39	513283	862319	850719	510663
40	514695	855486	860479	506336
41	510876	857922	854933	513265
42	512091	860555	855561	508789
43	515416	852961	857743	510876
44	511569	853325	855921	516181
45	511363	863061	852184	510388
46	513960	852487	859787	510762
47	508638	855979	857815	514560
48	513914	858832	852465	511785
49	513885	854749	857496	510866
50	507756	855928	855362	517950
51	507778	859638	857922	511658
52	513786	851823	859963	511424
53	508642	855103	855501	517750
54	511791	859103	855185	510917
55	515827	853119	856019	512031
56	513102	852989	855430	515475
57	510982	857988	852452	515574
58	517958	850980	853273	514785
59	507277	851899	856736	521084
60	511194	860930	851312	513560
61	512298	851663	860079	512956
62	511060	855457	852618	517861
63	509060	859020	852084	516832
64	513649	853332	856149	513866
65	510405	855426	851306	519859
66	511572	855452	853321	516499
67	513159	852165	857377	514213
68	511464	851704	851055	522608
69	514834	859379	848588	513990
70	515106	852905	854255	514718
71	508306	851667	856294	520664
72	510024	857209	853052	516596
73	519047	847350	855639	514926
74	509637	852490	853713	520996
75	513290	856100	851443	516111
76	517681	851136	851202	516948
77	511835	853258	850214	521689
78	510181	857059	850205	519421
79	514094	852602	854528	515765
80	512691	851953	850308	521903
81	510692	854847	851314	520100
82	514197	852756	852794	517129
83	510230	850643	853287	522835
84	508995	858148	851415	518368
85	516170	847482	855639	517403
86	510002	852541	850459	523908
87	513455	855451	848460	519358
88	516792	848673	853813	517030
89	508443	850415	852870	524369
90	509479	853714	851050	521830
91	514825	847643	853436	519800
92	512832	848935	849814	524483
93	509967	855440	850614	520359
94	513360	847917	854864	519922
95	508653	848825	853134	525265
96	512839	856799	851070	515542
97	518549	847951	847703	521884
98	513767	848989	849575	524031
99	511232	856206	846407	522271
100	515978	846625	852479	521269
101	512336	848568	851447	524325
>>END_MODULE
>>Per base GC content	fail
#Base	%GC
1	55.64192365104219
2	31.06040344962141
3	32.83100910022673
4	32.29323706624087
5	19.11413096694332
6	32.26500761967605
7	33.81301982173156
8	33.567154330626956
9	53.70347636605972
10	32.182509583499574
11	41.89403272785199
12	35.011012073090356
13	42.27459594387423
14	43.339595673504824
15	39.1156216523517
16	36.48759788570888
17	35.34323762256138
18	35.473197622502916
19	36.20334118135357
20	36.807543745040185
21	36.72157357920874
22	37.13063519274416
23	37.02536836986311
24	36.80239007259075
25	37.180848867751294
26	37.11876500962918
27	37.03334548784026
28	37.261497203111475
29	37.29733106903385
30	37.03709387188411
31	37.38079449026754
32	37.26314135704813
33	37.24360684129182
34	37.304982937148786
35	37.252519923361014
36	37.26070480190691
37	37.270313876965844
38	37.297460427417505
39	37.41147189753393
40	37.30480424523821
41	37.41843247122027
42	37.29928724777091
43	37.49702228282394
44	37.55029236432936
45	37.3311104583273
46	37.43966012372689
47	37.384033274485276
48	37.47535619343251
49	37.44071967953187
50	37.47561194828199
51	37.246528675964456
52	37.457489890376166
53	37.500675923530764
54	37.36607579989156
55	37.55423829629272
56	37.58050797297475
57	37.50666789428995
58	37.73271864482082
59	37.57261610904802
60	37.44082928875307
61	37.459097492287164
62	37.59307649700621
63	37.48240771999667
64	37.54170630866834
65	37.642144891698784
66	37.564106686387674
67	37.53760622365189
68	37.78355331403364
69	37.59234811865429
70	37.6262338398763
71	37.595759630038174
72	37.51058230153229
73	37.778127719712586
74	37.65782823669376
75	37.61132854746023
76	37.80202684212122
77	37.76125357874107
78	37.61974462761421
79	37.627443880848624
80	37.80229496995639
81	37.66202780975779
82	37.68259870012379
83	37.7444971583799
84	37.53711280465748
85	37.76721109484655
86	37.77654362036019
87	37.7390266610736
88	37.78163861670543
89	37.747638332997695
90	37.69303669894772
91	37.8193327933139
92	37.91267309536619
93	37.652884467800526
94	37.7652853753733
95	37.79109952676966
96	37.58359068067611
97	38.02631275979163
98	37.92619543759196
99	37.772630984943625
100	37.90621159346882
101	37.88029711957133
>>END_MODULE
>>Per sequence GC content	pass
#GC Content	Count
0	0.0
1	0.0
2	0.0
3	0.0
4	0.0
5	0.0
6	4.0
7	8.5
8	11.0
9	23.5
10	39.5
11	51.0
12	97.0
13	240.5
14	428.0
15	590.0
16	781.0
17	1043.5
18	1465.5
19	2290.0
20	3486.5
21	5231.0
22	7752.5
23	11098.0
24	16393.5
25	23688.5
26	33560.5
27	46041.5
28	61296.0
29	78248.0
30	96478.0
31	115676.0
32	133162.0
33	148569.5
34	161674.5
35	170268.0
36	173623.0
37	172979.5
38	167124.0
39	158263.0
40	146208.5
41	130846.5
42	116572.5
43	101833.5
44	86224.0
45	71821.5
46	60001.0
47	50063.0
48	40809.5
49	32914.5
50	26558.5
51	20620.5
52	15571.0
53	11559.5
54	8402.0
55	6497.5
56	4942.0
57	3794.5
58	2792.5
59	1880.0
60	1203.5
61	1035.5
62	950.5
63	737.5
64	493.5
65	327.0
66	214.5
67	116.5
68	65.5
69	43.5
70	36.0
71	30.0
72	19.0
73	17.5
74	11.0
75	12.5
76	16.0
77	12.5
78	12.0
79	10.0
80	8.0
81	5.0
82	4.0
83	6.5
84	3.5
85	1.5
86	2.5
87	1.5
88	0.5
89	0.0
90	0.0
91	0.0
92	0.0
93	0.0
94	0.0
95	0.0
96	0.0
97	0.0
98	0.0
99	0.0
100	0.0
>>END_MODULE
>>Per base N content	pass
#Base	N-Count
1	0.03770557209436916
2	0.0
3	0.00917063817411498
4	0.006065043573319069
5	0.0
6	1.0960922120456149E-4
7	0.0
8	7.307281413637433E-5
9	0.0
10	0.0
11	0.0
12	0.0
13	0.0
14	0.0
15	0.0
16	1.0960922120456149E-4
17	0.0
18	0.0
19	0.0
20	0.0
21	0.0
22	0.0
23	1.8268203534093584E-4
24	2.922912565454973E-4
25	3.2882766361368447E-4
26	1.0960922120456149E-4
27	5.115096989546204E-4
28	9.499465837728663E-4
29	7.307281413637433E-4
30	7.672645484319305E-4
31	7.672645484319305E-4
32	9.499465837728663E-4
33	0.0031421310078640964
34	0.0020460387958184814
35	2.922912565454973E-4
36	0.0
37	0.0
38	0.0
39	4.3843688481824596E-4
40	0.0
41	0.0
42	0.0
43	0.0
44	0.0
45	0.0
46	0.0
47	1.4614562827274866E-4
48	0.0
49	0.0
50	0.0
51	0.0
52	0.0
53	0.0
54	0.0
55	0.0
56	0.0
57	0.0
58	0.0
59	0.0
60	0.0
61	0.0
62	0.0
63	0.0
64	0.0
65	0.0
66	0.005553533874364449
67	0.0029959853795913476
68	0.006028507166250883
69	0.007489963448978369
70	4.3843688481824596E-4
71	0.0023748664594321657
72	0.004201686812841525
73	0.0012422378403183637
74	0.005845825130909947
75	0.0018998931675457327
76	0.0010595558049774278
77	0.0
78	0.004749732918864331
79	2.557548494773102E-4
80	0.005151633396614391
81	0.0015710655039320482
82	0.00438436884818246
83	3.6536407068187166E-5
84	0.0025575484947731016
85	0.011033994934592523
86	0.0031421310078640964
87	0.00993790272254691
88	0.02513704806291277
89	0.03284622995430026
90	0.033723103723936755
91	0.04720503793209782
92	0.03405193138755044
93	0.022506426754003293
94	0.034088467794618625
95	0.04088423950930144
96	0.027256159672867625
97	0.03321159402498213
98	0.023164082081230664
99	0.0321520382200047
100	0.023565982558980722
101	0.011691650261819894
>>END_MODULE
>>Sequence Length Distribution	pass
#Length	Count
101	2736996.0
>>END_MODULE
>>Sequence Duplication Levels	warn
#Total Duplicate Percentage	40.91444655364273
#Duplication Level	Relative count
1	100.0
2	30.79345735967904
3	11.842115675273599
4	5.225091199721455
5	2.5338091809038468
6	1.4702740343908016
7	0.9598721225597645
8	0.6385958803839489
9	0.5080279494504277
10++	4.292915304935468
>>END_MODULE
>>Overrepresented sequences	pass
>>END_MODULE
>>Kmer Content	warn
#Sequence	Count	Obs/Exp Overall	Obs/Exp Max	Max Obs/Exp Position
ACACC	211395	1.2451376	5.4283185	6
ATACC	325675	1.149003	5.9677987	6
ATATA	848650	1.0761768	5.9870787	1
GTATT	489945	1.040765	6.767351	1
AATAC	476990	1.0098343	5.771042	5
ATACA	455875	0.9651318	5.144042	6
TAATA	746075	0.9461009	5.394823	4
TATTA	733010	0.9278437	6.193712	2
ATACT	421760	0.8912842	6.150068	6
TATAC	413955	0.8747903	7.267893	5
GTATA	391505	0.8331684	7.797084	1
TATAA	631465	0.8007635	5.337606	2
>>END_MODULE
