##FastQC	0.8.0
>>Basic Statistics	pass
#Measure	Value	
Filename	8_140619_BC47HDACXX_P1260_1017_2.fastq.gz	
File type	Conventional base calls	
Total Sequences	2738771	
Sequence length	101	
%GC	39	
>>END_MODULE
>>Per base sequence quality	pass
#Base	Mean	Median	Lower Quartile	Upper Quartile	10th Percentile	90th Percentile
1	32.177240448361694	33.0	33.0	33.0	33.0	33.0
2	32.17420624068241	33.0	33.0	33.0	33.0	33.0
3	32.16242139266116	33.0	33.0	33.0	33.0	33.0
4	36.027571491008196	37.0	37.0	37.0	37.0	37.0
5	36.054159329129746	37.0	37.0	37.0	37.0	37.0
6	36.10753326948474	37.0	37.0	37.0	37.0	37.0
7	36.07571060158005	37.0	37.0	37.0	37.0	37.0
8	36.100879555099716	37.0	37.0	37.0	37.0	37.0
9	36.1194681848172	37.0	37.0	37.0	37.0	37.0
10	36.087174137596755	37.0	37.0	37.0	37.0	37.0
11	36.1254106312649	37.0	37.0	37.0	37.0	37.0
12	36.08840753754147	37.0	37.0	37.0	37.0	37.0
13	36.095100320545235	37.0	37.0	37.0	37.0	37.0
14	38.16496012262434	40.0	37.0	40.0	37.0	40.0
15	38.18505636287225	40.0	37.0	40.0	37.0	40.0
16	38.175111391204304	40.0	37.0	40.0	37.0	40.0
17	38.13280884016955	40.0	37.0	40.0	37.0	40.0
18	38.13148415840536	40.0	37.0	40.0	37.0	40.0
19	38.16661487944775	40.0	37.0	40.0	37.0	40.0
20	38.131415149349834	40.0	37.0	40.0	37.0	40.0
21	38.091294964055045	40.0	37.0	40.0	37.0	40.0
22	38.03350809541944	40.0	37.0	40.0	37.0	40.0
23	38.001388213910545	40.0	37.0	40.0	37.0	40.0
24	37.957792747184776	40.0	37.0	40.0	37.0	40.0
25	37.89681466614039	40.0	37.0	40.0	33.0	40.0
26	37.84594184763896	40.0	37.0	40.0	33.0	40.0
27	37.82207822413776	40.0	37.0	40.0	33.0	40.0
28	37.787229746481174	40.0	37.0	40.0	33.0	40.0
29	37.73593922237383	40.0	37.0	40.0	33.0	40.0
30	37.728501579723165	40.0	37.0	40.0	33.0	40.0
31	37.68982218666694	40.0	37.0	40.0	33.0	40.0
32	37.69258656528786	40.0	37.0	40.0	33.0	40.0
33	37.68351205705041	40.0	37.0	40.0	33.0	40.0
34	37.664626943983265	40.0	37.0	40.0	33.0	40.0
35	37.65702937558489	40.0	37.0	40.0	33.0	40.0
36	37.62191727603366	40.0	37.0	40.0	33.0	40.0
37	37.60022762034504	40.0	37.0	40.0	33.0	40.0
38	37.56093481346195	40.0	37.0	40.0	33.0	40.0
39	37.52760928168146	40.0	37.0	40.0	33.0	40.0
40	37.50031346176807	40.0	37.0	40.0	33.0	40.0
41	37.406077032362326	40.0	37.0	40.0	33.0	40.0
42	37.38768447599306	40.0	37.0	40.0	33.0	40.0
43	37.3565814739531	40.0	37.0	40.0	33.0	40.0
44	37.31982958779686	40.0	37.0	40.0	33.0	40.0
45	37.274231763079136	40.0	37.0	40.0	33.0	40.0
46	37.212345975621915	40.0	37.0	40.0	33.0	40.0
47	37.12098528865685	40.0	37.0	40.0	33.0	40.0
48	37.05361382897657	40.0	37.0	40.0	33.0	40.0
49	36.97153869381558	40.0	37.0	40.0	33.0	40.0
50	36.84986075871257	40.0	37.0	40.0	33.0	40.0
51	35.28233576301195	37.0	37.0	37.0	33.0	40.0
52	35.78456176146162	37.0	37.0	40.0	33.0	40.0
53	36.28898984252426	37.0	37.0	40.0	33.0	40.0
54	36.48317110119831	37.0	37.0	40.0	33.0	40.0
55	36.50823343755283	37.0	37.0	40.0	33.0	40.0
56	36.46722343708181	37.0	37.0	40.0	33.0	40.0
57	36.66932175052241	37.0	37.0	40.0	33.0	40.0
58	36.701799821890916	40.0	37.0	40.0	33.0	40.0
59	36.66953096845264	37.0	37.0	40.0	33.0	40.0
60	36.59257601310953	37.0	37.0	40.0	33.0	40.0
61	36.511259612432	37.0	37.0	40.0	33.0	40.0
62	36.394825635294076	37.0	37.0	40.0	33.0	40.0
63	36.28513592410611	37.0	37.0	40.0	33.0	40.0
64	36.162117241638676	37.0	37.0	40.0	33.0	40.0
65	36.05711174829878	37.0	37.0	40.0	33.0	40.0
66	36.08910456551497	37.0	37.0	40.0	33.0	40.0
67	35.998616897871344	37.0	37.0	40.0	33.0	40.0
68	35.88646294268488	37.0	37.0	40.0	33.0	40.0
69	35.74476033228043	37.0	37.0	40.0	33.0	40.0
70	35.603477983372834	37.0	37.0	40.0	33.0	40.0
71	35.44330139321615	37.0	37.0	37.0	33.0	40.0
72	35.30021604581033	37.0	37.0	37.0	33.0	40.0
73	35.129902792164806	37.0	37.0	37.0	33.0	40.0
74	34.98448866298059	37.0	37.0	37.0	33.0	40.0
75	34.81730637574299	37.0	33.0	37.0	33.0	40.0
76	34.63965734995733	37.0	33.0	37.0	33.0	37.0
77	34.47564436749184	37.0	33.0	37.0	27.0	37.0
78	34.3295996634987	37.0	33.0	37.0	27.0	37.0
79	34.20993577046055	37.0	33.0	37.0	27.0	37.0
80	34.14247010794258	37.0	33.0	37.0	27.0	37.0
81	34.04854440185032	37.0	33.0	37.0	27.0	37.0
82	33.963166690460795	37.0	33.0	37.0	27.0	37.0
83	33.89303961521427	37.0	33.0	37.0	27.0	37.0
84	33.829520978570315	37.0	33.0	37.0	27.0	37.0
85	33.76925160957232	37.0	33.0	37.0	27.0	37.0
86	33.68084078588535	37.0	33.0	37.0	27.0	37.0
87	33.621748222104	37.0	33.0	37.0	27.0	37.0
88	33.574713621547765	37.0	33.0	37.0	27.0	37.0
89	33.52779732222957	37.0	33.0	37.0	27.0	37.0
90	33.445774400269315	37.0	33.0	37.0	27.0	37.0
91	33.393894560735454	37.0	33.0	37.0	27.0	37.0
92	33.32158585000352	37.0	33.0	37.0	27.0	37.0
93	33.25289628085006	37.0	33.0	37.0	27.0	37.0
94	33.20729516998683	37.0	33.0	37.0	27.0	37.0
95	33.1410807986502	37.0	33.0	37.0	27.0	37.0
96	33.05927549254757	37.0	33.0	37.0	27.0	37.0
97	32.982521357207304	37.0	33.0	37.0	27.0	37.0
98	32.9052195309502	37.0	33.0	37.0	27.0	37.0
99	32.8222377847582	37.0	33.0	37.0	27.0	37.0
100	32.719083851844495	37.0	33.0	37.0	27.0	37.0
101	31.956664869023367	33.0	33.0	37.0	22.0	37.0
>>END_MODULE
>>Per sequence quality scores	pass
#Quality	Count
2	14127.0
3	2920.0
4	2419.0
5	3285.0
6	2521.0
7	2132.0
8	2379.0
9	2928.0
10	3647.0
11	3738.0
12	3475.0
13	3239.0
14	3278.0
15	3600.0
16	3904.0
17	4183.0
18	4407.0
19	4528.0
20	4906.0
21	5329.0
22	6085.0
23	7176.0
24	8400.0
25	10313.0
26	12916.0
27	15694.0
28	19212.0
29	24335.0
30	30974.0
31	40441.0
32	54754.0
33	76937.0
34	112008.0
35	172498.0
36	330056.0
37	911298.0
38	823466.0
39	1263.0
>>END_MODULE
>>Per base sequence content	fail
#Base	G	A	T	C
1	1001612	688905	414783	622633
2	357449	612729	1218331	539982
3	410406	837929	899947	580058
4	313302	542949	1206048	667333
5	301088	1075269	1064065	291136
6	671191	1184369	567552	311925
7	587335	936883	794894	417421
8	541709	1094780	662124	439088
9	621349	508699	708139	900038
10	381389	806481	993195	557234
11	781642	753348	773009	430381
12	503676	749686	964395	520602
13	646541	681503	834393	576097
14	508230	657977	839517	732869
15	560209	899097	713255	566021
16	537793	901918	779255	519696
17	507024	875776	844593	511212
18	513922	873617	847460	503574
19	530850	859977	841593	506117
20	528477	846563	841586	521541
21	532739	838674	838331	527357
22	537886	829070	837209	531674
23	527196	836336	838837	532725
24	533405	841376	829647	528807
25	532228	831360	836311	531879
26	526194	837516	832779	533732
27	532292	841147	829266	526374
28	531905	833557	834471	528672
29	529777	840495	830214	528597
30	536633	840555	827289	525452
31	539501	831795	829393	530662
32	528843	832363	829621	541213
33	534929	835807	827294	536157
34	539060	828638	833877	534327
35	536769	834998	830296	535251
36	540390	836711	833204	527498
37	536772	836094	833261	532079
38	534614	835875	831633	536255
39	535907	839629	832842	530024
40	538350	832205	835894	532065
41	536415	835168	837185	529868
42	534686	836966	835202	531753
43	541464	828558	830801	537745
44	537924	827843	830474	542176
45	538606	836723	826769	536234
46	539613	831515	831557	535284
47	532594	834110	831586	538567
48	531733	837345	830320	536450
49	534495	830090	838098	532055
50	528683	831720	833621	539414
51	534447	834080	831746	532464
52	538011	826255	831432	535834
53	531634	831959	828344	537968
54	538769	831444	826050	532777
55	534500	827622	832520	534136
56	534039	823756	828645	542711
57	534396	832280	828040	534803
58	535013	824984	831250	539541
59	535970	823705	831848	539742
60	531159	832343	831854	536488
61	537036	823347	832508	539432
62	537205	825546	831792	538996
63	532811	832762	832275	537084
64	539076	823976	832516	541081
65	533613	826582	833332	543663
66	536902	829976	828339	542189
67	538874	827617	830315	540742
68	530277	829434	830170	547711
69	543082	830548	823748	540154
70	540024	824104	831452	542108
71	535066	828132	833529	539853
72	535738	831385	829754	538696
73	540464	824126	828461	541176
74	532587	826898	828588	544077
75	537231	828978	827602	535757
76	539496	822904	826388	538729
77	533360	824531	829421	538315
78	537713	826300	822629	538180
79	535423	824179	827223	538726
80	534426	821007	827390	545464
81	538209	829974	823400	538233
82	539490	821209	828163	541609
83	536068	823072	828925	544080
84	534879	830653	827007	541237
85	540030	818802	831070	544431
86	538840	825219	828559	542275
87	537691	830146	827306	540199
88	544004	820107	829790	542314
89	534517	824631	830184	547568
90	538310	825847	828214	544483
91	543028	821137	832409	540987
92	539252	825294	828798	544297
93	540712	830186	822388	544564
94	541584	822547	833056	540739
95	541122	821338	826426	549125
96	544380	826390	825244	542051
97	540320	821076	825177	550942
98	542871	821443	824010	549606
99	542968	823996	825118	545729
100	546869	820165	827519	542247
101	543184	822095	821986	547597
>>END_MODULE
>>Per base GC content	fail
#Base	%GC
1	59.54123506699028
2	32.89111087410587
3	36.30280683492526
4	35.92553868067198
5	21.680813660189532
6	35.94525412270474
7	36.71638529482378
8	35.825570433002
9	55.56106601904518
10	34.277593498737716
11	44.26058472527553
12	37.40481069136662
13	44.64571190279179
14	45.31885533921981
15	41.12456738560321
16	38.61334476470627
17	37.180827465078025
18	37.154240547905786
19	37.86572903707344
20	38.34747844086939
21	38.730613156036256
22	39.094405774608816
23	38.7526351927941
24	38.86281274753177
25	38.95290905776385
26	38.82198547297087
27	38.7920613511005
28	38.868835906992764
29	38.78130492916485
30	38.90522427506357
31	39.180720456653134
32	39.16692288546288
33	39.17383851214274
34	39.233386283573026
35	39.163208897481255
36	39.00529000808312
37	39.03471835208892
38	39.10597408611013
39	38.9252929263125
40	39.08743939231277
41	38.934820107527976
42	38.94092872763416
43	39.40778538272557
44	39.44249542710259
45	39.25163201540208
46	39.25891783289
47	39.13836199699144
48	39.04394542386858
49	39.00007971513176
50	39.075223217062174
51	39.041847056632236
52	39.312920368496506
53	39.18092387830346
54	39.264576554392754
55	39.16170534942747
56	39.45366159659176
57	39.17170021531266
58	39.34959432954883
59	39.38512008172037
60	39.08155077669149
61	39.3975382851881
62	39.370244946203435
63	39.119619793106374
64	39.47005991634294
65	39.35700481150377
66	39.42020292203641
67	39.43733589328844
68	39.37723371488519
69	39.56980228906913
70	39.52722150953652
71	39.27964832016605
72	39.27637829441949
73	39.559261173267615
74	39.40720677854437
75	39.30981019707148
76	39.53137597309201
77	39.31847607908199
78	39.48489112316327
79	39.410343082921585
80	39.58124640113009
81	39.43276762975966
82	39.59386494125006
83	39.534797750485424
84	39.363722558102786
85	39.66089719138086
86	39.5304313550841
87	39.40604136521137
88	39.70148544613636
89	39.53688479666776
90	39.56341843591218
91	39.59783909837991
92	39.579660006553084
93	39.63971729641872
94	39.53076160568255
95	39.81894156013252
96	39.6787877570474
97	39.863233626117115
98	39.90156797288462
99	39.765235803348006
100	39.79523531131248
101	39.884315917951255
>>END_MODULE
>>Per sequence GC content	pass
#GC Content	Count
0	91.0
1	47.0
2	66.0
3	88.5
4	91.5
5	109.5
6	131.0
7	155.5
8	187.5
9	219.0
10	261.5
11	296.0
12	330.5
13	410.0
14	520.0
15	618.5
16	769.0
17	985.5
18	1219.5
19	1607.5
20	2345.0
21	3310.5
22	4475.5
23	6274.5
24	9071.0
25	13025.5
26	18633.5
27	25696.0
28	34499.5
29	45746.5
30	60247.0
31	77655.0
32	95804.0
33	113008.0
34	129861.0
35	145663.5
36	158444.0
37	167425.0
38	172060.5
39	171334.5
40	166967.5
41	158881.5
42	147278.5
43	134714.0
44	118464.0
45	101364.0
46	87604.0
47	74581.5
48	61961.0
49	51652.0
50	43880.5
51	34589.0
52	25779.0
53	19200.0
54	13776.5
55	10286.5
56	7263.5
57	5046.5
58	3323.5
59	2628.0
60	1874.5
61	1149.0
62	1048.0
63	714.0
64	403.0
65	308.0
66	209.5
67	147.0
68	118.5
69	106.5
70	84.0
71	69.5
72	63.5
73	51.0
74	40.5
75	37.0
76	33.5
77	32.0
78	28.5
79	21.5
80	18.0
81	14.0
82	11.5
83	10.5
84	11.0
85	10.0
86	10.0
87	10.0
88	6.5
89	5.5
90	5.0
91	3.5
92	4.0
93	4.5
94	3.0
95	2.0
96	2.5
97	2.5
98	1.5
99	3.0
100	2.5
>>END_MODULE
>>Per base N content	pass
#Base	N-Count
1	0.3957249437795273
2	0.37535084167314464
3	0.3808642635693163
4	0.3336898192656487
5	0.2633663055436179
6	0.13633852556493406
7	0.08171548479226631
8	0.039068618734461553
9	0.019935949372912157
10	0.017234007516510143
11	0.014276476565583613
12	0.015043243849157159
13	0.008653516486044288
14	0.006499265546480519
15	0.0069009055521619
16	0.003979887329024588
17	0.006061112813009923
18	0.007229520102264847
19	0.008543978302676638
20	0.022053687584686708
21	0.06097625540799139
22	0.1070553178779825
23	0.13425730008094872
24	0.202134461041102
25	0.2553335054299903
26	0.31218382259780025
27	0.3538813577330854
28	0.37118839070517395
29	0.35373530682192855
30	0.32284553911225145
31	0.2709244401959857
32	0.2457671707492156
33	0.167374344185768
34	0.10475501602726187
35	0.0531990443888883
36	0.03534432049996148
37	0.02062969120090727
38	0.014386014748951263
39	0.013473196554220851
40	0.009383771041828616
41	0.004929218251544215
42	0.00598808735743149
43	0.00741208374121093
44	0.012925505637382607
45	0.016029087499466
46	0.029283207686951557
47	0.0698853609885602
48	0.10672670332787955
49	0.14725583117390975
50	0.1947223772998911
51	0.22031779948013178
52	0.26431563646613754
53	0.3237218445791926
54	0.3553053541168648
55	0.36487168879763954
56	0.3512524413322618
57	0.3378157575058302
58	0.29148110594131454
59	0.27406453478585835
60	0.25292366539590205
61	0.2354340687848674
62	0.19103459179318022
63	0.14017236198280178
64	0.07748000836871721
65	0.05772662263475114
66	0.04983987343228039
67	0.04465506608621166
68	0.04304850606348614
69	0.045239269730839124
70	0.03954328419572137
71	0.07999938658617314
72	0.11676770346991407
73	0.16591383507419935
74	0.2417507706924018
75	0.3360266338441586
76	0.41091423853984144
77	0.4799232940614604
78	0.5093160399317797
79	0.48269826137344085
80	0.3827994381421448
81	0.3269714773524329
82	0.3030556406504961
83	0.2419333343313479
84	0.18238107530713593
85	0.1620434859285424
86	0.14159635836658122
87	0.12520214358922305
88	0.09332653222923712
89	0.0683153136936239
90	0.06999489917192785
91	0.04418040062495185
92	0.04125938240181454
93	0.033628222293868304
94	0.03085325498188786
95	0.027749673119804467
96	0.02577798581918678
97	0.045859986103255805
98	0.030707204070730996
99	0.035052218677647747
100	0.07196658647254553
101	0.14272825292804692
>>END_MODULE
>>Sequence Length Distribution	pass
#Length	Count
101	2738771.0
>>END_MODULE
>>Sequence Duplication Levels	warn
#Total Duplicate Percentage	36.8445277009394
#Duplication Level	Relative count
1	100.0
2	25.75137010261194
3	8.673915578358208
4	3.3392607276119404
5	1.6011252332089552
6	0.9219041511194029
7	0.572090718283582
8	0.4205048973880597
9	0.298798973880597
10++	4.176626632462686
>>END_MODULE
>>Overrepresented sequences	pass
>>END_MODULE
>>Kmer Content	warn
#Sequence	Count	Obs/Exp Overall	Obs/Exp Max	Max Obs/Exp Position
GTCTT	311285	1.089912	5.1125054	1
TACTG	275185	0.968965	5.0670624	7
GTATT	402655	0.91546714	6.221599	1
TATAC	364145	0.8324097	5.871364	5
ATACT	336330	0.76882654	5.0692773	6
GTATA	317965	0.7270077	7.155642	1
GTGTA	206390	0.7268904	5.147648	1
>>END_MODULE
